# Created at Wed Jun 05 17:07:12 GMT+03:00 2024 in Burnaby Canada 
943784610739533 0.000000 0.000000 0.000000 
943784629648335 0.000000 0.000000 0.000000 
943784648557138 0.000000 0.000000 0.000000 
943784667465992 0.000000 0.000000 0.000000 
943784686374794 0.000000 0.000000 0.000000 
943784705283596 0.000000 0.000000 0.000000 
943784724192398 0.000000 0.000000 0.000000 
943784743101200 0.000000 0.000000 0.000000 
943784762010054 0.000000 0.000000 0.000000 
943784780918856 0.000000 0.000000 0.000000 
943784799827658 0.000000 0.000000 0.000000 
943784818736460 0.000000 0.000000 0.000000 
943784837645315 0.000000 0.000000 0.000000 
943784856554117 0.000000 0.000000 0.000000 
943784875462919 0.000000 0.000000 0.000000 
943784894371773 0.000000 0.000000 0.000000 
943784913280575 0.000000 0.000000 0.000000 
943784932189377 0.000000 0.000000 0.000000 
943784951098231 0.000000 0.000000 0.000000 
943784970007033 0.000000 0.000000 0.000000 
943784988915835 0.000000 0.000000 0.000000 
943785007824690 0.000000 0.000000 0.000000 
943785026733492 0.000000 0.000000 0.000000 
943785045642346 0.000000 0.000000 0.000000 
943785064551148 0.000000 0.000000 0.000000 
943785083460002 0.000000 0.000000 0.000000 
943785102368804 0.000000 0.000000 0.000000 
943785121277658 0.000000 0.000000 0.000000 
943785140186460 0.000000 0.000000 0.000000 
943785159095315 0.000000 0.000000 0.000000 
943785178004117 0.000000 0.000000 0.000000 
943785196912971 0.000000 0.000000 0.000000 
943785215821773 0.000000 0.000000 0.000000 
943785234730627 0.000000 0.000000 0.000000 
943785253639481 0.000000 0.000000 0.000000 
943785272548283 0.000000 0.000000 0.000000 
943785291457138 0.000000 0.000000 0.000000 
943785310365940 0.000000 0.000000 0.000000 
943785329274794 0.000000 0.000000 0.000000 
943785348183648 0.000000 0.000000 0.000000 
943785367092502 0.000000 0.000000 0.000000 
943785386001304 0.000000 0.000000 0.000000 
943785404910158 0.000000 0.000000 0.000000 
943785423819013 0.000000 0.000000 0.000000 
943785442727815 0.000000 0.000000 0.000000 
943785461636669 0.000000 0.000000 0.000000 
943785480545523 0.000000 0.000000 0.000000 
943785499454377 0.000000 0.000000 0.000000 
943785518363179 0.000000 0.000000 0.000000 
943785537272033 0.000000 0.000000 0.000000 
943785556180888 0.000000 0.000000 0.000000 
943785575089742 0.000000 0.000000 0.000000 
943785593998596 0.000000 0.000000 0.000000 
943785612907450 0.000000 0.000000 0.000000 
943785631816304 0.000000 0.000000 0.000000 
943785650725158 0.000000 0.000000 0.000000 
943785669633960 0.000000 0.000000 0.000000 
943785688542815 0.000000 0.000000 0.000000 
943785707451669 0.000000 0.000000 0.000000 
943785726360523 0.000000 0.000000 0.000000 
943785745269377 0.000000 0.000000 0.000000 
943785764178231 0.000000 0.000000 0.000000 
943785783087085 0.000000 0.000000 0.000000 
943785801995940 0.000000 0.000000 0.000000 
943785820904794 0.000000 0.000000 0.000000 
943785839813648 0.000000 0.000000 0.000000 
943785858722554 0.000000 0.000000 0.000000 
943785877631408 0.000000 0.000000 0.000000 
943785896540263 0.000000 0.000000 0.000000 
943785915449117 0.000000 0.000000 0.000000 
943785934357971 0.000000 0.000000 0.000000 
943785953266825 0.000000 0.000000 0.000000 
943785972175679 0.000000 0.000000 0.000000 
943785991084533 0.000000 0.000000 0.000000 
943786009993440 0.000000 0.000000 0.000000 
943786028902294 0.000000 0.000000 0.000000 
943786047811148 0.000000 0.000000 0.000000 
943786066720002 0.000000 0.000000 0.000000 
943786085628856 0.000000 0.000000 0.000000 
943786104537710 0.000000 0.000000 0.000000 
943786123446617 0.000000 0.000000 0.000000 
943786142355471 0.000000 0.000000 0.000000 
943786161264325 0.000000 0.000000 0.000000 
943786180173231 0.000000 0.000000 0.000000 
943786199082085 0.000000 0.000000 0.000000 
943786217990940 0.000000 0.000000 0.000000 
943786236899846 0.000000 0.000000 0.000000 
943786255808700 0.000000 0.000000 0.000000 
943786274717554 0.000000 0.000000 0.000000 
943786293626460 0.000000 0.000000 0.000000 
943786312535315 0.000000 0.000000 0.000000 
943786331444169 0.000000 0.000000 0.000000 
943786350353075 0.000000 0.000000 0.000000 
943786369261929 0.000000 0.000000 0.000000 
943786388170835 0.000000 0.000000 0.000000 
943786407079690 0.000000 0.000000 0.000000 
943786425988544 0.000000 0.000000 0.000000 
943786444897450 0.000000 0.000000 0.000000 
943786463806304 0.000000 0.000000 0.000000 
943786482715210 0.000000 0.000000 0.000000 
943786501624065 0.000000 0.000000 0.000000 
943786520532971 0.000000 0.000000 0.000000 
943786539441825 0.000000 0.000000 0.000000 
943786558350731 0.000000 0.000000 0.000000 
943786577259638 0.000000 0.000000 0.000000 
943786596168492 0.000000 0.000000 0.000000 
943786615077398 0.000000 0.000000 0.000000 
943786633986252 0.000000 0.000000 0.000000 
943786652895158 0.000000 0.000000 0.000000 
943786671804013 0.000000 0.000000 0.000000 
943786690712919 0.000000 0.000000 0.000000 
943786709621825 0.000000 0.000000 0.000000 
943786728530679 0.000000 0.000000 0.000000 
943786747439585 0.000000 0.000000 0.000000 
943786766348492 0.000000 0.000000 0.000000 
943786785257346 0.000000 0.000000 0.000000 
943786804166252 0.000000 0.000000 0.000000 
943786823075158 0.000000 0.000000 0.000000 
943786841984013 0.000000 0.000000 0.000000 
943786860892919 0.000000 0.000000 0.000000 
943786879801825 0.000000 0.000000 0.000000 
943786898710731 0.000000 0.000000 0.000000 
943786917619585 0.000000 0.000000 0.000000 
943786936528492 0.000000 0.000000 0.000000 
943786955437398 0.000000 0.000000 0.000000 
943786974346304 0.000000 0.000000 0.000000 
943786993255158 0.000000 0.000000 0.000000 
943787012164065 0.000000 0.000000 0.000000 
943787031072971 0.000000 0.000000 0.000000 
943787049981877 0.000000 0.000000 0.000000 
943787068890783 0.000000 0.000000 0.000000 
943787087799638 0.000000 0.000000 0.000000 
943787106708544 0.000000 0.000000 0.000000 
943787125617450 0.000000 0.000000 0.000000 
943787144526356 0.000000 0.000000 0.000000 
943787163435263 0.000000 0.000000 0.000000 
943787182344169 0.000000 0.000000 0.000000 
943787201253075 0.000000 0.000000 0.000000 
943787220161981 0.000000 0.000000 0.000000 
943787239070888 0.000000 0.000000 0.000000 
943787257979794 0.000000 0.000000 0.000000 
943787276888700 0.000000 0.000000 0.000000 
943787295797554 0.000000 0.000000 0.000000 
943787314706513 0.000000 0.000000 0.000000 
943787333615419 0.000000 0.000000 0.000000 
943787352524273 0.000000 0.000000 0.000000 
943787371433231 0.000000 0.000000 0.000000 
943787390342138 0.000000 0.000000 0.000000 
943787409251044 0.000000 0.000000 0.000000 
943787428159950 0.000000 0.000000 0.000000 
943787447068856 0.000000 0.000000 0.000000 
943787465977763 0.000000 0.000000 0.000000 
943787484886669 0.000000 0.000000 0.000000 
943787503795575 0.000000 0.000000 0.000000 
943787522704481 0.000000 0.000000 0.000000 
943787541613388 0.000000 0.000000 0.000000 
943787560522294 0.000000 0.000000 0.000000 
943787579431252 0.000000 0.000000 0.000000 
943787598340158 0.000000 0.000000 0.000000 
943787617249065 0.000000 0.000000 0.000000 
943787636157971 0.000000 0.000000 0.000000 
943787655066877 0.000000 0.000000 0.000000 
943787673975783 0.000000 0.000000 0.000000 
943787692884690 0.000000 0.000000 0.000000 
943787711793648 0.000000 0.000000 0.000000 
943787730702554 0.000000 0.000000 0.000000 
943787749611460 0.000000 0.000000 0.000000 
943787768520367 0.000000 0.000000 0.000000 
943787787429325 0.000000 0.000000 0.000000 
943787806338231 0.000000 0.000000 0.000000 
943787825247138 0.000000 0.000000 0.000000 
943787844156044 0.000000 0.000000 0.000000 
943787863065002 0.000000 0.000000 0.000000 
943787881973908 0.000000 0.000000 0.000000 
943787900882815 0.000000 0.000000 0.000000 
943787919791721 0.000000 0.000000 0.000000 
943787938700679 0.000000 0.000000 0.000000 
943787957609585 0.000000 0.000000 0.000000 
943787976518492 0.000000 0.000000 0.000000 
943787995427450 0.000000 0.000000 0.000000 
943788014336356 0.000000 0.000000 0.000000 
943788033245315 0.000000 0.000000 0.000000 
943788052154221 0.000000 0.000000 0.000000 
943788071063127 0.000000 0.000000 0.000000 
943788089972085 0.000000 0.000000 0.000000 
943788108880992 0.000000 0.000000 0.000000 
943788127789898 0.000000 0.000000 0.000000 
943788146698856 0.000000 0.000000 0.000000 
943788165607763 0.000000 0.000000 0.000000 
943788184516721 0.000000 0.000000 0.000000 
943788203425627 0.000000 0.000000 0.000000 
943788222334585 0.000000 0.000000 0.000000 
943788241243492 0.000000 0.000000 0.000000 
943788260152398 0.000000 0.000000 0.000000 
943788279061356 0.000000 0.000000 0.000000 
943788297970263 0.000000 0.000000 0.000000 
943788316879221 0.000000 0.000000 0.000000 
943788335788127 0.000000 0.000000 0.000000 
943788354697085 0.000000 0.000000 0.000000 
943788373605992 0.000000 0.000000 0.000000 
943788392514950 0.000000 0.000000 0.000000 
943788411423856 0.000000 0.000000 0.000000 
943788430332815 0.000000 0.000000 0.000000 
943788449241721 0.000000 0.000000 0.000000 
943788468150679 0.000000 0.000000 0.000000 
943788487059638 0.000000 0.000000 0.000000 
943788505968544 0.000000 0.000000 0.000000 
943788524877502 0.000000 0.000000 0.000000 
943788543786408 0.000000 0.000000 0.000000 
943788562695367 0.000000 0.000000 0.000000 
943788581604273 0.000000 0.000000 0.000000 
943788600513231 0.000000 0.000000 0.000000 
943788619422190 0.000000 0.000000 0.000000 
943788638331096 0.000000 0.000000 0.000000 
943788657240054 0.000000 0.000000 0.000000 
943788676149013 0.000000 0.000000 0.000000 
943788695057919 0.000000 0.000000 0.000000 
943788713966877 0.000000 0.000000 0.000000 
943788732875835 0.000000 0.000000 0.000000 
943788751784742 0.000000 0.000000 0.000000 
943788770693700 0.000000 0.000000 0.000000 
943788789602658 0.000000 0.000000 0.000000 
943788808511565 0.000000 0.000000 0.000000 
943788827420523 0.000000 0.000000 0.000000 
943788846329481 0.000000 0.000000 0.000000 
943788865238388 0.000000 0.000000 0.000000 
943788884147346 0.000000 0.000000 0.000000 
943788903056304 0.000000 0.000000 0.000000 
943788921965263 0.000000 0.000000 0.000000 
943788940874169 0.000000 0.000000 0.000000 
943788959783127 0.000000 0.000000 0.000000 
943788978692085 0.000000 0.000000 0.000000 
943788997601044 0.000000 0.000000 0.000000 
943789016509950 0.000000 0.000000 0.000000 
943789035418908 0.000000 0.000000 0.000000 
943789054327867 0.000000 0.000000 0.000000 
943789073236825 0.000000 0.000000 0.000000 
943789092145731 0.000000 0.000000 0.000000 
943789111054690 0.000000 0.000000 0.000000 
943789129963648 0.000000 0.000000 0.000000 
943789148872606 0.000000 0.000000 0.000000 
943789167781565 0.000000 0.000000 0.000000 
943789186690523 0.000000 0.000000 0.000000 
943789205599429 0.000000 0.000000 0.000000 
943789224508388 0.000000 0.000000 0.000000 
943789243417346 0.000000 0.000000 0.000000 
943789262326304 0.000000 0.000000 0.000000 
943789281235263 0.000000 0.000000 0.000000 
943789300144221 0.000000 0.000000 0.000000 
943789319053179 0.000000 0.000000 0.000000 
943789337962085 0.000000 0.000000 0.000000 
943789356871044 0.000000 0.000000 0.000000 
943789375780002 0.000000 0.000000 0.000000 
943789394688960 0.000000 0.000000 0.000000 
943789413597919 0.000000 0.000000 0.000000 
943789432506877 0.000000 0.000000 0.000000 
943789451415835 0.000000 0.000000 0.000000 
943789470324794 0.000000 0.000000 0.000000 
943789489233752 0.000000 0.000000 0.000000 
943789508142710 0.000000 0.000000 0.000000 
943789527051669 0.000000 0.000000 0.000000 
943789545960575 0.000000 0.000000 0.000000 
943789564869533 0.000000 0.000000 0.000000 
943789583778492 0.000000 0.000000 0.000000 
943789602687450 0.000000 0.000000 0.000000 
943789621596408 0.000000 0.000000 0.000000 
943789640505367 0.000000 0.000000 0.000000 
943789659414325 0.000000 0.000000 0.000000 
943789678323283 0.000000 0.000000 0.000000 
943789697232242 0.000000 0.000000 0.000000 
943789716141200 0.000000 0.000000 0.000000 
943789735050158 0.000000 0.000000 0.000000 
943789753959117 0.000000 0.000000 0.000000 
943789772868075 0.000000 0.000000 0.000000 
943789791777033 0.000000 0.000000 0.000000 
943789810685992 0.000000 0.000000 0.000000 
943789829594950 0.000000 0.000000 0.000000 
943789848503960 0.000000 0.000000 0.000000 
943789867412919 0.000000 0.000000 0.000000 
943789886321877 0.000000 0.000000 0.000000 
943789905230835 0.000000 0.000000 0.000000 
943789924139794 0.000000 0.000000 0.000000 
943789943048752 0.000000 0.000000 0.000000 
943789961957710 0.000000 0.000000 0.000000 
943789980866669 0.000000 0.000000 0.000000 
943789999775627 0.000000 0.000000 0.000000 
943790018684585 0.000000 0.000000 0.000000 
943790037593544 0.000000 0.000000 0.000000 
943790056502502 0.000000 0.000000 0.000000 
943790075411513 0.000000 0.000000 0.000000 
943790094320471 0.000000 0.000000 0.000000 
