# Created at Wed Jun 05 17:07:12 GMT+03:00 2024 in Burnaby Canada 
943784610739533 0.342473 8.003393 1.441377 
943784629648335 -0.148355 9.107083 1.146760 
943784648557138 -0.089731 9.585947 1.698605 
943784667465992 0.247657 9.372986 2.029114 
943784686374794 0.501595 9.668499 1.937887 
943784705283596 0.728914 10.143773 1.331008 
943784724192398 0.912264 10.433604 1.189831 
943784743101200 0.445364 11.142179 2.029114 
943784762010054 0.281456 11.435300 3.312265 
943784780918856 0.653540 11.764611 4.320241 
943784799827658 1.114457 11.469995 4.462614 
943784818736460 0.838983 11.242677 3.501298 
943784837645315 -0.141177 11.484352 1.921137 
943784856554117 0.508774 12.304492 0.657129 
943784875462919 1.406681 11.830414 1.643570 
943784894371773 2.134398 10.250254 4.321438 
943784913280575 1.723730 9.386146 6.580262 
943784932189377 0.612862 9.328718 6.600601 
943784951098231 0.013161 9.943973 4.854140 
943784970007033 0.019143 10.152148 3.004488 
943784988915835 0.837787 9.554840 2.423929 
943785007824690 1.866103 9.162118 2.432304 
943785026733492 2.514857 8.424829 2.590530 
943785045642346 3.037987 7.663613 2.876472 
943785064551148 2.758027 7.217052 2.872883 
943785083460002 1.204188 7.437192 2.328216 
943785102368804 -0.602094 7.670791 2.103291 
943785121277658 -1.684248 7.499405 2.498107 
943785140186460 -1.059422 7.328319 2.106880 
943785159095315 0.163908 7.128518 1.823032 
943785178004117 0.350848 7.445567 1.563411 
943785196912971 0.210568 7.680363 1.589732 
943785215821773 0.276371 7.660024 2.377269 
943785234730627 0.178265 7.886145 3.028416 
943785253639481 0.135194 8.854640 2.836990 
943785272548283 0.322134 9.912866 1.335793 
943785291457138 0.533899 10.627422 0.159123 
943785310365940 0.783949 10.799706 -0.322134 
943785329274794 0.950549 10.561620 0.603290 
943785348183648 0.521934 10.674083 2.612065 
943785367092502 -0.102891 10.968699 4.289135 
943785386001304 0.016750 10.847563 4.996513 
943785404910158 0.316152 10.480264 4.271188 
943785423819013 -0.481256 11.014163 2.197808 
943785442727815 -1.055833 11.828021 1.098904 
943785461636669 -0.088534 11.977572 3.163910 
943785480545523 0.538684 11.239088 5.889335 
943785499454377 0.233300 10.544870 7.085447 
943785518363179 -0.217747 10.160523 5.975775 
943785537272033 -0.813859 10.615458 3.776772 
943785556180888 -1.266401 10.916954 2.214557 
943785575089742 -1.064208 10.492229 1.874477 
943785593998596 -0.326919 9.487841 2.725724 
943785612907450 0.561416 8.418847 3.570690 
943785631816304 1.147957 7.932805 3.136392 
943785650725158 0.881157 7.998608 2.243271 
943785669633960 0.348455 7.990233 1.417448 
943785688542815 -0.395115 8.211868 1.060619 
943785707451669 -0.990030 8.045268 0.986441 
943785726360523 -0.694218 7.358229 1.532304 
943785745269377 -0.126820 6.853044 1.824228 
943785764178231 0.410668 6.477371 1.441377 
943785783087085 0.761217 6.710671 1.163510 
943785801995940 0.909871 7.081858 1.358525 
943785820904794 1.315454 7.242177 1.722533 
943785839813648 0.620040 8.147262 1.557428 
943785858722554 -0.587737 9.958329 1.409073 
943785877631408 -0.629611 11.124232 1.350150 
943785896540263 0.360419 10.865508 1.787139 
943785915449117 1.110868 10.250254 2.710171 
943785934357971 0.870389 10.498210 3.349354 
943785953266825 0.262014 11.302498 3.643671 
943785972175679 0.592523 11.413764 3.987340 
943785991084533 0.606880 11.337193 4.564309 
943786009993440 -0.088534 11.903396 3.061916 
943786028902294 0.075374 12.622738 1.092922 
943786047811148 0.637986 13.033406 1.705783 
943786066720002 1.004387 12.024233 5.908776 
943786085628856 0.782752 11.111072 7.680363 
943786104537710 1.153939 10.683654 5.494519 
943786123446617 1.491626 10.796117 2.464607 
943786142355471 0.940978 10.745868 0.740878 
943786161264325 0.968495 9.891331 0.555434 
943786180173231 1.564607 8.168797 2.274378 
943786199082085 1.848156 7.022037 3.210570 
943786217990940 1.376471 6.742974 3.009274 
943786236899846 0.779163 6.875776 1.796711 
943786255808700 -0.061017 7.294819 0.536291 
943786274717554 -0.951745 7.354640 0.137587 
943786293626460 -0.848854 6.915257 0.863211 
943786312535315 -0.570987 6.759724 0.930210 
943786331444169 -0.269193 6.722635 1.273580 
943786350353075 -0.037089 6.903293 1.199402 
943786369261929 0.428614 7.409675 1.521536 
943786388170835 0.331705 8.208279 1.314258 
943786407079690 -0.080160 9.044869 1.042673 
943786425988544 0.614058 9.571589 1.007977 
943786444897450 1.517947 9.777372 0.489631 
943786463806304 1.897209 10.250254 0.233300 
943786482715210 0.774377 11.144571 1.162314 
943786501624065 -0.783949 12.180065 2.428715 
943786520532971 -1.897209 13.096816 2.734099 
943786539441825 -1.762015 12.926926 2.688635 
943786558350731 -1.176671 11.915359 1.838585 
943786577259638 -0.356830 11.375479 0.830609 
943786596168492 1.297508 10.859527 0.968495 
943786615077398 1.992025 10.591531 3.052344 
943786633986252 1.507179 10.426426 5.266902 
943786652895158 0.367597 10.225129 6.754938 
943786671804013 -1.249652 10.498210 6.953543 
943786690712919 -3.092125 11.162518 5.905187 
943786709621825 -4.139284 11.531311 4.029214 
943786728530679 -3.429513 10.888241 2.557030 
943786747439585 -1.433002 9.821939 1.892424 
943786766348492 0.343669 8.667701 2.293520 
943786785257346 1.419841 8.160422 2.539084 
943786804166252 1.226920 8.072785 2.122434 
943786823075158 0.367597 8.314759 1.404288 
943786841984013 -0.337687 8.314759 0.780359 
943786860892919 -0.695414 8.005786 0.758824 
943786879801825 -0.720539 7.550851 1.295115 
943786898710731 -0.615255 7.073483 2.215754 
943786917619585 -0.501595 6.872187 2.092523 
943786936528492 -0.493221 7.013363 1.310669 
943786955437398 0.044267 7.156035 0.415454 
943786974346304 0.783949 7.456335 0.098106 
943786993255158 0.884746 8.038090 1.162314 
943787012164065 0.611665 8.715857 2.340181 
943787031072971 -0.137587 9.752248 2.203790 
943787049981877 -0.882353 11.191232 0.807877 
943787068890783 -1.141975 13.071691 0.269193 
943787087799638 -0.369990 13.485949 1.623231 
943787106708544 0.990030 12.705589 3.795914 
943787125617450 1.708176 11.700006 5.203492 
943787144526356 0.646361 11.899806 3.579064 
943787163435263 0.041874 12.358331 0.466900 
943787182344169 -0.086142 12.448062 -1.161117 
943787201253075 -0.056231 11.739487 -1.375275 
943787220161981 0.918246 10.512568 -0.684646 
943787239070888 1.521536 9.429216 1.410270 
943787257979794 1.509572 8.999406 3.287140 
943787276888700 1.417448 8.552845 4.308277 
943787295797554 1.301097 8.295617 4.339384 
943787314706513 1.024726 8.225029 4.077071 
943787333615419 0.927817 8.442776 3.445066 
943787352524273 1.077368 8.412866 2.870490 
943787371433231 1.175474 8.169993 2.620440 
943787390342138 0.907478 7.773683 2.577369 
943787409251044 0.204586 7.728219 2.279164 
943787428159950 -0.667897 7.731808 1.851746 
943787447068856 -1.517947 8.146066 1.273580 
943787465977763 -1.656731 8.248957 1.057029 
943787484886669 -0.993620 7.932805 1.314258 
943787503795575 -0.543470 7.717451 1.537089 
943787522704481 0.282652 7.861021 1.884049 
943787541613388 0.444168 8.426025 2.233700 
943787560522294 0.282652 9.099904 2.019542 
943787579431252 0.209372 9.359825 2.045863 
943787598340158 0.415454 9.400503 2.201397 
943787617249065 0.355633 9.572786 2.766402 
943787636157971 0.078963 10.143773 3.372085 
943787655066877 -0.262014 10.620244 3.622135 
943787673975783 -0.169890 10.894222 3.512065 
943787692884690 -0.562612 11.242677 3.135196 
943787711793648 -1.578964 11.671291 2.435894 
943787730702554 -0.976870 11.787343 1.458126 
943787749611460 0.175872 11.233106 1.386042 
943787768520367 0.754038 10.312468 2.939882 
943787787429325 0.575773 9.668499 3.871288 
943787806338231 -0.767199 9.930812 3.336193 
943787825247138 -2.103291 10.470693 2.441875 
943787844156044 -2.087738 10.925329 2.159523 
943787863065002 -1.057029 10.234700 2.803491 
943787881973908 0.507577 9.317950 4.140481 
943787900882815 1.784747 8.605488 4.645665 
943787919791721 2.572583 8.470293 3.607778 
943787938700679 2.440679 8.742178 2.110470 
943787957609585 1.387239 9.235099 1.096511 
943787976518492 0.246461 9.364611 0.594916 
943787995427450 -0.675075 9.200403 0.736092 
943788014336356 -0.494417 8.607881 1.380060 
943788033245315 -0.220140 8.292027 2.242075 
943788052154221 -0.116052 7.796414 2.653939 
943788071063127 0.250050 7.559226 2.221736 
943788089972085 0.661915 7.505387 1.466501 
943788108880992 1.049851 7.677969 0.960120 
943788127789898 0.925424 8.293224 0.515952 
943788146698856 0.632004 8.720642 0.137587 
943788165607763 0.336491 9.208778 0.161516 
943788184516721 -0.334098 10.083953 0.801895 
943788203425627 -1.234098 10.968699 1.283151 
943788222334585 -1.076172 11.081161 1.194617 
943788241243492 0.136391 11.039288 0.627219 
943788260152398 1.351347 11.155339 0.942174 
943788279061356 1.970490 11.026127 2.267200 
943788297970263 1.325026 11.236695 3.489334 
943788316879221 0.365205 11.345569 2.926721 
943788335788127 0.224925 12.035001 0.794716 
943788354697085 0.734896 12.443276 -0.864407 
943788373605992 1.390828 11.686845 -0.263211 
943788392514950 1.498804 10.489836 2.274378 
943788411423856 1.307079 9.680463 4.225725 
943788430332815 0.897907 9.515358 4.919942 
943788449241721 0.599701 9.663713 4.528417 
943788468150679 0.797109 9.527323 3.879663 
943788487059638 0.980459 9.241081 3.734897 
943788505968544 1.371686 8.658130 3.312265 
943788524877502 1.852942 7.957930 2.557030 
943788543786408 1.607678 7.636095 2.015953 
943788562695367 0.618844 7.756933 1.544268 
943788581604273 -0.452543 8.126624 1.204188 
943788600513231 -1.278365 8.343473 0.961317 
943788619422190 -1.435395 8.656933 0.919442 
943788638331096 -0.374776 8.048857 1.574178 
943788657240054 0.155533 7.680363 2.576173 
943788676149013 0.211765 7.777272 3.896413 
943788695057919 -0.350848 8.398508 4.510471 
943788713966877 -0.900300 9.223135 3.982554 
943788732875835 -0.702593 9.691231 3.027220 
943788751784742 -0.573380 10.267004 2.626422 
943788770693700 -0.702593 10.736296 3.291926 
943788789602658 -0.450150 10.526924 3.678666 
943788808511565 -0.288634 10.188041 3.443870 
943788827420523 -0.071785 10.580763 2.360520 
943788846329481 0.271585 10.639387 1.274776 
943788865238388 0.788734 10.589137 0.429811 
943788884147346 0.895514 10.888241 0.824627 
943788903056304 1.331008 10.873883 2.542673 
943788921965263 1.927119 10.013365 4.880461 
943788940874169 1.344168 9.148957 6.450751 
943788959783127 -0.304188 9.303594 5.720641 
943788978692085 -1.456930 9.865009 3.594618 
943788997601044 -1.179063 10.380663 1.852942 
943789016509950 -0.409472 10.492229 1.581357 
943789035418908 0.476471 9.865009 3.273980 
943789054327867 0.879961 9.328718 4.368098 
943789073236825 1.326222 8.947960 4.624130 
943789092145731 0.997209 8.874979 4.402794 
943789111054690 -0.130409 8.971889 3.217748 
943789129963648 -1.357329 9.211171 1.881656 
943789148872606 -1.817050 8.843872 1.065404 
943789167781565 -1.175474 8.073982 0.596112 
943789186690523 -0.129212 7.412067 0.660718 
943789205599429 0.611665 7.066304 1.080958 
943789224508388 0.981655 7.191927 1.035494 
943789243417346 1.079761 7.231409 1.170689 
943789262326304 0.557827 7.814361 1.562214 
943789281235263 -0.287438 8.662915 1.714158 
943789300144221 -0.550648 9.125030 1.849353 
943789319053179 -0.326919 9.090333 0.829412 
943789337962085 0.252443 10.196416 1.382453 
943789356871044 -0.636790 10.025329 2.480161 
943789375780002 -1.028316 9.747462 3.771986 
943789394688960 -0.654736 10.634602 4.350152 
943789413597919 -0.637986 11.001002 4.547559 
943789432506877 -0.077767 10.749456 4.407579 
943789451415835 0.234497 11.151750 4.244867 
943789470324794 -0.223729 11.373086 4.222136 
943789489233752 -1.167099 12.048162 2.920739 
943789508142710 -1.147957 12.337992 1.953441 
943789527051669 0.107677 11.223535 2.571387 
943789545960575 1.218545 9.923634 3.677469 
943789564869533 1.561018 9.111869 4.660022 
943789583778492 1.118046 8.818748 5.554339 
943789602687450 -0.007178 8.939586 5.113761 
943789621596408 -0.544666 9.154940 3.983751 
943789640505367 0.196211 8.598310 3.005684 
943789659414325 1.207777 8.142476 2.982953 
943789678323283 1.626820 7.752147 3.392424 
943789697232242 1.999203 7.364211 3.889234 
943789716141200 1.855335 7.114161 4.515256 
943789735050158 1.024726 7.288837 4.733003 
943789753959117 -0.014357 8.005786 4.339384 
943789772868075 -0.700200 8.221439 3.697808 
943789791777033 -0.819841 8.490632 2.968596 
943789810685992 -0.570987 8.643773 2.607279 
943789829594950 0.059821 8.412866 2.638386 
943789848503960 0.697807 7.894520 3.451048 
943789867412919 1.491626 7.573583 3.917948 
943789886321877 2.098505 7.547262 4.156034 
943789905230835 2.279164 8.269296 3.429513 
943789924139794 1.996811 8.818748 2.042274 
943789943048752 1.124028 8.985049 2.822634 
943789961957710 0.254836 9.698409 3.707380 
943789980866669 0.355633 9.786943 4.463810 
943789999775627 1.132403 9.372986 4.939085 
943790018684585 2.341377 8.469096 4.758128 
943790037593544 3.049952 8.607881 4.421936 
943790056502502 2.488536 9.089137 4.164409 
943790075411513 0.746860 9.606286 4.048357 
943790094320471 -1.085743 9.827921 4.429115 
