# Created at Wed Jun 05 17:07:12 GMT+03:00 2024 in Burnaby Canada 
943784608239533 0.485081 0.339425 0.511835 0.622504 
943784627148335 0.482753 0.342658 0.513507 0.621165 
943784646057138 0.480985 0.344126 0.515605 0.619986 
943784664965992 0.479853 0.343783 0.518485 0.618650 
943784683874794 0.480490 0.342025 0.519887 0.617953 
943784702783596 0.482589 0.340425 0.519210 0.617770 
943784721692398 0.484390 0.340396 0.517702 0.617642 
943784740601200 0.483159 0.341957 0.518043 0.617458 
943784759510054 0.479511 0.342499 0.520480 0.617951 
943784778418856 0.475961 0.341269 0.522561 0.619619 
943784797327658 0.474689 0.339259 0.522471 0.621769 
943784816236460 0.476422 0.339402 0.518980 0.623288 
943784835145315 0.480942 0.343159 0.512843 0.622839 
943784854054117 0.486568 0.347570 0.507022 0.620786 
943784872962919 0.488881 0.349543 0.505880 0.618790 
943784891871773 0.484673 0.347797 0.510600 0.619207 
943784910780575 0.478513 0.343187 0.514167 0.623602 
943784929689377 0.476156 0.339943 0.512174 0.628802 
943784948598231 0.478904 0.340872 0.506922 0.630466 
943784967507033 0.484104 0.344673 0.503246 0.627366 
943784986415835 0.488218 0.347124 0.503693 0.622447 
943785005324690 0.489916 0.345010 0.507241 0.619400 
943785024233492 0.490166 0.338026 0.510621 0.620275 
943785043142346 0.489792 0.329903 0.511628 0.624103 
943785062051148 0.488811 0.326359 0.509517 0.628447 
943785080960002 0.487293 0.330030 0.505293 0.631114 
943785099868804 0.485798 0.338711 0.501015 0.631078 
943785118777658 0.484255 0.347205 0.499643 0.628731 
943785137686460 0.483378 0.350199 0.500738 0.626871 
943785156595315 0.484669 0.347412 0.500327 0.627753 
943785175504117 0.486644 0.343838 0.498338 0.629771 
943785194412971 0.488074 0.342778 0.496314 0.630840 
943785213321773 0.488285 0.344751 0.496083 0.629782 
943785232230627 0.487656 0.348048 0.497462 0.627365 
943785251139481 0.488434 0.349709 0.497512 0.625794 
943785270048283 0.491840 0.349022 0.494349 0.626016 
943785288957138 0.496577 0.347927 0.489116 0.626996 
943785307865940 0.499748 0.347828 0.485795 0.627113 
943785326774794 0.499531 0.348361 0.485600 0.627141 
943785345683648 0.495937 0.349671 0.487571 0.627735 
943785364592502 0.491303 0.350709 0.490563 0.628468 
943785383501304 0.488689 0.350474 0.492563 0.629073 
943785402410158 0.489137 0.351170 0.491362 0.629276 
943785421319013 0.491338 0.355493 0.487275 0.628311 
943785440227815 0.492414 0.360740 0.484394 0.626703 
943785459136669 0.489570 0.362301 0.486678 0.626262 
943785478045523 0.483747 0.359633 0.491937 0.628213 
943785496954377 0.479441 0.356528 0.493879 0.631750 
943785515863179 0.478991 0.358096 0.491489 0.633067 
943785534772033 0.480505 0.364628 0.488308 0.630648 
943785553680888 0.481074 0.371735 0.487915 0.626354 
943785572589742 0.479168 0.374197 0.491848 0.623265 
943785591498596 0.475986 0.370795 0.497602 0.623170 
943785610407450 0.473396 0.364660 0.502274 0.625012 
943785629316304 0.472471 0.359981 0.504022 0.627014 
943785648225158 0.472875 0.359257 0.502850 0.628065 
943785667133960 0.473256 0.362114 0.501355 0.627332 
943785686042815 0.472735 0.366194 0.501004 0.625635 
943785704951669 0.471744 0.368676 0.502357 0.623837 
943785723860523 0.470993 0.368209 0.505036 0.622516 
943785742769377 0.470882 0.365696 0.508067 0.621614 
943785761678231 0.471946 0.362603 0.510038 0.621005 
943785780587085 0.473536 0.360853 0.510897 0.620108 
943785799495940 0.474496 0.361652 0.511720 0.618227 
943785818404794 0.474171 0.364644 0.513355 0.615357 
943785837313648 0.473029 0.368754 0.514495 0.612828 
943785856222554 0.472734 0.372013 0.513906 0.611580 
943785875131408 0.473781 0.373289 0.513018 0.610737 
943785894040263 0.474708 0.372119 0.514150 0.609778 
943785912949117 0.474594 0.369534 0.516064 0.609822 
943785931857971 0.474260 0.367637 0.516230 0.611086 
943785950766825 0.474619 0.367741 0.514690 0.612044 
943785969675679 0.475363 0.369229 0.513430 0.611628 
943785988584533 0.476078 0.371612 0.512362 0.610524 
943786007493440 0.478688 0.375690 0.508924 0.608860 
943786026402294 0.482745 0.379710 0.504274 0.607029 
943786045311148 0.484008 0.380866 0.502502 0.606769 
943786064220002 0.481447 0.378885 0.504369 0.608496 
943786083128856 0.479406 0.376659 0.506278 0.609902 
943786102037710 0.483322 0.375702 0.503586 0.609630 
943786120946617 0.490843 0.376575 0.498131 0.607561 
943786139855471 0.497126 0.377355 0.494241 0.605141 
943786158764325 0.500494 0.375488 0.493800 0.603884 
943786177673231 0.500948 0.370862 0.496349 0.604277 
943786196582085 0.499937 0.365665 0.498870 0.606202 
943786215490940 0.500230 0.362435 0.497104 0.609343 
943786234399846 0.501944 0.363943 0.491855 0.611290 
943786253308700 0.503368 0.369402 0.486257 0.611324 
943786272217554 0.503101 0.374725 0.482928 0.610943 
943786291126460 0.502162 0.376510 0.481492 0.611750 
943786310035315 0.501884 0.375224 0.480019 0.613922 
943786328944169 0.503038 0.372852 0.477441 0.616428 
943786347853075 0.504466 0.372142 0.475489 0.617199 
943786366761929 0.505468 0.373418 0.474356 0.616481 
943786385670835 0.506033 0.376735 0.473339 0.614778 
943786404579690 0.506566 0.379994 0.472746 0.612786 
943786423488544 0.507603 0.381384 0.473068 0.610813 
943786442397450 0.509056 0.381306 0.473293 0.609476 
943786461306304 0.510377 0.381145 0.471920 0.609537 
943786480215210 0.510102 0.383272 0.469515 0.610290 
943786499124065 0.507999 0.388199 0.467567 0.610426 
943786518032971 0.506057 0.393494 0.466743 0.609278 
943786536941825 0.505823 0.396476 0.467347 0.607072 
943786555850731 0.507231 0.396462 0.468650 0.604898 
943786574759638 0.509312 0.393187 0.470014 0.604228 
943786593668492 0.510366 0.385994 0.472584 0.605970 
943786612577398 0.508872 0.377280 0.475569 0.610363 
943786631486252 0.505078 0.371258 0.477416 0.615741 
943786650395158 0.500364 0.371173 0.477110 0.619865 
943786669304013 0.495641 0.378468 0.475201 0.620714 
943786688212919 0.491794 0.390818 0.472741 0.617993 
943786707121825 0.488648 0.402324 0.472808 0.613035 
943786726030679 0.486593 0.406405 0.476351 0.609223 
943786744939585 0.485902 0.401597 0.481573 0.608856 
943786763848492 0.486253 0.391607 0.485846 0.611683 
943786782757346 0.487067 0.382675 0.487752 0.615161 
943786801666252 0.488009 0.379563 0.486843 0.617060 
943786820575158 0.488364 0.382899 0.485146 0.616054 
943786839484013 0.487458 0.389369 0.484979 0.612839 
943786858392919 0.485668 0.394731 0.486574 0.609557 
943786877301825 0.483503 0.396602 0.489451 0.607758 
943786896210731 0.482276 0.395242 0.491749 0.607764 
943786915119585 0.482867 0.393440 0.492251 0.608058 
943786934028492 0.485168 0.393507 0.491212 0.607021 
943786952937398 0.487351 0.395019 0.491429 0.604108 
943786971846304 0.488144 0.395930 0.493291 0.601347 
943786990755158 0.487447 0.395680 0.495598 0.600179 
943787009664065 0.486422 0.395638 0.496762 0.600076 
943787028572971 0.486929 0.397702 0.494754 0.599959 
943787047481877 0.489438 0.401874 0.490818 0.598368 
943787066390783 0.492083 0.405057 0.488780 0.595717 
943787085299638 0.492697 0.403299 0.492035 0.593718 
943787104208544 0.491874 0.395483 0.498322 0.594414 
943787123117450 0.492585 0.385599 0.501345 0.597768 
943787142026356 0.496896 0.381469 0.497044 0.600435 
943787160935263 0.503877 0.385739 0.488861 0.598606 
943787179844169 0.508985 0.394699 0.484160 0.592230 
943787198753075 0.510134 0.400945 0.485620 0.585815 
943787217661981 0.509471 0.398917 0.489634 0.584434 
943787236570888 0.509196 0.390444 0.491440 0.588863 
943787255479794 0.508978 0.381880 0.491289 0.594765 
943787274388700 0.508856 0.377161 0.490415 0.598588 
943787293297554 0.507808 0.376398 0.490792 0.599650 
943787312206513 0.505926 0.376146 0.491815 0.600559 
943787331115419 0.504519 0.373951 0.491667 0.603228 
943787350024273 0.504049 0.370438 0.489767 0.607321 
943787368933231 0.503339 0.367749 0.487312 0.611504 
943787387842138 0.501699 0.367371 0.484849 0.615027 
943787406751044 0.499817 0.369653 0.481693 0.617666 
943787425659950 0.498332 0.373950 0.478262 0.618944 
943787444568856 0.497036 0.378236 0.475899 0.619203 
943787463477763 0.496384 0.379904 0.475061 0.619349 
943787482386669 0.496260 0.378563 0.475674 0.619798 
943787501295575 0.496353 0.375444 0.476953 0.620638 
943787520204481 0.496663 0.371949 0.478062 0.621640 
943787539113388 0.496682 0.369733 0.478887 0.622311 
943787558022294 0.496770 0.368773 0.479185 0.622581 
943787576931252 0.497150 0.368432 0.479352 0.622351 
943787595840158 0.497052 0.368237 0.480359 0.621768 
943787614749065 0.496291 0.367892 0.481570 0.621644 
943787633657971 0.495093 0.367397 0.482837 0.621909 
943787652566877 0.494216 0.366519 0.483480 0.622625 
943787671475783 0.494314 0.365881 0.483123 0.623199 
943787690384690 0.495081 0.367045 0.481939 0.622822 
943787709293648 0.495890 0.370215 0.480881 0.621118 
943787728202554 0.496183 0.372160 0.482630 0.618359 
943787747111460 0.495328 0.369954 0.486960 0.616971 
943787766020367 0.493562 0.364842 0.490834 0.618360 
943787784929325 0.491998 0.361928 0.491814 0.620536 
943787803838231 0.491532 0.365472 0.488802 0.621208 
943787822747138 0.491225 0.374666 0.486046 0.618129 
943787841656044 0.489316 0.384277 0.488469 0.611800 
943787860565002 0.485162 0.387958 0.497071 0.605827 
943787879473908 0.480384 0.383251 0.507551 0.603939 
943787898382815 0.478005 0.373919 0.514473 0.605817 
943787917291721 0.478714 0.367100 0.515683 0.608393 
943787936200679 0.480499 0.367884 0.512713 0.609021 
943787955109585 0.480747 0.376024 0.509477 0.606566 
943787974018492 0.478893 0.386596 0.508398 0.602276 
943787992927450 0.475454 0.393930 0.510117 0.598785 
943788011836356 0.472210 0.395120 0.513506 0.597670 
943788030745315 0.470475 0.392207 0.515969 0.598835 
943788049654221 0.470774 0.389409 0.516772 0.599733 
943788068563127 0.472494 0.389323 0.516820 0.598393 
943788087472085 0.474597 0.391947 0.516905 0.594932 
943788106380992 0.475923 0.395518 0.517739 0.590770 
943788125289898 0.476697 0.398247 0.518121 0.587971 
943788144198856 0.477917 0.400067 0.516568 0.587111 
943788163107763 0.479140 0.402842 0.513710 0.586724 
943788182016721 0.479685 0.408467 0.510664 0.585046 
943788200925627 0.479411 0.416024 0.509390 0.581043 
943788219834585 0.479001 0.421276 0.511041 0.576127 
943788238743492 0.479733 0.420857 0.513643 0.573504 
943788257652398 0.481285 0.416123 0.514951 0.574483 
943788276561356 0.482115 0.411326 0.515238 0.576981 
943788295470263 0.481885 0.410216 0.514438 0.578673 
943788314379221 0.482314 0.413324 0.511952 0.578309 
943788333288127 0.484833 0.417892 0.507944 0.576452 
943788352197085 0.488375 0.420383 0.504558 0.574621 
943788371105992 0.490047 0.418914 0.504181 0.574601 
943788390014950 0.488182 0.414015 0.507150 0.577121 
943788408923856 0.485113 0.407919 0.510117 0.581418 
943788427832815 0.483033 0.403458 0.511215 0.585286 
943788446741721 0.482165 0.401047 0.511568 0.587347 
943788465650679 0.481979 0.398578 0.512465 0.588397 
943788484559638 0.482047 0.394050 0.514018 0.590034 
943788503468544 0.482971 0.387192 0.515050 0.592912 
943788522377502 0.484975 0.379917 0.513696 0.597143 
943788541286408 0.486843 0.375506 0.509591 0.601911 
943788560195367 0.487729 0.375922 0.503964 0.605659 
943788579104273 0.487823 0.380337 0.498437 0.607398 
943788598013231 0.486775 0.385912 0.495349 0.607249 
943788616922190 0.484877 0.387989 0.495477 0.607340 
943788635831096 0.483584 0.384250 0.497110 0.609410 
943788654740054 0.482526 0.377847 0.498248 0.613311 
943788673649013 0.481322 0.372868 0.498127 0.617388 
943788692557919 0.480041 0.371886 0.497138 0.619771 
943788711466877 0.479967 0.374341 0.495257 0.619856 
943788730375835 0.480870 0.378280 0.493980 0.617780 
943788749284742 0.481222 0.381145 0.494486 0.615336 
943788768193700 0.480967 0.380488 0.496321 0.614464 
943788787102658 0.481700 0.376831 0.497475 0.615209 
943788806011565 0.484141 0.373277 0.496520 0.616230 
943788824920523 0.487881 0.372396 0.494378 0.615536 
943788843829481 0.491724 0.374333 0.492834 0.612533 
943788862738388 0.493593 0.377196 0.493866 0.608428 
943788881647346 0.492431 0.378327 0.497621 0.605602 
943788900556304 0.488662 0.376275 0.504046 0.604619 
943788919465263 0.483211 0.372088 0.511500 0.605331 
943788938374169 0.477879 0.368741 0.516185 0.607631 
943788957283127 0.475490 0.369456 0.514618 0.610394 
943788976192085 0.476681 0.375230 0.509422 0.610300 
943788995101044 0.478006 0.382745 0.507049 0.606562 
943789014009950 0.476367 0.385849 0.510345 0.603112 
943789032918908 0.472804 0.381495 0.516008 0.603866 
943789051827867 0.469710 0.372946 0.519927 0.608243 
943789070736825 0.468487 0.365751 0.520109 0.613379 
943789089645731 0.468671 0.364789 0.517116 0.616334 
943789108554690 0.469645 0.370535 0.512556 0.615974 
943789127463648 0.471231 0.379246 0.508137 0.613115 
943789146372606 0.473035 0.386805 0.505937 0.608808 
943789165281565 0.474513 0.389971 0.507152 0.604612 
943789184190523 0.475670 0.387393 0.510193 0.602800 
943789203099429 0.476898 0.380867 0.512756 0.603813 
943789222008388 0.478263 0.374122 0.513787 0.606070 
943789240917346 0.479066 0.370792 0.513485 0.607736 
943789259826304 0.477587 0.372779 0.513673 0.607525 
943789278735263 0.474359 0.377699 0.514618 0.606214 
943789297644221 0.470736 0.382277 0.516026 0.604970 
943789316553179 0.467053 0.384199 0.518182 0.604765 
943789335462085 0.462545 0.381595 0.519451 0.608776 
943789354371044 0.457610 0.377111 0.519662 0.615086 
943789373280002 0.452984 0.372426 0.520493 0.620637 
943789392188960 0.449774 0.368093 0.521552 0.624656 
943789411097919 0.448720 0.364760 0.521803 0.627155 
943789430006877 0.448703 0.362763 0.522198 0.627995 
943789448915835 0.448703 0.362119 0.522233 0.628338 
943789467824794 0.449350 0.363274 0.520596 0.628567 
943789486733752 0.451237 0.364414 0.517879 0.628800 
943789505642710 0.454967 0.361632 0.514614 0.630397 
943789524551669 0.458303 0.355543 0.513727 0.632165 
943789543460575 0.459483 0.348410 0.515670 0.633695 
943789562369533 0.458981 0.341762 0.517971 0.635800 
943789581278492 0.457864 0.337086 0.518676 0.638521 
943789600187450 0.458314 0.335082 0.517207 0.640441 
943789619096408 0.461442 0.333445 0.514673 0.641091 
943789638005367 0.465692 0.330357 0.513705 0.640393 
943789656914325 0.468445 0.325888 0.515188 0.639482 
943789675823283 0.468452 0.320498 0.518316 0.639673 
943789694732242 0.466769 0.315374 0.520584 0.641606 
943789713641200 0.464034 0.313089 0.521757 0.643752 
943789732550158 0.460059 0.314963 0.522671 0.644949 
943789751459117 0.456593 0.320392 0.522246 0.645081 
943789770368075 0.454803 0.327966 0.521543 0.643107 
943789789277033 0.453649 0.334522 0.523122 0.639250 
943789808185992 0.453092 0.336332 0.526163 0.636192 
943789827094950 0.453472 0.332836 0.529259 0.635191 
943789846003960 0.454807 0.325994 0.531648 0.635790 
943789864912919 0.456960 0.319026 0.533710 0.636053 
943789883821877 0.459836 0.314246 0.534890 0.635368 
943789902730835 0.462908 0.312654 0.534648 0.634125 
943789921639794 0.466147 0.313967 0.531992 0.633337 
943789940548752 0.465890 0.318036 0.530047 0.633126 
943789959457710 0.461631 0.321128 0.532286 0.632807 
943789978366669 0.457871 0.319011 0.535057 0.634271 
943789997275627 0.456631 0.314535 0.536948 0.635801 
943790016184585 0.457032 0.312402 0.538529 0.635227 
943790035093544 0.457203 0.315613 0.539093 0.633035 
943790054002502 0.455660 0.324147 0.537947 0.630806 
943790072911513 0.452212 0.335176 0.535354 0.629729 
943790091820471 0.448410 0.346090 0.531410 0.629884 
