# Created at Wed Jun 05 17:07:12 GMT+03:00 2024 in Burnaby Canada 
943784608239533 0.725457 9.329947 2.931927 
943784627148335 0.687439 9.332524 2.932886 
943784646057138 0.679506 9.328807 2.946524 
943784664965992 0.708346 9.318421 2.972484 
943784683874794 0.754033 9.311113 2.984122 
943784702783596 0.789647 9.313983 2.965902 
943784721692398 0.794855 9.324226 2.932132 
943784740601200 0.767915 9.325708 2.934596 
943784759510054 0.743892 9.308049 2.996201 
943784778418856 0.730820 9.281954 3.079225 
943784797327658 0.727067 9.265330 3.129765 
943784816236460 0.700356 9.278876 3.095537 
943784835145315 0.645568 9.326838 2.960360 
943784854054117 0.606704 9.380656 2.793849 
943784872962919 0.608426 9.401464 2.722624 
943784891871773 0.629895 9.369230 2.826862 
943784910780575 0.628082 9.313521 3.005696 
943784929689377 0.590715 9.287248 3.093295 
943784948598231 0.546400 9.310987 3.029417 
943784967507033 0.537154 9.358787 2.880097 
943784986415835 0.585373 9.389560 2.768374 
943785005324690 0.682659 9.384132 2.764494 
943785024233492 0.796698 9.348508 2.853255 
943785043142346 0.876667 9.305890 2.966859 
943785062051148 0.862162 9.286458 3.031299 
943785080960002 0.744109 9.302576 3.013100 
943785099868804 0.581322 9.341337 2.927776 
943785118777658 0.463978 9.374071 2.842871 
943785137686460 0.441616 9.382488 2.818558 
943785156595315 0.478642 9.376569 2.832182 
943785175504117 0.509435 9.371673 2.842993 
943785194412971 0.509941 9.375593 2.829945 
943785213321773 0.492527 9.385718 2.799299 
943785232230627 0.475373 9.396311 2.766541 
943785251139481 0.473773 9.407386 2.728921 
943785270048283 0.483409 9.422980 2.672854 
943785288957138 0.485128 9.444359 2.595983 
943785307865940 0.483424 9.460900 2.535361 
943785326774794 0.472701 9.462253 2.532335 
943785345683648 0.437455 9.449813 2.584582 
943785364592502 0.404149 9.430336 2.660038 
943785383501304 0.396903 9.415395 2.713521 
943785402410158 0.379719 9.421318 2.695362 
943785421319013 0.314929 9.452355 2.593104 
943785440227815 0.244096 9.479854 2.498635 
943785459136669 0.222954 9.471711 2.531274 
943785478045523 0.236279 9.430326 2.680211 
943785496954377 0.226530 9.394150 2.805179 
943785515863179 0.171034 9.399347 2.791663 
943785534772033 0.091835 9.435571 2.670571 
943785553680888 0.036981 9.467300 2.557190 
943785572589742 0.048139 9.467281 2.557076 
943785591498596 0.113434 9.436516 2.666402 
943785610407450 0.193328 9.395507 2.803117 
943785629316304 0.243656 9.368967 2.886774 
943785648225158 0.238266 9.368264 2.889505 
943785667133960 0.198155 9.383716 2.842006 
943785686042815 0.151780 9.399166 2.793391 
943785704951669 0.137092 9.404550 2.775976 
943785723860523 0.169700 9.397904 2.796602 
943785742769377 0.233754 9.385065 2.834836 
943785761678231 0.304636 9.375593 2.859344 
943785780587085 0.356184 9.375190 2.854705 
943785799495940 0.377087 9.383213 2.825510 
943785818404794 0.373278 9.394295 2.788958 
943785837313648 0.341046 9.406692 2.751037 
943785856222554 0.302530 9.420155 2.709158 
943785875131408 0.295712 9.431243 2.671067 
943785894040263 0.336581 9.429912 2.670930 
943785912949117 0.383857 9.416762 2.710653 
943785931857971 0.395587 9.406527 2.744292 
943785950766825 0.376735 9.409678 2.736131 
943785969675679 0.357645 9.420638 2.700752 
943785988584533 0.334335 9.435112 2.652782 
943786007493440 0.291714 9.466395 2.544141 
943786026402294 0.253813 9.503010 2.408062 
943786045311148 0.237662 9.513768 2.366879 
943786064220002 0.240795 9.493938 2.444899 
943786083128856 0.254735 9.474889 2.516343 
943786102037710 0.281546 9.489818 2.456520 
943786120946617 0.308168 9.528150 2.299953 
943786139855471 0.340238 9.558251 2.166666 
943786158764325 0.399965 9.564549 2.128337 
943786177673231 0.481343 9.547520 2.187135 
943786196582085 0.544016 9.521906 2.282046 
943786215490940 0.545623 9.512049 2.322417 
943786234399846 0.478740 9.528944 2.267250 
943786253308700 0.371516 9.558450 2.160651 
943786272217554 0.275094 9.577785 2.088242 
943786291126460 0.224706 9.580798 2.080438 
943786310035315 0.207029 9.575853 2.104886 
943786328944169 0.202699 9.573290 2.116937 
943786347853075 0.199717 9.577281 2.099094 
943786366761929 0.187632 9.585880 2.060602 
943786385670835 0.155275 9.599164 2.000583 
943786404579690 0.129869 9.611640 1.941624 
943786423488544 0.140749 9.619753 1.900246 
943786442397450 0.167418 9.624779 1.872429 
943786461306304 0.167395 9.629416 1.848428 
943786480215210 0.109712 9.635275 1.822042 
943786499124065 0.010926 9.641989 1.789498 
943786518032971 -0.069600 9.649545 1.746947 
943786536941825 -0.084224 9.656862 1.705373 
943786555850731 -0.041296 9.662003 1.677615 
943786574759638 0.035488 9.660419 1.686840 
943786593668492 0.142984 9.643487 1.775698 
943786612577398 0.229988 9.610898 1.936009 
943786631486252 0.245824 9.576039 2.099864 
943786650395158 0.169683 9.556547 2.194084 
943786669304013 0.011935 9.561481 2.179067 
943786688212919 -0.177133 9.584651 2.067240 
943786707121825 -0.306015 9.606203 1.948747 
943786726030679 -0.309926 9.611197 1.923334 
943786744939585 -0.206284 9.595671 2.012692 
943786763848492 -0.064634 9.565273 2.161424 
943786782757346 0.042383 9.537463 2.281534 
943786801666252 0.066110 9.530465 2.310030 
943786820575158 0.020424 9.544231 2.253358 
943786839484013 -0.043423 9.562839 2.172696 
943786858392919 -0.084285 9.573414 2.124392 
943786877301825 -0.086052 9.570700 2.136513 
943786896210731 -0.059922 9.560887 2.180880 
943786915119585 -0.030260 9.557204 2.197572 
943786934028492 -0.010715 9.567423 2.152835 
943786952937398 0.016949 9.581813 2.087813 
943786971846304 0.053075 9.588019 2.058511 
943786990755158 0.080394 9.584116 2.075730 
943787009664065 0.082829 9.579693 2.095952 
943787028572971 0.045206 9.588993 2.054157 
943787047481877 -0.004779 9.612704 1.940685 
943787066390783 -0.015276 9.632586 1.839409 
943787085299638 0.058413 9.629354 1.855405 
943787104208544 0.196736 9.599827 1.993741 
943787123117450 0.322760 9.566776 2.131435 
943787142026356 0.351700 9.570527 2.109905 
943787160935263 0.302442 9.614365 1.908643 
943787179844169 0.248649 9.660207 1.670021 
943787198753075 0.252053 9.680169 1.549574 
943787217661981 0.319959 9.670838 1.594651 
943787236570888 0.398555 9.644381 1.731320 
943787255479794 0.449657 9.617090 1.865414 
943787274388700 0.466531 9.601905 1.938082 
943787293297554 0.461324 9.595603 1.970276 
943787312206513 0.449610 9.587621 2.011412 
943787331115419 0.440866 9.575207 2.071580 
943787350024273 0.429370 9.562420 2.132174 
943787368933231 0.400170 9.551726 2.185126 
943787387842138 0.339404 9.545360 2.222905 
943787406751044 0.243909 9.547348 2.226893 
943787425659950 0.134929 9.557283 2.193289 
943787444568856 0.045781 9.566751 2.155354 
943787463477763 0.010181 9.569573 2.143262 
943787482386669 0.027951 9.564501 2.165621 
943787501295575 0.073004 9.554122 2.209937 
943787520204481 0.121934 9.543054 2.255137 
943787539113388 0.152306 9.535032 2.286997 
943787558022294 0.165802 9.531877 2.299182 
943787576931252 0.176824 9.532276 2.296702 
943787595840158 0.192312 9.530835 2.301433 
943787614749065 0.202033 9.525825 2.321254 
943787633657971 0.207153 9.518248 2.351688 
943787652566877 0.210644 9.510798 2.381333 
943787671475783 0.211779 9.508953 2.388588 
943787690384690 0.196046 9.517174 2.356982 
943787709293648 0.167050 9.532761 2.295418 
943787728202554 0.183275 9.540587 2.261412 
943787747111460 0.254071 9.527284 2.310131 
943787766020367 0.326629 9.498244 2.418068 
943787784929325 0.340935 9.479183 2.489828 
943787803838231 0.259427 9.492580 2.448266 
943787822747138 0.140553 9.527062 2.320713 
943787841656044 0.076800 9.553068 2.214359 
943787860565002 0.120125 9.547112 2.237994 
943787879473908 0.242397 9.505425 2.399693 
943787898382815 0.380394 9.452717 2.582990 
943787917291721 0.461371 9.425233 2.668800 
943787936200679 0.437550 9.438967 2.623895 
943787955109585 0.330397 9.476755 2.500468 
943787974018492 0.208505 9.511870 2.377229 
943787992927450 0.130584 9.525104 2.329320 
943788011836356 0.124171 9.514848 2.371211 
943788030745315 0.154626 9.494864 2.448267 
943788049654221 0.191064 9.484483 2.485651 
943788068563127 0.220193 9.491798 2.455131 
943788087472085 0.238098 9.511517 2.375866 
943788106380992 0.249947 9.530814 2.295976 
943788125289898 0.251613 9.544305 2.239042 
943788144198856 0.235221 9.556621 2.187706 
943788163107763 0.191857 9.572605 2.121039 
943788182016721 0.117408 9.595365 2.021284 
943788200925627 0.048631 9.619873 1.904225 
943788219834585 0.040814 9.635118 1.825708 
943788238743492 0.099019 9.635993 1.818851 
943788257652398 0.172254 9.625689 1.867305 
943788276561356 0.217249 9.612504 1.929495 
943788295470263 0.206313 9.608260 1.951711 
943788314379221 0.154798 9.620890 1.893384 
943788333288127 0.105394 9.644806 1.771159 
943788352197085 0.095173 9.664221 1.662574 
943788371105992 0.124825 9.665240 1.654668 
943788390014950 0.169555 9.644013 1.770490 
943788408923856 0.201878 9.613273 1.927333 
943788427832815 0.211745 9.590242 2.037838 
943788446741721 0.217837 9.578366 2.092328 
943788465650679 0.244671 9.568397 2.134551 
943788484559638 0.299649 9.551151 2.203657 
943788503468544 0.376262 9.527801 2.291250 
943788522377502 0.436687 9.507758 2.362676 
943788541286408 0.432855 9.500493 2.392417 
943788560195367 0.355331 9.509486 2.369344 
943788579104273 0.237970 9.529652 2.302062 
943788598013231 0.132961 9.546869 2.238301 
943788616922190 0.090303 9.546276 2.242955 
943788635831096 0.122169 9.526477 2.324154 
943788654740054 0.170239 9.496750 2.439908 
943788673649013 0.187419 9.471224 2.535974 
943788692557919 0.160098 9.461333 2.574476 
943788711466877 0.111188 9.471365 2.539934 
943788730375835 0.075441 9.491551 2.464781 
943788749284742 0.067180 9.504283 2.415465 
943788768193700 0.096464 9.500302 2.430089 
943788787102658 0.153067 9.489118 2.470549 
943788806011565 0.203219 9.486596 2.476608 
943788824920523 0.234860 9.500923 2.418199 
943788843829481 0.255895 9.525811 2.315990 
943788862738388 0.279926 9.543843 2.237654 
943788881647346 0.312405 9.541489 2.243391 
943788900556304 0.368832 9.514692 2.346271 
943788919465263 0.430047 9.469803 2.511631 
943788938374169 0.443556 9.428356 2.660783 
943788957283127 0.376226 9.421533 2.695101 
943788976192085 0.271230 9.454967 2.588514 
943788995101044 0.200334 9.493052 2.451986 
943789014009950 0.204000 9.497119 2.435879 
943789032918908 0.266714 9.460763 2.567727 
943789051827867 0.340749 9.406589 2.751429 
943789070736825 0.378935 9.367115 2.878187 
943789089645731 0.343723 9.365273 2.888578 
943789108554690 0.244768 9.398866 2.787795 
943789127463648 0.135896 9.446317 2.630404 
943789146372606 0.075241 9.486693 2.483422 
943789165281565 0.095507 9.506004 2.407724 
943789184190523 0.179718 9.500271 2.425477 
943789203099429 0.285564 9.478106 2.500866 
943789222008388 0.372284 9.455168 2.575187 
943789240917346 0.405005 9.444613 2.608761 
943789259826304 0.369734 9.446401 2.607526 
943789278735263 0.297083 9.452312 2.595364 
943789297644221 0.228423 9.454518 2.594280 
943789316553179 0.189637 9.444630 2.633137 
943789335462085 0.156191 9.410580 2.754451 
943789354371044 0.114680 9.364178 2.910223 
943789373280002 0.090884 9.316010 3.061713 
943789392188960 0.091181 9.275783 3.181497 
943789411097919 0.105570 9.252561 3.247977 
943789430006877 0.127457 9.242128 3.276770 
943789448915835 0.133265 9.238796 3.285921 
943789467824794 0.109595 9.248956 3.258098 
943789486733752 0.089094 9.266497 3.208503 
943789505642710 0.120822 9.275335 3.181816 
943789524551669 0.209487 9.264832 3.207708 
943789543460575 0.316879 9.234669 3.284946 
943789562369533 0.401020 9.195550 3.383995 
943789581278492 0.436324 9.163218 3.466328 
943789600187450 0.440172 9.156081 3.484654 
943789619096408 0.465292 9.168069 3.449696 
943789638005367 0.542699 9.177681 3.412628 
943789656914325 0.646028 9.168350 3.419703 
943789675823283 0.741227 9.135395 3.487911 
943789694732242 0.797209 9.093913 3.582679 
943789713641200 0.795545 9.062904 3.660772 
943789732550158 0.732054 9.048334 3.709737 
943789751459117 0.623222 9.058667 3.704393 
943789770368075 0.515475 9.091445 3.640095 
943789789277033 0.460342 9.120010 3.575453 
943789808185992 0.479128 9.124489 3.561533 
943789827094950 0.560731 9.104460 3.600664 
943789846003960 0.677315 9.070676 3.665304 
943789864912919 0.803479 9.040128 3.714956 
943789883821877 0.908103 9.027068 3.722603 
943789902730835 0.965592 9.035879 3.686585 
943789921639794 0.963784 9.066371 3.611430 
943789940548752 0.894112 9.091582 3.565681 
943789959457710 0.833716 9.082047 3.604403 
943789978366669 0.836461 9.043765 3.698791 
943789997275627 0.886622 9.006730 3.776650 
943790016184585 0.935148 8.993805 3.795701 
943790035093544 0.915572 9.013682 3.753084 
943790054002502 0.797219 9.057552 3.673630 
943790072911513 0.608473 9.104657 3.592402 
943790091820471 0.398000 9.146894 3.513730 
