# Created at Wed Jun 05 17:07:12 GMT+03:00 2024 in Burnaby Canada 
943784608239533 0.064597 0.480737 -0.094987 
943784627148335 -0.003512 0.389339 -0.086740 
943784646057138 -0.100332 0.289160 0.068109 
943784664965992 -0.184018 -0.028175 0.176840 
943784683874794 -0.111632 -0.262741 0.189057 
943784702783596 0.055740 -0.222425 0.139273 
943784721692398 0.155002 0.133088 0.074218 
943784740601200 -0.039858 0.337417 -0.049479 
943784759510054 -0.375518 0.172793 -0.069942 
943784778418856 -0.494328 -0.126216 -0.098652 
943784797327658 -0.306187 -0.343983 -0.128889 
943784816236460 0.186461 -0.322604 -0.267551 
943784835145315 0.751800 -0.203794 -0.379947 
943784854054117 0.907566 0.067728 -0.175313 
943784872962919 0.348641 0.349939 0.118810 
943784891871773 -0.636656 0.009697 0.105371 
943784910780575 -1.015075 -0.414231 -0.179895 
943784929689377 -0.436909 -0.398960 -0.373228 
943784948598231 0.451874 -0.034589 -0.263886 
943784967507033 0.905428 0.230824 0.036651 
943784986415835 0.638488 0.129423 0.328025 
943785005324690 -0.009621 -0.312219 0.452103 
943785024233492 -0.562743 -0.651545 0.418201 
943785043142346 -0.699573 -0.577938 0.225097 
943785062051148 -0.370326 -0.121940 -0.186614 
943785080960002 0.149505 0.395753 -0.603823 
943785099868804 0.535866 0.741569 -0.707972 
943785118777658 0.503185 0.512195 -0.477683 
943785137686460 0.133317 -0.227922 -0.137441 
943785156595315 -0.105524 -0.539760 0.086435 
943785175504117 -0.087504 -0.338791 0.077272 
943785194412971 0.062459 0.118733 0.040010 
943785213321773 0.176688 0.410795 0.030237 
943785232230627 0.195624 0.153246 -0.047952 
943785251139481 0.211811 -0.379718 -0.113312 
943785270048283 0.290916 -0.641161 -0.120642 
943785288957138 0.376435 -0.355284 -0.085213 
943785307865940 0.269842 0.020387 -0.004887 
943785326774794 -0.051158 0.318175 0.017409 
943785345683648 -0.330621 0.444697 -0.090405 
943785364592502 -0.422248 0.242735 -0.121253 
943785383501304 -0.273507 -0.066964 -0.043676 
943785402410158 0.147978 -0.079181 -0.106898 
943785421319013 0.616498 0.195395 -0.307256 
943785440227815 0.523038 0.459968 -0.251058 
943785459136669 -0.226472 0.371319 0.017104 
943785478045523 -0.840984 -0.058412 0.068720 
943785496954377 -0.640015 -0.124078 -0.098041 
943785515863179 0.182796 0.241819 -0.240979 
943785534772033 0.768599 0.626424 -0.254418 
943785553680888 0.662617 0.693922 -0.091627 
943785572589742 -0.016951 0.327032 0.186919 
943785591498596 -0.640626 -0.088038 0.373533 
943785610407450 -0.775623 -0.307943 0.373533 
943785629316304 -0.452791 -0.262741 0.194555 
943785648225158 0.003818 0.070171 -0.035124 
943785667133960 0.271063 0.340776 -0.142022 
943785686042815 0.256709 0.408657 -0.144771 
943785704951669 0.067040 0.269002 0.011301 
943785723860523 -0.151032 0.069255 0.235482 
943785742769377 -0.235940 -0.136295 0.344212 
943785761678231 -0.149505 -0.159202 0.361011 
943785780587085 0.014813 0.064673 0.305729 
943785799495940 0.156835 0.369181 0.215629 
943785818404794 0.204176 0.444086 0.093460 
943785837313648 0.212117 0.244568 -0.138968 
943785856222554 0.217003 0.065284 -0.207688 
943785875131408 0.178215 0.035658 -0.003054 
943785894040263 -0.048104 -0.062994 0.239758 
943785912949117 -0.265566 -0.200740 0.209826 
943785931857971 -0.203565 -0.169281 -0.002443 
943785950766825 0.053907 0.011835 -0.115145 
943785969675679 0.213033 0.096743 -0.074523 
943785988584533 0.288778 -0.014431 -0.139884 
943786007493440 0.643680 -0.114305 -0.276714 
943786026402294 0.758825 -0.039476 -0.210437 
943786045311148 0.177298 0.067728 -0.066582 
943786064220002 -0.476614 0.022830 0.014355 
943786083128856 -0.337951 -0.383078 -0.040927 
943786102037710 0.443017 -0.542509 -0.004276 
943786120946617 0.935054 -0.370861 0.033291 
943786139855471 0.731337 -0.223036 0.094987 
943786158764325 0.162333 -0.168976 0.278546 
943786177673231 -0.381321 -0.243194 0.382085 
943786196582085 -0.545945 -0.507690 0.198525 
943786215490940 -0.209979 -0.418812 -0.131638 
943786234399846 0.339173 -0.061772 -0.414765 
943786253308700 0.606113 0.211888 -0.559231 
943786272217554 0.376435 0.111403 -0.500895 
943786291126460 -0.000153 -0.199213 -0.290763 
943786310035315 -0.162027 -0.440497 -0.166456 
943786328944169 -0.086893 -0.258770 -0.061390 
943786347853075 0.093001 -0.015042 -0.008552 
943786366761929 0.208452 0.173099 -0.024434 
943786385670835 0.334592 0.242430 -0.135608 
943786404579690 0.318099 0.178596 -0.109342 
943786423488544 0.207841 0.006032 0.066888 
943786442397450 0.127209 -0.179360 0.098957 
943786461306304 0.093612 -0.064826 -0.050089 
943786480215210 0.103080 0.276027 -0.313365 
943786499124065 0.157140 0.460273 -0.476766 
943786518032971 0.238078 0.390866 -0.350626 
943786536941825 0.237772 0.142862 -0.005498 
943786555850731 0.164776 -0.176306 0.251058 
943786574759638 -0.056962 -0.404763 0.383307 
943786593668492 -0.525176 -0.518380 0.510439 
943786612577398 -0.920394 -0.391019 0.374144 
943786631486252 -0.885576 -0.052915 0.029321 
943786650395158 -0.435381 0.479821 -0.349099 
943786669304013 0.207841 0.934596 -0.668878 
943786688212919 0.730726 1.184433 -0.753785 
943786707121825 0.726755 0.875039 -0.453249 
943786726030679 0.179436 0.155384 0.112396 
943786744939585 -0.472032 -0.516242 0.552282 
943786763848492 -0.819604 -0.726985 0.661013 
943786782757346 -0.658646 -0.498833 0.468291 
943786801666252 -0.143091 0.057649 0.108120 
943786820575158 0.322375 0.569615 -0.150268 
943786839484013 0.432938 0.692701 -0.204023 
943786858392919 0.235634 0.513417 -0.103233 
943786877301825 -0.095139 0.130340 0.036345 
943786896210731 -0.255487 -0.139960 0.131332 
943786915119585 -0.076203 -0.154315 0.145076 
943786934028492 0.261595 0.119039 0.148741 
943786952937398 0.353528 0.241514 0.220210 
943786971846304 0.132707 0.185010 0.239147 
943786990755158 -0.134539 0.089718 0.149963 
943787009664065 -0.127820 -0.045890 -0.019242 
943787028572971 0.242964 -0.024510 -0.228762 
943787047481877 0.631463 0.115679 -0.247699 
943787066390783 0.520900 0.219218 0.009163 
943787085299638 -0.147978 -0.066353 0.425531 
943787104208544 -0.801279 -0.661929 0.645742 
943787123117450 -0.760352 -0.943530 0.476843 
943787142026356 0.168747 -0.536400 0.005803 
943787160935263 1.151905 0.307180 -0.215629 
943787179844169 1.285986 0.735155 -0.151796 
943787198753075 0.581374 0.248844 0.071164 
943787217661981 -0.351695 -0.589849 0.286793 
943787236570888 -0.846176 -0.801203 0.278546 
943787255479794 -0.770431 -0.521129 0.153934 
943787274388700 -0.362996 -0.032757 0.057725 
943787293297554 -0.105829 0.097354 -0.035735 
943787312206513 -0.166914 -0.173862 -0.124918 
943787331115419 -0.293359 -0.464015 -0.164012 
943787350024273 -0.314434 -0.449965 -0.176840 
943787368933231 -0.279004 -0.243194 -0.236092 
943787387842138 -0.193180 -0.063299 -0.375366 
943787406751044 0.001069 0.111098 -0.522580 
943787425659950 0.203870 0.236322 -0.551290 
943787444568856 0.214255 0.157828 -0.437672 
943787463477763 0.052380 -0.005269 -0.155766 
943787482386669 -0.145229 -0.148818 0.111174 
943787501295575 -0.260068 -0.228839 0.226013 
943787520204481 -0.259457 -0.160118 0.251364 
943787539113388 -0.177909 -0.085900 0.143549 
943787558022294 -0.062765 -0.026648 0.060168 
943787576931252 0.010537 0.075058 0.076050 
943787595840158 -0.030390 0.078112 0.104149 
943787614749065 -0.110716 0.080861 0.067499 
943787633657971 -0.158668 -0.008323 0.022296 
943787652566877 -0.144924 -0.093536 0.000305 
943787671475783 -0.016035 -0.038560 0.010690 
943787690384690 0.200511 0.155690 -0.037567 
943787709293648 0.360247 0.368875 -0.049784 
943787728202554 0.184629 0.247622 0.199136 
943787747111460 -0.309241 -0.097812 0.404763 
943787766020367 -0.645513 -0.225174 0.352764 
943787784929325 -0.395982 -0.055969 0.054671 
943787803838231 0.284808 0.544570 -0.321000 
943787822747138 0.757909 1.167634 -0.342991 
943787841656044 0.604586 1.276671 0.010079 
943787860565002 -0.134845 0.670099 0.456685 
943787879473908 -0.895960 -0.178444 0.670787 
943787898382815 -1.001331 -0.599012 0.608786 
943787917291721 -0.439963 -0.359560 0.316419 
943787936200679 0.299773 0.341998 -0.098041 
943787955109585 0.720036 0.885729 -0.418736 
943787974018492 0.681247 0.948646 -0.468214 
943787992927450 0.231969 0.569310 -0.295650 
943788011836356 -0.272896 0.031688 -0.006108 
943788030745315 -0.453401 -0.191272 0.138357 
943788049654221 -0.207535 -0.060245 0.198220 
943788068563127 0.190737 0.177069 0.216851 
943788087472085 0.458594 0.358186 0.189057 
943788106380992 0.441184 0.254952 0.115450 
943788125289898 0.293054 -0.012904 -0.017409 
943788144198856 0.246324 -0.051998 -0.123086 
943788163107763 0.325429 0.199976 -0.207688 
943788182016721 0.512654 0.594354 -0.288625 
943788200925627 0.618636 0.710415 -0.222654 
943788219834585 0.411253 0.255563 0.042148 
943788238743492 0.011148 -0.332072 0.289542 
943788257652398 -0.312907 -0.462182 0.315197 
943788276561356 -0.381016 -0.227922 0.171953 
943788295470263 -0.121406 0.016111 -0.104760 
943788314379221 0.355055 0.022525 -0.310310 
943788333288127 0.692243 -0.089260 -0.294734 
943788352197085 0.559383 -0.145763 -0.084908 
943788371105992 -0.037720 -0.124995 0.124918 
943788390014950 -0.702016 -0.246553 0.168594 
943788408923856 -0.862669 -0.295116 0.085824 
943788427832815 -0.555413 -0.174168 -0.011301 
943788446741721 -0.228610 -0.113389 -0.009163 
943788465650679 -0.176688 -0.236474 0.086740 
943788484559638 -0.352917 -0.514715 0.174091 
943788503468544 -0.475392 -0.826858 0.213491 
943788522377502 -0.403617 -0.862593 0.098346 
943788541286408 -0.176688 -0.547396 -0.199442 
943788560195367 0.125682 -0.119802 -0.498146 
943788579104273 0.373380 0.278775 -0.595576 
943788598013231 0.341311 0.318480 -0.490816 
943788616922190 -0.052686 -0.075821 -0.216545 
943788635831096 -0.486387 -0.443246 0.113312 
943788654740054 -0.663838 -0.479591 0.161569 
943788673649013 -0.526092 -0.210819 0.040621 
943788692557919 -0.168136 0.028633 -0.146909 
943788711466877 0.255487 0.239681 -0.195777 
943788730375835 0.464091 0.328254 -0.085519 
943788749284742 0.290611 0.155690 0.015577 
943788768193700 -0.083228 -0.210513 0.128278 
943788787102658 -0.218531 -0.468291 0.218989 
943788806011565 -0.016340 -0.371777 0.201580 
943788824920523 0.346503 -0.057191 0.176535 
943788843829481 0.570684 0.306264 0.202801 
943788862738388 0.415223 0.455387 0.242812 
943788881647346 -0.071316 0.477072 0.279157 
943788900556304 -0.606113 0.390560 0.393386 
943788919465263 -0.923754 0.161798 0.358567 
943788938374169 -0.787229 -0.115221 0.003665 
943788957283127 -0.093307 0.005421 -0.402548 
943788976192085 0.696213 0.485624 -0.436145 
943788995101044 0.806777 0.692090 -0.165540 
943789014009950 0.074065 0.252509 0.124002 
943789032918908 -0.777150 -0.345510 0.277630 
943789051827867 -1.040731 -0.647269 0.229068 
943789070736825 -0.692854 -0.448133 0.067193 
943789089645731 -0.010537 0.017027 -0.221127 
943789108554690 0.624744 0.362461 -0.469436 
943789127463648 0.912453 0.523802 -0.453249 
943789146372606 0.812580 0.467298 -0.172870 
943789165281565 0.391706 0.086664 0.188141 
943789184190523 -0.142480 -0.369334 0.411482 
943789203099429 -0.468062 -0.574578 0.450271 
943789222008388 -0.451569 -0.414536 0.363760 
943789240917346 -0.207230 0.132783 0.200663 
943789259826304 0.007483 0.542738 -0.069942 
943789278735263 0.074676 0.619094 -0.244950 
943789297644221 0.002291 0.481042 -0.238230 
943789316553179 -0.235634 -0.013210 -0.200358 
943789335462085 -0.733169 -0.278317 -0.254112 
943789354371044 -0.926808 -0.203488 -0.299010 
943789373280002 -0.880689 -0.184552 -0.172870 
943789392188960 -0.672696 -0.238918 -0.046424 
943789411097919 -0.365134 -0.142709 0.054976 
943789430006877 -0.149199 -0.092925 0.115145 
943789448915835 -0.038942 -0.104837 0.002749 
943789467824794 0.165081 -0.161340 -0.195471 
943789486733752 0.285113 -0.512577 -0.286487 
943789505642710 0.114687 -0.602372 0.010995 
943789524551669 -0.214866 -0.481119 0.380252 
943789543460575 -0.489747 -0.430724 0.470429 
943789562369533 -0.583817 -0.403846 0.314281 
943789581278492 -0.460121 -0.346121 0.042454 
943789600187450 -0.068873 -0.376358 -0.139579 
943789619096408 0.227999 -0.366890 0.020158 
943789638005367 0.211811 -0.313441 0.360400 
943789656914325 -0.061543 -0.247164 0.515326 
943789675823283 -0.419499 -0.286869 0.426142 
943789694732242 -0.552359 -0.121635 0.250753 
943789713641200 -0.411558 0.246095 0.050395 
943789732550158 -0.207535 0.468520 -0.215935 
943789751459117 0.124460 0.665518 -0.377198 
943789770368075 0.454623 0.818230 -0.282517 
943789789277033 0.416751 0.537851 -0.074523 
943789808185992 0.074371 0.035964 0.159431 
943789827094950 -0.268926 -0.383994 0.353986 
943789846003960 -0.427746 -0.482340 0.501582 
943789864912919 -0.320542 -0.438665 0.558391 
943789883821877 -0.056656 -0.329628 0.456379 
943789902730835 0.206008 -0.295421 0.178978 
943789921639794 0.447904 0.064368 -0.025350 
943789940548752 0.287556 0.569615 -0.215018 
943789959457710 -0.218531 0.271140 -0.254112 
943789978366669 -0.565186 -0.092620 -0.003054 
943789997275627 -0.452485 -0.062688 0.286182 
943790016184585 -0.068873 0.181956 0.358262 
943790035093544 0.330927 0.497535 0.051617 
943790054002502 0.554802 0.721716 -0.462106 
943790072911513 0.542280 0.721105 -0.864960 
943790091820471 0.504102 0.711637 -0.952005 
