# Created at Wed Jun 05 17:07:12 GMT+03:00 2024 in Burnaby Canada 
943784608239533 0.068720 0.490205 -0.108425 
943784627148335 0.000611 0.398883 -0.100179 
943784646057138 -0.096208 0.298704 0.054671 
943784664965992 -0.179895 -0.018631 0.163402 
943784683874794 -0.107509 -0.253196 0.175619 
943784702783596 0.059863 -0.212880 0.125835 
943784721692398 0.159126 0.142633 0.060779 
943784740601200 -0.035735 0.346961 -0.062917 
943784759510054 -0.371395 0.182338 -0.083381 
943784778418856 -0.490205 -0.116672 -0.112090 
943784797327658 -0.302064 -0.334439 -0.142327 
943784816236460 0.190584 -0.313059 -0.280990 
943784835145315 0.755924 -0.194249 -0.393386 
943784854054117 0.911690 0.077272 -0.188752 
943784872962919 0.352764 0.359484 0.105371 
943784891871773 -0.632532 0.019242 0.091933 
943784910780575 -1.010952 -0.404686 -0.193333 
943784929689377 -0.432785 -0.389415 -0.386666 
943784948598231 0.455997 -0.025045 -0.277325 
943784967507033 0.909552 0.240368 0.023212 
943784986415835 0.642611 0.138968 0.314586 
943785005324690 -0.005498 -0.302675 0.438588 
943785024233492 -0.558620 -0.642000 0.404686 
943785043142346 -0.695450 -0.568393 0.211659 
943785062051148 -0.366203 -0.112396 -0.200052 
943785080960002 0.153628 0.405297 -0.617261 
943785099868804 0.539989 0.751037 -0.721411 
943785118777658 0.507309 0.521664 -0.491121 
943785137686460 0.137441 -0.218378 -0.150879 
943785156595315 -0.101401 -0.530215 0.072996 
943785175504117 -0.083381 -0.329247 0.063834 
943785194412971 0.066582 0.128278 0.026572 
943785213321773 0.180811 0.420263 0.016798 
943785232230627 0.199747 0.162791 -0.061390 
943785251139481 0.215935 -0.370173 -0.126751 
943785270048283 0.295039 -0.631616 -0.134081 
943785288957138 0.380558 -0.345740 -0.098652 
943785307865940 0.273965 0.029932 -0.018325 
943785326774794 -0.047035 0.327720 0.003971 
943785345683648 -0.326498 0.454165 -0.103844 
943785364592502 -0.418125 0.252280 -0.134692 
943785383501304 -0.269384 -0.057420 -0.057114 
943785402410158 0.152101 -0.069637 -0.120337 
943785421319013 0.620621 0.204939 -0.320695 
943785440227815 0.527161 0.469436 -0.264497 
943785459136669 -0.222348 0.380863 0.003665 
943785478045523 -0.836861 -0.048868 0.055282 
943785496954377 -0.635892 -0.114534 -0.111480 
943785515863179 0.186919 0.251364 -0.254418 
943785534772033 0.772722 0.635892 -0.267857 
943785553680888 0.666740 0.703391 -0.105066 
943785572589742 -0.012828 0.336577 0.173481 
943785591498596 -0.636503 -0.078494 0.360094 
943785610407450 -0.771500 -0.298399 0.360094 
943785629316304 -0.448667 -0.253196 0.181116 
943785648225158 0.007941 0.079716 -0.048562 
943785667133960 0.275187 0.350321 -0.155461 
943785686042815 0.260832 0.418125 -0.158209 
943785704951669 0.071164 0.278546 -0.002138 
943785723860523 -0.146909 0.078799 0.222043 
943785742769377 -0.231817 -0.126751 0.330774 
943785761678231 -0.145382 -0.149658 0.347572 
943785780587085 0.018936 0.074218 0.292290 
943785799495940 0.160958 0.378725 0.202190 
943785818404794 0.208299 0.453554 0.080021 
943785837313648 0.216240 0.254112 -0.152406 
943785856222554 0.221127 0.074829 -0.221127 
943785875131408 0.182338 0.045203 -0.016493 
943785894040263 -0.043981 -0.053449 0.226319 
943785912949117 -0.261443 -0.191195 0.196387 
943785931857971 -0.199442 -0.159737 -0.015882 
943785950766825 0.058030 0.021380 -0.128583 
943785969675679 0.217156 0.106287 -0.087962 
943785988584533 0.292901 -0.004887 -0.153323 
943786007493440 0.647804 -0.104760 -0.290152 
943786026402294 0.762948 -0.029932 -0.223876 
943786045311148 0.181422 0.077272 -0.080021 
943786064220002 -0.472490 0.032375 0.000916 
943786083128856 -0.333828 -0.373533 -0.054365 
943786102037710 0.447140 -0.532964 -0.017715 
943786120946617 0.939178 -0.361316 0.019853 
943786139855471 0.735460 -0.213491 0.081548 
943786158764325 0.166456 -0.159431 0.265108 
943786177673231 -0.377198 -0.233649 0.368646 
943786196582085 -0.541822 -0.498146 0.185087 
943786215490940 -0.205856 -0.409268 -0.145076 
943786234399846 0.343296 -0.052227 -0.428204 
943786253308700 0.610236 0.221432 -0.572669 
943786272217554 0.380558 0.120948 -0.514333 
943786291126460 0.003971 -0.189668 -0.304202 
943786310035315 -0.157904 -0.430953 -0.179895 
943786328944169 -0.082770 -0.249226 -0.074829 
943786347853075 0.097125 -0.005498 -0.021991 
943786366761929 0.212575 0.182643 -0.037873 
943786385670835 0.338715 0.251974 -0.149047 
943786404579690 0.322222 0.188141 -0.122780 
943786423488544 0.211964 0.015577 0.053449 
943786442397450 0.131332 -0.169816 0.085519 
943786461306304 0.097736 -0.055282 -0.063528 
943786480215210 0.107204 0.285571 -0.326803 
943786499124065 0.161264 0.469742 -0.490205 
943786518032971 0.242201 0.400410 -0.364065 
943786536941825 0.241896 0.152406 -0.018936 
943786555850731 0.168899 -0.166761 0.237620 
943786574759638 -0.052838 -0.395218 0.369868 
943786593668492 -0.521053 -0.508836 0.496924 
943786612577398 -0.916271 -0.381474 0.360705 
943786631486252 -0.881453 -0.043370 0.015882 
943786650395158 -0.431258 0.489289 -0.362538 
943786669304013 0.211964 0.944064 -0.682316 
943786688212919 0.734849 1.193901 -0.767224 
943786707121825 0.730879 0.884507 -0.466687 
943786726030679 0.183560 0.164929 0.098957 
943786744939585 -0.467909 -0.506698 0.538767 
943786763848492 -0.815481 -0.717440 0.647498 
943786782757346 -0.654523 -0.489289 0.454776 
943786801666252 -0.138968 0.067193 0.094681 
943786820575158 0.326498 0.579083 -0.163707 
943786839484013 0.437061 0.702169 -0.217462 
943786858392919 0.239758 0.522885 -0.116672 
943786877301825 -0.091016 0.139884 0.022907 
943786896210731 -0.251364 -0.130416 0.117894 
943786915119585 -0.072080 -0.144771 0.131638 
943786934028492 0.265719 0.128583 0.135303 
943786952937398 0.357651 0.251058 0.206772 
943786971846304 0.136830 0.194555 0.225708 
943786990755158 -0.130416 0.099263 0.136524 
943787009664065 -0.123697 -0.036345 -0.032680 
943787028572971 0.247088 -0.014966 -0.242201 
943787047481877 0.635587 0.125224 -0.261137 
943787066390783 0.525023 0.228762 -0.004276 
943787085299638 -0.143855 -0.056809 0.412016 
943787104208544 -0.797156 -0.652385 0.632227 
943787123117450 -0.756229 -0.933985 0.463328 
943787142026356 0.172870 -0.526856 -0.007636 
943787160935263 1.156028 0.316724 -0.229068 
943787179844169 1.290109 0.744623 -0.165234 
943787198753075 0.585497 0.258388 0.057725 
943787217661981 -0.347572 -0.580305 0.273354 
943787236570888 -0.842053 -0.791658 0.265108 
943787255479794 -0.766308 -0.511585 0.140495 
943787274388700 -0.358873 -0.023212 0.044286 
943787293297554 -0.101706 0.106898 -0.049173 
943787312206513 -0.162791 -0.164318 -0.138357 
943787331115419 -0.289236 -0.454470 -0.177451 
943787350024273 -0.310310 -0.440421 -0.190279 
943787368933231 -0.274881 -0.233649 -0.249531 
943787387842138 -0.189057 -0.053755 -0.388804 
943787406751044 0.005192 0.120642 -0.536018 
943787425659950 0.207993 0.245866 -0.564728 
943787444568856 0.218378 0.167372 -0.451111 
943787463477763 0.056503 0.004276 -0.169205 
943787482386669 -0.141106 -0.139273 0.097736 
943787501295575 -0.255945 -0.219294 0.212575 
943787520204481 -0.255334 -0.150574 0.237925 
943787539113388 -0.173786 -0.076356 0.130110 
943787558022294 -0.058641 -0.017104 0.046730 
943787576931252 0.014660 0.084602 0.062612 
943787595840158 -0.026266 0.087657 0.090711 
943787614749065 -0.106593 0.090405 0.054060 
943787633657971 -0.154544 0.001222 0.008857 
943787652566877 -0.140800 -0.083991 -0.013133 
943787671475783 -0.011912 -0.029015 -0.002749 
943787690384690 0.204634 0.165234 -0.051006 
943787709293648 0.364370 0.378420 -0.063223 
943787728202554 0.188752 0.257167 0.185698 
943787747111460 -0.305118 -0.088267 0.391248 
943787766020367 -0.641390 -0.215629 0.339326 
943787784929325 -0.391859 -0.046424 0.041232 
943787803838231 0.288931 0.554038 -0.334439 
943787822747138 0.762032 1.177103 -0.356429 
943787841656044 0.608709 1.286139 -0.003360 
943787860565002 -0.130721 0.679568 0.443170 
943787879473908 -0.891837 -0.168899 0.657272 
943787898382815 -0.997208 -0.589468 0.595271 
943787917291721 -0.435840 -0.350015 0.302980 
943787936200679 0.303897 0.351543 -0.111480 
943787955109585 0.724159 0.895197 -0.432174 
943787974018492 0.685371 0.958114 -0.481653 
943787992927450 0.236092 0.578778 -0.309089 
943788011836356 -0.268773 0.041232 -0.019547 
943788030745315 -0.449278 -0.181727 0.124918 
943788049654221 -0.203412 -0.050700 0.184781 
943788068563127 0.194860 0.186614 0.203412 
943788087472085 0.462717 0.367730 0.175619 
943788106380992 0.445308 0.264497 0.102011 
943788125289898 0.297177 -0.003360 -0.030848 
943788144198856 0.250447 -0.042454 -0.136524 
943788163107763 0.329552 0.209521 -0.221127 
943788182016721 0.516777 0.603823 -0.302064 
943788200925627 0.622759 0.719884 -0.236092 
943788219834585 0.415376 0.265108 0.028710 
943788238743492 0.015271 -0.322527 0.276103 
943788257652398 -0.308783 -0.452638 0.301759 
943788276561356 -0.376893 -0.218378 0.158515 
943788295470263 -0.117283 0.025656 -0.118199 
943788314379221 0.359178 0.032069 -0.323749 
943788333288127 0.696366 -0.079716 -0.308172 
943788352197085 0.563507 -0.136219 -0.098346 
943788371105992 -0.033597 -0.115450 0.111480 
943788390014950 -0.697893 -0.237009 0.155155 
943788408923856 -0.858546 -0.285571 0.072385 
943788427832815 -0.551290 -0.164623 -0.024739 
943788446741721 -0.224486 -0.103844 -0.022601 
943788465650679 -0.172564 -0.226930 0.073302 
943788484559638 -0.348794 -0.505171 0.160653 
943788503468544 -0.471269 -0.817314 0.200052 
943788522377502 -0.399494 -0.853048 0.084908 
943788541286408 -0.172564 -0.537851 -0.212880 
943788560195367 0.129805 -0.110258 -0.511585 
943788579104273 0.377504 0.288320 -0.609015 
943788598013231 0.345434 0.328025 -0.504254 
943788616922190 -0.048562 -0.066277 -0.229984 
943788635831096 -0.482264 -0.433702 0.099874 
943788654740054 -0.659715 -0.470047 0.148130 
943788673649013 -0.521969 -0.201274 0.027183 
943788692557919 -0.164012 0.038178 -0.160347 
943788711466877 0.259610 0.249226 -0.209215 
943788730375835 0.468214 0.337799 -0.098957 
943788749284742 0.294734 0.165234 0.002138 
943788768193700 -0.079105 -0.200969 0.114839 
943788787102658 -0.214407 -0.458746 0.205550 
943788806011565 -0.012217 -0.362232 0.188141 
943788824920523 0.350626 -0.047646 0.163096 
943788843829481 0.574807 0.315808 0.189363 
943788862738388 0.419347 0.464855 0.229373 
943788881647346 -0.067193 0.486540 0.265719 
943788900556304 -0.601990 0.400105 0.379947 
943788919465263 -0.919631 0.171343 0.345129 
943788938374169 -0.783106 -0.105677 -0.009774 
943788957283127 -0.089184 0.014966 -0.415987 
943788976192085 0.700336 0.495092 -0.449584 
943788995101044 0.810900 0.701558 -0.178978 
943789014009950 0.078188 0.262053 0.110563 
943789032918908 -0.773027 -0.335966 0.264191 
943789051827867 -1.036608 -0.637725 0.215629 
943789070736825 -0.688730 -0.438588 0.053755 
943789089645731 -0.006414 0.026572 -0.234565 
943789108554690 0.628867 0.372006 -0.482875 
943789127463648 0.916576 0.533270 -0.466687 
943789146372606 0.816703 0.476766 -0.186308 
943789165281565 0.395829 0.096208 0.174702 
943789184190523 -0.138357 -0.359789 0.397967 
943789203099429 -0.463939 -0.565034 0.436756 
943789222008388 -0.447446 -0.404992 0.350321 
943789240917346 -0.203107 0.142327 0.187225 
943789259826304 0.011606 0.552206 -0.083381 
943789278735263 0.078799 0.628562 -0.258388 
943789297644221 0.006414 0.490510 -0.251669 
943789316553179 -0.231511 -0.003665 -0.213797 
943789335462085 -0.729046 -0.268773 -0.267551 
943789354371044 -0.922685 -0.193944 -0.312448 
943789373280002 -0.876566 -0.175008 -0.186308 
943789392188960 -0.668572 -0.229373 -0.059863 
943789411097919 -0.361011 -0.133165 0.041538 
943789430006877 -0.145076 -0.083381 0.101706 
943789448915835 -0.034818 -0.095292 -0.010690 
943789467824794 0.169205 -0.151796 -0.208910 
943789486733752 0.289236 -0.503033 -0.299926 
943789505642710 0.118810 -0.592827 -0.002443 
943789524551669 -0.210742 -0.471574 0.366814 
943789543460575 -0.485624 -0.421179 0.456914 
943789562369533 -0.579694 -0.394302 0.300842 
943789581278492 -0.455997 -0.336577 0.029015 
943789600187450 -0.064750 -0.366814 -0.153017 
943789619096408 0.232122 -0.357346 0.006719 
943789638005367 0.215935 -0.303897 0.346961 
943789656914325 -0.057420 -0.237620 0.501811 
943789675823283 -0.415376 -0.277325 0.412627 
943789694732242 -0.548235 -0.112090 0.237314 
943789713641200 -0.407435 0.255640 0.036956 
943789732550158 -0.203412 0.477988 -0.229373 
943789751459117 0.128583 0.674986 -0.390637 
943789770368075 0.458746 0.827698 -0.295956 
943789789277033 0.420874 0.547319 -0.087962 
943789808185992 0.078494 0.045508 0.145992 
943789827094950 -0.264802 -0.374449 0.340547 
943789846003960 -0.423623 -0.472796 0.488067 
943789864912919 -0.316419 -0.429120 0.544876 
943789883821877 -0.052533 -0.320084 0.442864 
943789902730835 0.210131 -0.285877 0.165540 
943789921639794 0.452027 0.073913 -0.038789 
943789940548752 0.291680 0.579083 -0.228457 
943789959457710 -0.214407 0.280684 -0.267551 
943789978366669 -0.561063 -0.083075 -0.016493 
943789997275627 -0.448362 -0.053144 0.272743 
943790016184585 -0.064750 0.191501 0.344823 
943790035093544 0.335050 0.507003 0.038178 
943790054002502 0.558925 0.731184 -0.475545 
943790072911513 0.546403 0.730573 -0.878398 
943790091820471 0.508225 0.721105 -0.965444 
