# Created at Wed Jun 05 17:07:13 GMT+03:00 2024 in Burnaby Canada 
943784608239533 0.004122 0.009518 -0.013466 
943784627148335 0.004122 0.009518 -0.013466 
943784646057138 0.004122 0.009518 -0.013466 
943784664965992 0.004122 0.009518 -0.013466 
943784683874794 0.004122 0.009518 -0.013466 
943784702783596 0.004122 0.009518 -0.013466 
943784721692398 0.004122 0.009518 -0.013466 
943784740601200 0.004122 0.009518 -0.013466 
943784759510054 0.004122 0.009518 -0.013466 
943784778418856 0.004122 0.009518 -0.013466 
943784797327658 0.004122 0.009518 -0.013466 
943784816236460 0.004122 0.009518 -0.013466 
943784835145315 0.004122 0.009518 -0.013466 
943784854054117 0.004122 0.009518 -0.013466 
943784872962919 0.004122 0.009518 -0.013466 
943784891871773 0.004122 0.009518 -0.013466 
943784910780575 0.004122 0.009518 -0.013466 
943784929689377 0.004122 0.009518 -0.013466 
943784948598231 0.004122 0.009518 -0.013466 
943784967507033 0.004122 0.009518 -0.013466 
943784986415835 0.004122 0.009518 -0.013466 
943785005324690 0.004122 0.009518 -0.013466 
943785024233492 0.004122 0.009518 -0.013466 
943785043142346 0.004122 0.009518 -0.013466 
943785062051148 0.004122 0.009518 -0.013466 
943785080960002 0.004122 0.009518 -0.013466 
943785099868804 0.004122 0.009518 -0.013466 
943785118777658 0.004122 0.009518 -0.013466 
943785137686460 0.004122 0.009518 -0.013466 
943785156595315 0.004122 0.009518 -0.013466 
943785175504117 0.004122 0.009518 -0.013466 
943785194412971 0.004122 0.009518 -0.013466 
943785213321773 0.004122 0.009518 -0.013466 
943785232230627 0.004122 0.009518 -0.013466 
943785251139481 0.004122 0.009518 -0.013466 
943785270048283 0.004122 0.009518 -0.013466 
943785288957138 0.004122 0.009518 -0.013466 
943785307865940 0.004122 0.009518 -0.013466 
943785326774794 0.004122 0.009518 -0.013466 
943785345683648 0.004122 0.009518 -0.013466 
943785364592502 0.004122 0.009518 -0.013466 
943785383501304 0.004122 0.009518 -0.013466 
943785402410158 0.004122 0.009518 -0.013466 
943785421319013 0.004122 0.009518 -0.013466 
943785440227815 0.004122 0.009518 -0.013466 
943785459136669 0.004122 0.009518 -0.013466 
943785478045523 0.004122 0.009518 -0.013466 
943785496954377 0.004122 0.009518 -0.013466 
943785515863179 0.004122 0.009518 -0.013466 
943785534772033 0.004122 0.009518 -0.013466 
943785553680888 0.004122 0.009518 -0.013466 
943785572589742 0.004122 0.009518 -0.013466 
943785591498596 0.004122 0.009518 -0.013466 
943785610407450 0.004122 0.009518 -0.013466 
943785629316304 0.004122 0.009518 -0.013466 
943785648225158 0.004122 0.009518 -0.013466 
943785667133960 0.004122 0.009518 -0.013466 
943785686042815 0.004122 0.009518 -0.013466 
943785704951669 0.004122 0.009518 -0.013466 
943785723860523 0.004122 0.009518 -0.013466 
943785742769377 0.004122 0.009518 -0.013466 
943785761678231 0.004122 0.009518 -0.013466 
943785780587085 0.004122 0.009518 -0.013466 
943785799495940 0.004122 0.009518 -0.013466 
943785818404794 0.004122 0.009518 -0.013466 
943785837313648 0.004122 0.009518 -0.013466 
943785856222554 0.004122 0.009518 -0.013466 
943785875131408 0.004122 0.009518 -0.013466 
943785894040263 0.004122 0.009518 -0.013466 
943785912949117 0.004122 0.009518 -0.013466 
943785931857971 0.004122 0.009518 -0.013466 
943785950766825 0.004122 0.009518 -0.013466 
943785969675679 0.004122 0.009518 -0.013466 
943785988584533 0.004122 0.009518 -0.013466 
943786007493440 0.004122 0.009518 -0.013466 
943786026402294 0.004122 0.009518 -0.013466 
943786045311148 0.004122 0.009518 -0.013466 
943786064220002 0.004122 0.009518 -0.013466 
943786083128856 0.004122 0.009518 -0.013466 
943786102037710 0.004122 0.009518 -0.013466 
943786120946617 0.004122 0.009518 -0.013466 
943786139855471 0.004122 0.009518 -0.013466 
943786158764325 0.004122 0.009518 -0.013466 
943786177673231 0.004122 0.009518 -0.013466 
943786196582085 0.004122 0.009518 -0.013466 
943786215490940 0.004122 0.009518 -0.013466 
943786234399846 0.004122 0.009518 -0.013466 
943786253308700 0.004122 0.009518 -0.013466 
943786272217554 0.004122 0.009518 -0.013466 
943786291126460 0.004122 0.009518 -0.013466 
943786310035315 0.004122 0.009518 -0.013466 
943786328944169 0.004122 0.009518 -0.013466 
943786347853075 0.004122 0.009518 -0.013466 
943786366761929 0.004122 0.009518 -0.013466 
943786385670835 0.004122 0.009518 -0.013466 
943786404579690 0.004122 0.009518 -0.013466 
943786423488544 0.004122 0.009518 -0.013466 
943786442397450 0.004122 0.009518 -0.013466 
943786461306304 0.004122 0.009518 -0.013466 
943786480215210 0.004122 0.009518 -0.013466 
943786499124065 0.004122 0.009518 -0.013466 
943786518032971 0.004122 0.009518 -0.013466 
943786536941825 0.004122 0.009518 -0.013466 
943786555850731 0.004122 0.009518 -0.013466 
943786574759638 0.004122 0.009518 -0.013466 
943786593668492 0.004122 0.009518 -0.013466 
943786612577398 0.004122 0.009518 -0.013466 
943786631486252 0.004122 0.009518 -0.013466 
943786650395158 0.004122 0.009518 -0.013466 
943786669304013 0.004122 0.009518 -0.013466 
943786688212919 0.004122 0.009518 -0.013466 
943786707121825 0.004122 0.009518 -0.013466 
943786726030679 0.004122 0.009518 -0.013466 
943786744939585 0.004122 0.009518 -0.013466 
943786763848492 0.004122 0.009518 -0.013466 
943786782757346 0.004122 0.009518 -0.013466 
943786801666252 0.004122 0.009518 -0.013466 
943786820575158 0.004122 0.009518 -0.013466 
943786839484013 0.004122 0.009518 -0.013466 
943786858392919 0.004122 0.009518 -0.013466 
943786877301825 0.004122 0.009518 -0.013466 
943786896210731 0.004122 0.009518 -0.013466 
943786915119585 0.004122 0.009518 -0.013466 
943786934028492 0.004122 0.009518 -0.013466 
943786952937398 0.004122 0.009518 -0.013466 
943786971846304 0.004122 0.009518 -0.013466 
943786990755158 0.004122 0.009518 -0.013466 
943787009664065 0.004122 0.009518 -0.013466 
943787028572971 0.004122 0.009518 -0.013466 
943787047481877 0.004122 0.009518 -0.013466 
943787066390783 0.004122 0.009518 -0.013466 
943787085299638 0.004122 0.009518 -0.013466 
943787104208544 0.004122 0.009518 -0.013466 
943787123117450 0.004122 0.009518 -0.013466 
943787142026356 0.004122 0.009518 -0.013466 
943787160935263 0.004122 0.009518 -0.013466 
943787179844169 0.004122 0.009518 -0.013466 
943787198753075 0.004122 0.009518 -0.013466 
943787217661981 0.004122 0.009518 -0.013466 
943787236570888 0.004122 0.009518 -0.013466 
943787255479794 0.004122 0.009518 -0.013466 
943787274388700 0.004122 0.009518 -0.013466 
943787293297554 0.004122 0.009518 -0.013466 
943787312206513 0.004122 0.009518 -0.013466 
943787331115419 0.004122 0.009518 -0.013466 
943787350024273 0.004122 0.009518 -0.013466 
943787368933231 0.004122 0.009518 -0.013466 
943787387842138 0.004122 0.009518 -0.013466 
943787406751044 0.004122 0.009518 -0.013466 
943787425659950 0.004122 0.009518 -0.013466 
943787444568856 0.004122 0.009518 -0.013466 
943787463477763 0.004122 0.009518 -0.013466 
943787482386669 0.004122 0.009518 -0.013466 
943787501295575 0.004122 0.009518 -0.013466 
943787520204481 0.004122 0.009518 -0.013466 
943787539113388 0.004122 0.009518 -0.013466 
943787558022294 0.004122 0.009518 -0.013466 
943787576931252 0.004122 0.009518 -0.013466 
943787595840158 0.004122 0.009518 -0.013466 
943787614749065 0.004122 0.009518 -0.013466 
943787633657971 0.004122 0.009518 -0.013466 
943787652566877 0.004122 0.009518 -0.013466 
943787671475783 0.004122 0.009518 -0.013466 
943787690384690 0.004122 0.009518 -0.013466 
943787709293648 0.004122 0.009518 -0.013466 
943787728202554 0.004122 0.009518 -0.013466 
943787747111460 0.004122 0.009518 -0.013466 
943787766020367 0.004122 0.009518 -0.013466 
943787784929325 0.004122 0.009518 -0.013466 
943787803838231 0.004122 0.009518 -0.013466 
943787822747138 0.004122 0.009518 -0.013466 
943787841656044 0.004122 0.009518 -0.013466 
943787860565002 0.004122 0.009518 -0.013466 
943787879473908 0.004122 0.009518 -0.013466 
943787898382815 0.004122 0.009518 -0.013466 
943787917291721 0.004122 0.009518 -0.013466 
943787936200679 0.004122 0.009518 -0.013466 
943787955109585 0.004122 0.009518 -0.013466 
943787974018492 0.004122 0.009518 -0.013466 
943787992927450 0.004122 0.009518 -0.013466 
943788011836356 0.004122 0.009518 -0.013466 
943788030745315 0.004122 0.009518 -0.013466 
943788049654221 0.004122 0.009518 -0.013466 
943788068563127 0.004122 0.009518 -0.013466 
943788087472085 0.004122 0.009518 -0.013466 
943788106380992 0.004122 0.009518 -0.013466 
943788125289898 0.004122 0.009518 -0.013466 
943788144198856 0.004122 0.009518 -0.013466 
943788163107763 0.004122 0.009518 -0.013466 
943788182016721 0.004122 0.009518 -0.013466 
943788200925627 0.004122 0.009518 -0.013466 
943788219834585 0.004122 0.009518 -0.013466 
943788238743492 0.004122 0.009518 -0.013466 
943788257652398 0.004122 0.009518 -0.013466 
943788276561356 0.004122 0.009518 -0.013466 
943788295470263 0.004122 0.009518 -0.013466 
943788314379221 0.004122 0.009518 -0.013466 
943788333288127 0.004122 0.009518 -0.013466 
943788352197085 0.004122 0.009518 -0.013466 
943788371105992 0.004122 0.009518 -0.013466 
943788390014950 0.004122 0.009518 -0.013466 
943788408923856 0.004122 0.009518 -0.013466 
943788427832815 0.004122 0.009518 -0.013466 
943788446741721 0.004122 0.009518 -0.013466 
943788465650679 0.004122 0.009518 -0.013466 
943788484559638 0.004122 0.009518 -0.013466 
943788503468544 0.004122 0.009518 -0.013466 
943788522377502 0.004122 0.009518 -0.013466 
943788541286408 0.004122 0.009518 -0.013466 
943788560195367 0.004122 0.009518 -0.013466 
943788579104273 0.004122 0.009518 -0.013466 
943788598013231 0.004122 0.009518 -0.013466 
943788616922190 0.004122 0.009518 -0.013466 
943788635831096 0.004122 0.009518 -0.013466 
943788654740054 0.004122 0.009518 -0.013466 
943788673649013 0.004122 0.009518 -0.013466 
943788692557919 0.004122 0.009518 -0.013466 
943788711466877 0.004122 0.009518 -0.013466 
943788730375835 0.004122 0.009518 -0.013466 
943788749284742 0.004122 0.009518 -0.013466 
943788768193700 0.004122 0.009518 -0.013466 
943788787102658 0.004122 0.009518 -0.013466 
943788806011565 0.004122 0.009518 -0.013466 
943788824920523 0.004122 0.009518 -0.013466 
943788843829481 0.004122 0.009518 -0.013466 
943788862738388 0.004122 0.009518 -0.013466 
943788881647346 0.004122 0.009518 -0.013466 
943788900556304 0.004122 0.009518 -0.013466 
943788919465263 0.004122 0.009518 -0.013466 
943788938374169 0.004122 0.009518 -0.013466 
943788957283127 0.004122 0.009518 -0.013466 
943788976192085 0.004122 0.009518 -0.013466 
943788995101044 0.004122 0.009518 -0.013466 
943789014009950 0.004122 0.009518 -0.013466 
943789032918908 0.004122 0.009518 -0.013466 
943789051827867 0.004122 0.009518 -0.013466 
943789070736825 0.004122 0.009518 -0.013466 
943789089645731 0.004122 0.009518 -0.013466 
943789108554690 0.004122 0.009518 -0.013466 
943789127463648 0.004122 0.009518 -0.013466 
943789146372606 0.004122 0.009518 -0.013466 
943789165281565 0.004122 0.009518 -0.013466 
943789184190523 0.004122 0.009518 -0.013466 
943789203099429 0.004122 0.009518 -0.013466 
943789222008388 0.004122 0.009518 -0.013466 
943789240917346 0.004122 0.009518 -0.013466 
943789259826304 0.004122 0.009518 -0.013466 
943789278735263 0.004122 0.009518 -0.013466 
943789297644221 0.004122 0.009518 -0.013466 
943789316553179 0.004122 0.009518 -0.013466 
943789335462085 0.004122 0.009518 -0.013466 
943789354371044 0.004122 0.009518 -0.013466 
943789373280002 0.004122 0.009518 -0.013466 
943789392188960 0.004122 0.009518 -0.013466 
943789411097919 0.004122 0.009518 -0.013466 
943789430006877 0.004122 0.009518 -0.013466 
943789448915835 0.004122 0.009518 -0.013466 
943789467824794 0.004122 0.009518 -0.013466 
943789486733752 0.004122 0.009518 -0.013466 
943789505642710 0.004122 0.009518 -0.013466 
943789524551669 0.004122 0.009518 -0.013466 
943789543460575 0.004122 0.009518 -0.013466 
943789562369533 0.004122 0.009518 -0.013466 
943789581278492 0.004122 0.009518 -0.013466 
943789600187450 0.004122 0.009518 -0.013466 
943789619096408 0.004122 0.009518 -0.013466 
943789638005367 0.004122 0.009518 -0.013466 
943789656914325 0.004122 0.009518 -0.013466 
943789675823283 0.004122 0.009518 -0.013466 
943789694732242 0.004122 0.009518 -0.013466 
943789713641200 0.004122 0.009518 -0.013466 
943789732550158 0.004122 0.009518 -0.013466 
943789751459117 0.004122 0.009518 -0.013466 
943789770368075 0.004122 0.009518 -0.013466 
943789789277033 0.004122 0.009518 -0.013466 
943789808185992 0.004122 0.009518 -0.013466 
943789827094950 0.004122 0.009518 -0.013466 
943789846003960 0.004122 0.009518 -0.013466 
943789864912919 0.004122 0.009518 -0.013466 
943789883821877 0.004122 0.009518 -0.013466 
943789902730835 0.004122 0.009518 -0.013466 
943789921639794 0.004122 0.009518 -0.013466 
943789940548752 0.004122 0.009518 -0.013466 
943789959457710 0.004122 0.009518 -0.013466 
943789978366669 0.004122 0.009518 -0.013466 
943789997275627 0.004122 0.009518 -0.013466 
943790016184585 0.004122 0.009518 -0.013466 
943790035093544 0.004122 0.009518 -0.013466 
943790054002502 0.004122 0.009518 -0.013466 
943790072911513 0.004122 0.009518 -0.013466 
943790091820471 0.004122 0.009518 -0.013466 
