# Created at Wed Jun 05 17:07:12 GMT+03:00 2024 in Burnaby Canada 
943784608239533 0.182434 -2.079308 -1.116411 
943784627148335 -0.347362 -1.360000 -1.501365 
943784646057138 -0.829902 -0.248587 -1.808257 
943784664965992 -0.800091 0.241687 -1.282121 
943784683874794 -0.508222 0.037356 -0.962951 
943784702783596 -0.290145 0.330263 -1.035624 
943784721692398 -0.068036 0.793944 -1.609071 
943784740601200 0.141925 1.079698 -1.753564 
943784759510054 -0.301357 1.799454 -0.978350 
943784778418856 -0.452994 2.109263 0.218349 
943784797327658 -0.077937 2.442451 1.171193 
943784816236460 0.408919 2.122643 1.344175 
943784835145315 0.188156 1.837731 0.516215 
943784854054117 -0.753543 2.017447 -0.898313 
943784872962919 -0.105938 2.806307 -2.093448 
943784891871773 0.769530 2.355485 -1.215212 
943784910780575 1.498760 0.825648 1.279777 
943784929689377 1.125642 -0.017439 3.448164 
943784948598231 0.059372 -0.103671 3.531650 
943784967507033 -0.531253 0.458508 1.934981 
943784986415835 -0.574327 0.632590 0.197883 
943785005324690 0.145842 0.041040 -0.378670 
943785024233492 1.058635 -0.313810 -0.459770 
943785043142346 1.626794 -1.003544 -0.415495 
943785062051148 2.165271 -1.737963 -0.192333 
943785080960002 2.005432 -2.191336 -0.174440 
943785099868804 0.616913 -2.000433 -0.629717 
943785118777658 -1.070408 -1.790546 -0.766090 
943785137686460 -2.129502 -1.960263 -0.343535 
943785156595315 -1.541406 -2.114361 -0.745349 
943785175504117 -0.348376 -2.297266 -1.036275 
943785194412971 -0.161554 -1.973113 -1.279628 
943785213321773 -0.283603 -1.738915 -1.219598 
943785232230627 -0.200109 -1.761184 -0.396500 
943785251139481 -0.296320 -1.539253 0.294384 
943785270048283 -0.348936 -0.583881 0.159764 
943785288957138 -0.163942 0.452449 -1.264463 
943785307865940 0.049521 1.148129 -2.381077 
943785326774794 0.310316 1.316510 -2.859965 
943785345683648 0.511908 1.088120 -1.987733 
943785364592502 0.116514 1.214574 -0.056307 
943785383501304 -0.501457 1.515029 1.564515 
943785402410158 -0.364875 1.378823 2.287527 
943785421319013 -0.000718 0.973463 1.663059 
943785440227815 -0.726879 1.473254 -0.316915 
943785459136669 -1.280391 2.286689 -1.450995 
943785478045523 -0.326900 2.465982 0.460465 
943785496954377 0.309891 1.751578 3.056423 
943785515863179 0.060497 1.041399 4.262765 
943785534772033 -0.310784 0.613384 3.273514 
943785553680888 -0.851437 1.029849 1.187551 
943785572589742 -1.315248 1.325827 -0.376022 
943785591498596 -1.179134 0.928879 -0.827635 
943785610407450 -0.522712 -0.033522 -0.114976 
943785629316304 0.314600 -1.071629 0.646585 
943785648225158 0.906785 -1.550213 0.211357 
943785667133960 0.680607 -1.492335 -0.631234 
943785686042815 0.194969 -1.507468 -1.405390 
943785704951669 -0.533435 -1.283111 -1.742050 
943785723860523 -1.161123 -1.433556 -1.834343 
943785742769377 -0.929769 -2.096118 -1.323550 
943785761678231 -0.433338 -2.578348 -1.052077 
943785780587085 0.052869 -2.938335 -1.425753 
943785799495940 0.383202 -2.698311 -1.669734 
943785818404794 0.535955 -2.325747 -1.434225 
943785837313648 0.974440 -2.166511 -1.029059 
943785856222554 0.317715 -1.267643 -1.150246 
943785875131408 -0.883315 0.531732 -1.260803 
943785894040263 -0.966274 1.693025 -1.321010 
943785912949117 -0.023817 1.442173 -0.925382 
943785931857971 0.714829 0.833190 -0.037269 
943785950766825 0.492860 1.071956 0.608418 
943785969675679 -0.096491 1.855563 0.935515 
943785988584533 0.256887 1.941567 1.324134 
943786007493440 0.313699 1.822448 2.007198 
943786026402294 -0.344007 2.340089 0.638695 
943786045311148 -0.164077 3.035875 -1.292194 
943786064220002 0.394988 3.451074 -0.761884 
943786083128856 0.746792 2.445439 3.364663 
943786102037710 0.497834 1.503554 5.193297 
943786120946617 0.841688 1.028780 3.163912 
943786139855471 1.146555 1.105040 0.267933 
943786158764325 0.535205 1.044790 -1.417754 
943786177673231 0.480233 0.208081 -1.662771 
943786196582085 1.013188 -1.481706 -0.038441 
943786215490940 1.295891 -2.607499 0.859420 
943786234399846 0.892599 -2.890819 0.717185 
943786253308700 0.404203 -2.774191 -0.384584 
943786272217554 -0.338406 -2.361735 -1.569138 
943786291126460 -1.177899 -2.291754 -1.957028 
943786310035315 -1.056843 -2.711670 -1.253062 
943786328944169 -0.774458 -2.849717 -1.194827 
943786347853075 -0.469501 -2.876128 -0.830141 
943786366761929 -0.224891 -2.690164 -0.862807 
943786385670835 0.273322 -2.186123 -0.478444 
943786404579690 0.201857 -1.392842 -0.625116 
943786423488544 -0.220744 -0.560666 -0.854814 
943786442397450 0.446932 -0.038024 -0.861567 
943786461306304 1.350734 0.163596 -1.355857 
943786480215210 1.787769 0.628896 -1.586001 
943786499124065 0.763573 1.509614 -0.625851 
943786518032971 -0.714425 2.524605 0.680811 
943786536941825 -1.812895 3.416621 1.024549 
943786555850731 -1.720589 3.224874 1.004002 
943786574759638 -1.212375 2.204110 0.142940 
943786593668492 -0.500566 1.674022 -0.955636 
943786612577398 1.066112 1.185987 -0.980236 
943786631486252 1.744314 0.947201 0.937645 
943786650395158 1.336064 0.794398 3.055633 
943786669304013 0.355456 0.580608 4.556942 
943786688212919 -1.070879 0.821116 4.866501 
943786707121825 -2.782656 1.452465 3.935237 
943786726030679 -3.825757 1.804811 2.082887 
943786744939585 -3.220651 1.171228 0.518728 
943786763848492 -1.367413 0.135073 -0.296331 
943786782757346 0.300653 -0.986020 -0.015830 
943786801666252 1.352831 -1.479738 0.202357 
943786820575158 1.206333 -1.573395 -0.155087 
943786839484013 0.411348 -1.343113 -0.790137 
943786858392919 -0.252515 -1.345906 -1.363266 
943786877301825 -0.608734 -1.642678 -1.394962 
943786896210731 -0.660282 -2.076781 -0.900928 
943786915119585 -0.584850 -2.538594 0.005575 
943786934028492 -0.490802 -2.736812 -0.069764 
943786952937398 -0.510184 -2.596732 -0.783239 
943786971846304 -0.008867 -2.447053 -1.646354 
943786990755158 0.703651 -2.130427 -1.978164 
943787009664065 0.801839 -1.535926 -0.932396 
943787028572971 0.566531 -0.863849 0.288094 
943787047481877 -0.132886 0.148133 0.264794 
943787066390783 -0.866952 1.560509 -1.031042 
943787085299638 -1.200478 3.429217 -1.588614 
943787104208544 -0.567266 3.854836 -0.377042 
943787123117450 0.665586 3.090871 1.653751 
943787142026356 1.354240 2.068203 3.080170 
943787160935263 0.341642 2.211673 1.655878 
943787179844169 -0.208962 2.612266 -1.218016 
943787198753075 -0.340764 2.671019 -2.726228 
943787217661981 -0.379660 1.964673 -2.987201 
943787236570888 0.515228 0.762760 -2.434944 
943787255479794 1.066956 -0.291368 -0.475353 
943787274388700 1.038021 -0.703900 1.328546 
943787293297554 0.951254 -1.141042 2.317709 
943787312206513 0.847169 -1.386192 2.308145 
943787331115419 0.579698 -1.439567 1.986253 
943787350024273 0.494532 -1.204523 1.294006 
943787368933231 0.673829 -1.218711 0.667132 
943787387842138 0.833487 -1.448955 0.380330 
943787406751044 0.661790 -1.838875 0.335155 
943787425659950 0.068972 -1.885453 0.072968 
943787444568856 -0.713959 -1.882030 -0.314112 
943787463477763 -1.528081 -1.462734 -0.878354 
943787482386669 -1.684759 -1.347023 -1.115734 
943787501295575 -1.066726 -1.643756 -0.900776 
943787520204481 -0.665559 -1.838530 -0.721163 
943787539113388 0.130127 -1.678428 -0.403901 
943787558022294 0.278319 -1.104964 -0.065275 
943787576931252 0.105739 -0.429080 -0.276503 
943787595840158 0.017258 -0.166799 -0.254636 
943787614749065 0.213449 -0.120405 -0.118663 
943787633657971 0.148462 0.058764 0.415733 
943787652566877 -0.131638 0.633052 0.990768 
943787671475783 -0.474079 1.104692 1.232032 
943787690384690 -0.366323 1.362827 1.151608 
943787709293648 -0.730071 1.686659 0.834051 
943787728202554 -1.762823 2.097359 0.166694 
943787747111460 -1.232000 2.217460 -0.862455 
943787766020367 -0.152352 1.685728 -1.044394 
943787784929325 0.411289 0.780087 0.436123 
943787803838231 0.314832 0.120287 1.408625 
943787822747138 -0.908727 0.345028 1.001182 
943787841656044 -2.180522 0.854510 0.213016 
943787860565002 -2.208647 1.309394 -0.094684 
943787879473908 -1.301229 0.657281 0.385604 
943787898382815 0.124230 -0.207562 1.537744 
943787917291721 1.319945 -0.890842 1.956789 
943787936200679 2.131749 -1.036821 0.965060 
943787955109585 2.108137 -0.799237 -0.407098 
943787974018492 1.177521 -0.338395 -1.296167 
943787992927450 0.115203 -0.219369 -1.748762 
943788011836356 -0.800024 -0.369302 -1.648726 
943788030745315 -0.649807 -0.935969 -1.080727 
943788049654221 -0.412185 -1.235394 -0.254814 
943788068563127 -0.337118 -1.730369 0.189687 
943788087472085 0.011448 -1.977638 -0.160509 
943788106380992 0.411629 -2.040268 -0.833193 
943788125289898 0.798074 -1.871168 -1.280120 
943788144198856 0.690172 -1.260445 -1.671087 
943788163107763 0.440368 -0.842977 -1.981357 
943788182016721 0.219120 -0.373648 -1.856983 
943788200925627 -0.382549 0.475685 -1.099903 
943788219834585 -1.274948 1.339107 -0.541399 
943788238743492 -1.175174 1.444382 -0.624330 
943788257652398 -0.035904 1.407147 -1.241283 
943788276561356 1.133929 1.529907 -0.990004 
943788295470263 1.763598 1.397650 0.311415 
943788314379221 1.169863 1.586399 1.590227 
943788333288127 0.259284 1.662225 1.148537 
943788352197085 0.129387 2.321632 -0.876211 
943788371105992 0.609382 2.717623 -2.529289 
943788390014950 1.220217 1.974581 -2.046360 
943788408923856 1.295309 0.804155 0.332562 
943788427832815 1.093788 0.015752 2.171906 
943788446741721 0.678204 -0.139808 2.810771 
943788465650679 0.353021 0.016026 2.376184 
943788484559638 0.495057 -0.104445 1.657382 
943788503468544 0.600946 -0.366984 1.424208 
943788522377502 0.931588 -0.926650 0.930388 
943788541286408 1.416990 -1.612472 0.146862 
943788560195367 1.250039 -1.934184 -0.368631 
943788579104273 0.379624 -1.824082 -0.770263 
943788598013231 -0.586047 -1.463329 -1.044204 
943788616922190 -1.369091 -1.238661 -1.290141 
943788635831096 -1.557812 -0.899164 -1.412078 
943788654740054 -0.545303 -1.469419 -0.871345 
943788673649013 -0.032063 -1.804113 0.036554 
943788692557919 0.051663 -1.691018 1.320038 
943788711466877 -0.461974 -1.077183 1.969390 
943788730375835 -0.975660 -0.273140 1.516542 
943788749284742 -0.769893 0.180613 0.610243 
943788768193700 -0.669954 0.756607 0.193633 
943788787102658 -0.856008 1.230324 0.816938 
943788806011565 -0.653804 1.017181 1.195901 
943788824920523 -0.524025 0.659782 1.018743 
943788843829481 -0.328586 1.022605 0.036737 
943788862738388 -0.009261 1.059216 -0.971312 
943788881647346 0.475169 1.008475 -1.822852 
943788900556304 0.524870 1.330047 -1.532261 
943788919465263 0.898802 1.354219 0.017647 
943788938374169 1.481086 0.529542 2.203947 
943788957283127 0.965706 -0.331450 3.738930 
943788976192085 -0.577061 -0.213573 3.115191 
943788995101044 -1.658514 0.306865 1.125973 
943789014009950 -1.384554 0.815722 -0.600281 
943789032918908 -0.678102 0.960542 -1.005650 
943789051827867 0.133035 0.385386 0.501175 
943789070736825 0.497893 -0.112752 1.467034 
943789089645731 0.979871 -0.491884 1.712628 
943789108554690 0.750439 -0.598269 1.592906 
943789127463648 -0.267422 -0.547298 0.566974 
943789146372606 -1.433256 -0.346129 -0.620176 
943789165281565 -1.913288 -0.727920 -1.358995 
943789184190523 -1.356286 -1.482512 -1.843730 
943789203099429 -0.416170 -2.109925 -1.851691 
943789222008388 0.238201 -2.419655 -1.502605 
943789240917346 0.575798 -2.270873 -1.578322 
943789259826304 0.709767 -2.221082 -1.438483 
943789278735263 0.260831 -1.635115 -1.032429 
943789297644221 -0.515529 -0.783768 -0.877991 
943789316553179 -0.740074 -0.309298 -0.780845 
943789335462085 -0.482749 -0.305941 -1.920726 
943789354371044 0.138051 0.844758 -1.523756 
943789373280002 -0.727616 0.719317 -0.578128 
943789392188960 -1.119378 0.478769 0.592799 
943789411097919 -0.760366 1.381120 1.101783 
943789430006877 -0.765632 1.748093 1.267040 
943789448915835 -0.211348 1.491642 1.114834 
943789467824794 0.124683 1.873751 0.976422 
943789486733752 -0.313325 2.066795 0.999684 
943789505642710 -1.288618 2.721330 -0.278729 
943789524551669 -1.358881 3.010203 -1.275919 
943789543460575 -0.211550 1.918775 -0.738617 
943789562369533 0.814380 0.654712 0.266375 
943789581278492 1.121075 -0.125912 1.165552 
943789600187450 0.674204 -0.413719 2.040616 
943789619096408 -0.476415 -0.306152 1.634883 
943789638005367 -1.091962 -0.100536 0.542191 
943789656914325 -0.454934 -0.644060 -0.441557 
943789675823283 0.461038 -1.061563 -0.531016 
943789694732242 0.824140 -1.403888 -0.214693 
943789713641200 1.198688 -1.753791 0.206172 
943789732550158 1.119463 -1.982594 0.785721 
943789751459117 0.398529 -1.812331 1.011362 
943789770368075 -0.532042 -1.124425 0.683655 
943789789277033 -1.162374 -0.933516 0.108574 
943789808185992 -1.300716 -0.664457 -0.604811 
943789827094950 -1.133351 -0.487004 -1.003947 
943789846003960 -0.619063 -0.679235 -1.035663 
943789864912919 -0.107010 -1.161461 -0.270386 
943789883821877 0.582394 -1.463540 0.191132 
943789902730835 1.132283 -1.493650 0.467462 
943789921639794 1.315181 -0.799192 -0.182696 
943789940548752 1.102689 -0.271675 -1.523026 
943789959457710 0.290577 -0.094125 -0.780621 
943789978366669 -0.581464 0.655005 0.008584 
943789997275627 -0.531494 0.776332 0.685464 
943790016184585 0.196460 0.371394 1.140077 
943790035093544 1.425070 -0.552309 1.001960 
943790054002502 2.252161 -0.457535 0.745039 
943790072911513 1.879564 -0.024871 0.568419 
943790091820471 0.348421 0.447062 0.529942 
