# Created at Wed Jun 05 17:07:12 GMT+03:00 2024 in Burnaby Canada 
943784631794846 -103.256256 14.550000 -208.612503 
943784651794846 -102.881256 14.700001 -208.350006 
943784671794846 -102.712502 14.737500 -208.593765 
943784691794846 -102.412506 14.775001 -208.481262 
943784711794846 -102.187508 14.475000 -208.556259 
943784731794846 -102.187508 14.531251 -208.631256 
943784751794846 -102.037506 14.456250 -208.650009 
943784771794846 -102.093758 14.400001 -208.687515 
943784791794846 -101.831253 14.662500 -208.593765 
943784811794846 -101.850006 14.400001 -208.706253 
943784831794846 -101.812508 14.306251 -208.387512 
943784851794846 -101.850006 14.287500 -208.275009 
943784871794846 -101.868752 14.493751 -208.312515 
943784891794846 -101.587502 14.662500 -207.843765 
943784911794846 -101.662506 14.700001 -207.975006 
943784931794846 -101.625008 14.887501 -208.050003 
943784951794846 -101.456253 14.906251 -208.143753 
943784971794846 -100.950005 15.112500 -207.881256 
943784991794846 -101.062508 15.206250 -207.787506 
943785011794846 -100.875008 15.225000 -207.581253 
943785031794846 -101.006256 15.056251 -207.581253 
943785051794846 -101.306252 14.943750 -207.843765 
943785071794846 -101.343758 14.906251 -207.600006 
943785091794846 -101.025002 14.756250 -207.262512 
943785111794846 -101.043755 14.606251 -207.000015 
943785131794846 -101.306252 14.343751 -206.943756 
943785151794846 -101.231255 14.118751 -206.868759 
943785171794846 -101.418755 14.156251 -207.150009 
943785191794846 -101.475006 14.100000 -207.206253 
943785211794846 -101.418755 13.875001 -206.943756 
943785231794846 -101.718758 13.856251 -206.962509 
943785251794846 -102.375008 13.893750 -207.056259 
943785271794846 -102.375008 14.006250 -206.981262 
943785291794846 -102.675003 14.268750 -207.131256 
943785311794846 -103.031258 14.512501 -207.037506 
943785331794846 -103.575005 14.418751 -206.550003 
943785351794846 -104.081253 14.625001 -206.250015 
943785371794846 -104.568756 14.812501 -206.343765 
943785391794846 -104.643753 14.906251 -206.437515 
943785411794846 -104.700005 14.925000 -206.381256 
943785431794846 -105.206253 14.775001 -206.512512 
943785451794846 -105.356255 14.793751 -206.437515 
943785471794846 -105.637505 14.475000 -206.587509 
943785491794846 -105.637505 14.531251 -207.018753 
943785511794846 -105.431252 14.343751 -207.131256 
943785531794846 -105.543755 14.156251 -207.393753 
943785551794846 -105.562508 14.043751 -207.487503 
943785571794846 -105.693756 14.043751 -207.693756 
943785591794846 -105.918755 14.118751 -207.637512 
943785611794846 -106.218758 14.118751 -207.975006 
943785631794846 -106.162506 14.531251 -208.162506 
943785651794846 -106.106255 14.662500 -208.293762 
943785671794846 -106.350006 14.831250 -208.443756 
943785691794846 -106.443756 15.150001 -208.593765 
943785711794846 -106.518753 15.056251 -208.725006 
943785731794846 -106.650002 14.962501 -208.575012 
943785751794846 -106.443756 15.281251 -208.743759 
943785771794846 -106.425003 15.637501 -208.462509 
943785791794846 -106.537506 15.787500 -208.425003 
943785811794846 -106.556252 15.825001 -208.256256 
943785831794846 -106.443756 16.012501 -208.050003 
943785851794846 -106.350006 16.050001 -208.031265 
943785871794846 -106.275002 16.387501 -207.843765 
943785891794846 -106.218758 16.593750 -207.750015 
943785911794846 -106.462502 16.593750 -207.975006 
943785931794846 -106.481255 16.368752 -207.881256 
943785951794846 -106.387505 16.237501 -208.050003 
943785971794846 -106.612503 16.331251 -208.068756 
943785991794846 -106.687508 16.293751 -208.200012 
943786011794846 -106.631256 16.368752 -208.068756 
943786031794846 -107.081253 16.462502 -207.918762 
943786051794846 -107.006256 16.462502 -207.956253 
943786071794846 -106.912506 16.443750 -207.600006 
943786091794846 -106.612503 16.331251 -207.618759 
943786111794846 -106.650002 16.425001 -206.981262 
943786131794846 -106.537506 16.481251 -206.568756 
943786151794846 -106.650002 16.481251 -206.268753 
943786171794846 -106.593758 16.687500 -205.800003 
943786191794846 -106.312508 16.893751 -205.631256 
943786211794846 -106.406258 16.950001 -205.650009 
943786231794846 -106.181252 17.006250 -205.387512 
943786251794846 -106.200005 17.193750 -205.331253 
943786271794846 -106.275002 17.212502 -205.275009 
943786291794846 -106.312508 17.306252 -205.331253 
943786311794846 -106.256256 17.287500 -205.087509 
943786331794846 -106.106255 17.062500 -204.937515 
943786351794846 -105.937508 16.818750 -204.787506 
943786371794846 -105.843758 16.837502 -204.562515 
943786391794846 -105.843758 16.725000 -204.337509 
943786411794846 -105.843758 16.706251 -204.112503 
943786431794846 -105.656258 16.818750 -204.056259 
943786451794846 -105.300003 16.931252 -204.018753 
943786471794846 -105.131256 17.100000 -203.887512 
943786491794846 -104.981255 17.118752 -204.037506 
943786511794846 -104.850006 17.156250 -203.868759 
943786531794846 -104.793755 17.212502 -203.625015 
943786551794846 -104.643753 17.287500 -203.643753 
943786571794846 -104.381256 17.287500 -203.512512 
943786591794846 -104.212502 17.175001 -203.475006 
943786611794846 -104.306252 17.006250 -203.437515 
943786631794846 -104.437508 16.931252 -203.437515 
943786651794846 -104.531258 16.893751 -203.362503 
943786671794846 -104.643753 16.950001 -203.381256 
943786691794846 -104.625008 17.100000 -203.418762 
943786711794846 -104.625008 17.137501 -203.456253 
943786731794846 -104.850006 17.325001 -203.362503 
943786751794846 -105.093758 17.287500 -203.381256 
943786771794846 -105.093758 17.362501 -203.287506 
943786791794846 -104.868752 17.456251 -203.606262 
943786811794846 -105.093758 17.456251 -203.700012 
943786831794846 -105.093758 17.250000 -203.962509 
943786851794846 -105.056252 17.025002 -204.187515 
943786871794846 -105.431252 16.762501 -204.187515 
943786891794846 -105.637505 16.743752 -204.412506 
943786911794846 -105.562508 16.687500 -204.525009 
943786931794846 -105.768753 16.481251 -204.581253 
943786951794846 -105.843758 16.406250 -204.206253 
943786971794846 -105.806252 16.425001 -203.925003 
943786991794846 -105.993752 16.443750 -203.962509 
943787011794846 -106.312508 16.443750 -203.943756 
943787031794846 -106.350006 16.593750 -204.018753 
943787051794846 -106.162506 16.612501 -203.812515 
943787071794846 -106.068756 16.856251 -203.831253 
943787091794846 -106.143753 17.175001 -203.587509 
943787111794846 -106.350006 17.325001 -203.493759 
943787131794846 -106.462502 17.437500 -203.775009 
943787151794846 -106.481255 17.587502 -203.662506 
943787171794846 -106.218758 17.643751 -203.418762 
943787191794846 -106.237503 17.925001 -203.306259 
943787211794846 -106.425003 17.831251 -203.250015 
943787231794846 -106.725006 17.831251 -202.931259 
943787251794846 -106.706253 17.887501 -202.875015 
943787271794846 -106.668755 17.850000 -202.781265 
943787291794846 -106.462502 17.793751 -202.593765 
943787311794846 -106.537506 17.737501 -202.462509 
943787331794846 -106.668755 17.737501 -202.312515 
943787351794846 -106.668755 17.550001 -202.106262 
943787371794846 -106.631256 17.587502 -202.143753 
943787391794846 -106.500008 17.437500 -202.500015 
943787411794846 -106.500008 16.931252 -202.950012 
943787431794846 -106.500008 16.706251 -203.268753 
943787451794846 -106.725006 16.706251 -203.231262 
943787471794846 -106.556252 16.481251 -203.231262 
943787491794846 -106.293755 16.518751 -203.493759 
943787511794846 -106.106255 16.443750 -203.737503 
943787531794846 -105.956253 16.331251 -203.868759 
943787551794846 -105.862503 15.975000 -203.662506 
943787571794846 -105.787506 16.331251 -203.381256 
943787591794846 -105.618752 16.106251 -203.512512 
943787611794846 -105.412506 15.956250 -203.625015 
943787631794846 -105.318756 15.787500 -203.550003 
943787651794846 -105.487503 15.712501 -203.550003 
943787671794846 -105.525002 15.412500 -203.437515 
943787691794846 -105.731255 15.412500 -203.437515 
943787711794846 -105.825005 15.637501 -203.718765 
943787731794846 -105.862503 15.375001 -203.850006 
943787751794846 -105.956253 15.506250 -203.737503 
943787771794846 -105.993752 15.581250 -203.793762 
943787791794846 -106.331253 15.900001 -204.056259 
943787811794846 -106.462502 15.693750 -204.206253 
943787831794846 -106.537506 15.693750 -204.318756 
943787851794846 -106.462502 15.525001 -204.412506 
943787871794846 -106.387505 15.375001 -204.206253 
943787891794846 -106.443756 15.412500 -204.393753 
943787911794846 -106.593758 15.525001 -204.562515 
943787931794846 -106.631256 15.693750 -204.656265 
943787951794846 -106.612503 15.637501 -204.693756 
943787971794846 -106.856255 15.731251 -204.750015 
943787991794846 -106.837502 15.825001 -205.162506 
943788011794846 -106.968758 15.956250 -205.106262 
943788031794846 -107.156258 15.956250 -205.350006 
943788051794846 -107.381256 16.012501 -205.518753 
943788071794846 -107.306252 15.975000 -205.537506 
943788091794846 -107.362503 15.787500 -205.556259 
943788111794846 -107.512505 15.843751 -205.743759 
943788131794846 -107.493752 15.862500 -205.818756 
943788151794846 -107.587502 15.956250 -205.575012 
943788171794846 -107.700005 15.993751 -205.537506 
943788191794846 -107.756256 16.218750 -205.462509 
943788211794846 -107.662506 16.256250 -205.181259 
943788231794846 -107.925003 16.312500 -204.993759 
943788251794846 -108.206253 16.443750 -204.468765 
943788271794846 -108.075005 16.425001 -204.150009 
943788291794846 -108.075005 16.518751 -203.737503 
943788311794846 -108.356255 16.650002 -203.718765 
943788331794846 -108.300003 16.856251 -203.700012 
943788351794846 -108.281258 16.950001 -203.475006 
943788371794846 -108.337502 17.043751 -203.306259 
943788391794846 -108.187508 17.025002 -202.950012 
943788411794846 -108.131256 17.006250 -203.062515 
943788431794846 -108.168755 17.062500 -202.912506 
943788451794846 -107.943756 16.987501 -202.931259 
943788471794846 -107.662506 17.137501 -202.818756 
943788491794846 -107.756256 17.006250 -202.912506 
943788511794846 -107.700005 16.931252 -203.212509 
943788531794846 -107.662506 16.743752 -203.287506 
943788551794846 -107.643753 16.687500 -203.625015 
943788571794846 -107.568756 16.725000 -203.850006 
943788591794846 -107.381256 16.593750 -204.187515 
943788611794846 -107.512505 16.518751 -204.150009 
943788631794846 -107.287506 16.275002 -204.112503 
943788651794846 -106.950005 16.012501 -203.737503 
943788671794846 -106.837502 15.900001 -203.587509 
943788691794846 -106.500008 16.106251 -203.831253 
943788711794846 -106.368752 15.918751 -203.887512 
943788731794846 -106.143753 15.787500 -204.093765 
943788751794846 -106.218758 15.750001 -203.812515 
943788771794846 -106.162506 15.975000 -204.018753 
943788791794846 -106.237503 15.881250 -204.150009 
943788811794846 -106.275002 16.031250 -204.356262 
943788831794846 -106.387505 16.162500 -204.431259 
943788851794846 -106.518753 16.031250 -204.056259 
943788871794846 -106.537506 16.162500 -204.075012 
943788891794846 -106.575005 16.125000 -204.075012 
943788911794846 -106.612503 16.275002 -204.243759 
943788931794846 -106.631256 16.162500 -204.318756 
943788951794846 -106.893753 16.200001 -204.356262 
943788971794846 -106.800003 16.331251 -204.712509 
943788991794846 -106.725006 16.087502 -204.768753 
943789011794846 -106.818756 16.162500 -205.068756 
943789031794846 -107.006256 16.143751 -205.312515 
943789051794846 -107.062508 16.331251 -205.312515 
943789071794846 -106.987503 16.406250 -205.443756 
943789091794846 -106.818756 16.350000 -205.687515 
943789111794846 -106.500008 16.350000 -206.081253 
943789131794846 -106.612503 16.106251 -206.100006 
943789151794846 -106.500008 16.181252 -206.193756 
943789171794846 -106.387505 15.993751 -206.175003 
943789191794846 -106.125008 15.993751 -206.025009 
943789211794846 -106.143753 15.637501 -206.081253 
943789231794846 -106.181252 15.262501 -205.875015 
943789251794846 -106.256256 15.225000 -205.687515 
943789271794846 -106.462502 15.281251 -205.406265 
943789291794846 -106.406258 15.131250 -205.143753 
943789311794846 -106.481255 15.018750 -205.050003 
943789331794846 -106.312508 15.150001 -205.293762 
943789351794846 -106.012505 14.756250 -205.368759 
943789371794846 -105.600006 14.662500 -205.481262 
943789391794846 -105.562508 14.625001 -205.893753 
943789411794846 -105.356255 14.512501 -206.006256 
943789431794846 -105.150002 14.325001 -206.531265 
943789451794846 -104.981255 14.231251 -206.943756 
943789471794846 -104.812508 14.137501 -207.468765 
943789491794846 -104.643753 13.706250 -207.543762 
943789511794846 -104.700005 13.706250 -207.900009 
943789531794846 -104.700005 13.406251 -207.862503 
943789551794846 -104.043755 13.218751 -207.900009 
943789571794846 -103.893753 12.956250 -208.181259 
943789591794846 -103.631256 12.918751 -208.087509 
943789611794846 -103.687508 12.750001 -208.050003 
943789631794846 -103.537506 12.787500 -207.862503 
943789651794846 -103.575005 12.900001 -207.993759 
943789671794846 -103.443756 13.125001 -208.087509 
943789691794846 -103.443756 13.256250 -208.218765 
943789711794846 -103.650002 13.443750 -208.200012 
943789731794846 -103.800003 13.368751 -208.312515 
943789751794846 -103.687508 13.275001 -208.350006 
943789771794846 -103.275002 13.425000 -208.537506 
943789791794846 -103.106255 13.350000 -208.668762 
943789811794846 -103.106255 13.256250 -208.781265 
943789831794846 -103.500008 13.162500 -208.725006 
943789851794846 -103.575005 13.143750 -208.875015 
943789871794846 -104.006256 13.087501 -209.006256 
943789891794846 -103.950005 13.368751 -209.006256 
943789911794846 -104.343758 13.425000 -209.062515 
943789931794846 -104.775002 13.537500 -209.156265 
943789951794846 -105.112503 13.575001 -209.156265 
943789971794846 -105.018753 13.668751 -209.043762 
943789991794846 -104.700005 13.650001 -208.837509 
943790011794846 -104.756256 13.875001 -209.006256 
943790031794846 -104.493752 13.950001 -209.231262 
943790051794846 -104.512505 13.781251 -209.212509 
943790071794846 -104.418755 13.931251 -209.193756 
943790091794846 -104.287506 13.893750 -209.118759 
943790111794846 -104.100006 13.612500 -209.362503 
