# Created at Wed Jun 05 17:07:12 GMT+03:00 2024 in Burnaby Canada 
943784631794846 -11.606251 -41.887501 7.687500 
943784651794846 -11.212501 -41.718750 7.950000 
943784671794846 -11.062500 -41.681252 7.706250 
943784691794846 -10.743751 -41.662502 7.818750 
943784711794846 -10.537500 -41.943752 7.743750 
943784731794846 -10.537500 -41.887501 7.668750 
943784751794846 -10.387501 -41.962502 7.650000 
943784771794846 -10.443750 -42.018753 7.612500 
943784791794846 -10.181251 -41.756252 7.706250 
943784811794846 -10.200001 -42.037502 7.593750 
943784831794846 -10.162500 -42.131252 7.912500 
943784851794846 -10.181251 -42.150002 8.025001 
943784871794846 -10.200001 -41.925003 7.987500 
943784891794846 -9.937500 -41.775002 8.456250 
943784911794846 -10.012501 -41.737503 8.325001 
943784931794846 -9.975000 -41.531250 8.250000 
943784951794846 -9.806251 -41.531250 8.156250 
943784971794846 -9.300000 -41.325001 8.418751 
943784991794846 -9.393750 -41.231251 8.512501 
943785011794846 -9.206250 -41.212502 8.718750 
943785031794846 -9.337501 -41.381252 8.718750 
943785051794846 -9.656250 -41.493752 8.456250 
943785071794846 -9.675000 -41.531250 8.700001 
943785091794846 -9.375000 -41.662502 9.037500 
943785111794846 -9.393750 -41.812500 9.300000 
943785131794846 -9.656250 -42.075001 9.356251 
943785151794846 -9.581250 -42.318752 9.431251 
943785171794846 -9.768750 -42.262501 9.150001 
943785191794846 -9.825001 -42.318752 9.093750 
943785211794846 -9.768750 -42.562500 9.356251 
943785231794846 -10.068750 -42.562500 9.337501 
943785251794846 -10.725000 -42.543751 9.243751 
943785271794846 -10.725000 -42.412502 9.318750 
943785291794846 -11.025001 -42.168751 9.168751 
943785311794846 -11.362500 -41.906250 9.262501 
943785331794846 -11.925000 -42.018753 9.750000 
943785351794846 -12.412500 -41.812500 10.050000 
943785371794846 -12.900001 -41.606251 9.956250 
943785391794846 -12.975000 -41.531250 9.862500 
943785411794846 -13.031251 -41.512501 9.918751 
943785431794846 -13.537500 -41.643753 9.787500 
943785451794846 -13.687501 -41.625000 9.862500 
943785471794846 -13.968751 -41.943752 9.712501 
943785491794846 -13.968751 -41.887501 9.281250 
943785511794846 -13.762501 -42.093750 9.168751 
943785531794846 -13.893750 -42.281250 8.906250 
943785551794846 -13.912500 -42.393753 8.812500 
943785571794846 -14.025001 -42.393753 8.606251 
943785591794846 -14.268750 -42.300003 8.662500 
943785611794846 -14.550000 -42.318752 8.325001 
943785631794846 -14.512501 -41.887501 8.137501 
943785651794846 -14.456250 -41.756252 8.006250 
943785671794846 -14.700001 -41.606251 7.856250 
943785691794846 -14.793751 -41.268753 7.706250 
943785711794846 -14.850000 -41.362503 7.575000 
943785731794846 -15.000001 -41.456253 7.725000 
943785751794846 -14.775001 -41.137501 7.556250 
943785771794846 -14.775001 -40.800003 7.818750 
943785791794846 -14.887501 -40.650002 7.875000 
943785811794846 -14.887501 -40.612503 8.043751 
943785831794846 -14.793751 -40.406250 8.250000 
943785851794846 -14.700001 -40.387501 8.268750 
943785871794846 -14.625001 -40.031250 8.456250 
943785891794846 -14.550000 -39.825001 8.550000 
943785911794846 -14.812501 -39.843750 8.325001 
943785931794846 -14.831250 -40.050003 8.418751 
943785951794846 -14.737500 -40.181252 8.250000 
943785971794846 -14.962501 -40.106251 8.231251 
943785991794846 -15.037500 -40.143753 8.100000 
943786011794846 -14.981251 -40.068752 8.231251 
943786031794846 -15.431251 -39.956253 8.381250 
943786051794846 -15.356251 -39.956253 8.343750 
943786071794846 -15.243751 -39.975002 8.700001 
943786091794846 -14.943750 -40.106251 8.681251 
943786111794846 -14.981251 -40.012501 9.318750 
943786131794846 -14.887501 -39.956253 9.731251 
943786151794846 -14.981251 -39.956253 10.031250 
943786171794846 -14.943750 -39.750000 10.500000 
943786191794846 -14.643750 -39.543751 10.668751 
943786211794846 -14.737500 -39.487503 10.650001 
943786231794846 -14.531251 -39.431252 10.912500 
943786251794846 -14.550000 -39.243752 10.968750 
943786271794846 -14.625001 -39.206253 11.025001 
943786291794846 -14.662500 -39.112503 10.968750 
943786311794846 -14.587501 -39.131252 11.212501 
943786331794846 -14.437501 -39.375000 11.362500 
943786351794846 -14.268750 -39.600002 11.512501 
943786371794846 -14.193750 -39.581253 11.737500 
943786391794846 -14.193750 -39.712502 11.962501 
943786411794846 -14.175000 -39.731251 12.187501 
943786431794846 -13.987500 -39.618752 12.243751 
943786451794846 -13.631250 -39.506252 12.281251 
943786471794846 -13.481251 -39.337502 12.412500 
943786491794846 -13.312501 -39.300003 12.262501 
943786511794846 -13.200001 -39.262501 12.431251 
943786531794846 -13.143750 -39.206253 12.675000 
943786551794846 -12.993751 -39.131252 12.656251 
943786571794846 -12.712501 -39.150002 12.768750 
943786591794846 -12.543751 -39.243752 12.825001 
943786611794846 -12.637501 -39.412502 12.862500 
943786631794846 -12.768750 -39.487503 12.862500 
943786651794846 -12.862500 -39.543751 12.937501 
943786671794846 -12.975000 -39.487503 12.918751 
943786691794846 -12.956250 -39.337502 12.881250 
943786711794846 -12.956250 -39.300003 12.843751 
943786731794846 -13.181251 -39.093750 12.937501 
943786751794846 -13.425000 -39.150002 12.918751 
943786771794846 -13.443750 -39.075001 13.012501 
943786791794846 -13.200001 -38.981251 12.693750 
943786811794846 -13.443750 -38.981251 12.600000 
943786831794846 -13.443750 -39.187500 12.337501 
943786851794846 -13.387501 -39.393753 12.112500 
943786871794846 -13.762501 -39.656250 12.112500 
943786891794846 -13.987500 -39.693752 11.887501 
943786911794846 -13.912500 -39.750000 11.775001 
943786931794846 -14.118751 -39.956253 11.718750 
943786951794846 -14.193750 -40.031250 12.093751 
943786971794846 -14.137501 -40.012501 12.375001 
943786991794846 -14.325001 -39.993752 12.337501 
943787011794846 -14.643750 -39.975002 12.356251 
943787031794846 -14.681251 -39.825001 12.281251 
943787051794846 -14.512501 -39.806252 12.487500 
943787071794846 -14.418751 -39.562500 12.468751 
943787091794846 -14.475000 -39.262501 12.712501 
943787111794846 -14.681251 -39.093750 12.806251 
943787131794846 -14.793751 -38.981251 12.525001 
943787151794846 -14.812501 -38.850002 12.637501 
943787171794846 -14.568750 -38.775002 12.881250 
943787191794846 -14.587501 -38.512501 12.993751 
943787211794846 -14.775001 -38.606251 13.050000 
943787231794846 -15.056251 -38.587502 13.368751 
943787251794846 -15.037500 -38.531250 13.425000 
943787271794846 -15.018750 -38.568752 13.518750 
943787291794846 -14.812501 -38.643753 13.706250 
943787311794846 -14.887501 -38.700001 13.818750 
943787331794846 -15.000001 -38.681252 13.987500 
943787351794846 -15.000001 -38.887501 14.193750 
943787371794846 -14.962501 -38.850002 14.156251 
943787391794846 -14.850000 -38.981251 13.800000 
943787411794846 -14.850000 -39.506252 13.350000 
943787431794846 -14.850000 -39.731251 13.031251 
943787451794846 -15.075001 -39.731251 13.068750 
943787471794846 -14.906251 -39.937500 13.068750 
943787491794846 -14.625001 -39.900002 12.806251 
943787511794846 -14.456250 -39.993752 12.562501 
943787531794846 -14.287500 -40.106251 12.431251 
943787551794846 -14.212501 -40.443752 12.637501 
943787571794846 -14.118751 -40.087502 12.918751 
943787591794846 -13.968751 -40.331253 12.787500 
943787611794846 -13.762501 -40.481251 12.675000 
943787631794846 -13.668751 -40.631252 12.750001 
943787651794846 -13.837501 -40.706253 12.750001 
943787671794846 -13.875001 -41.006252 12.862500 
943787691794846 -14.081250 -41.006252 12.862500 
943787711794846 -14.156251 -40.800003 12.581250 
943787731794846 -14.193750 -41.043751 12.450001 
943787751794846 -14.287500 -40.931252 12.562501 
943787771794846 -14.325001 -40.856251 12.506250 
943787791794846 -14.662500 -40.537502 12.243751 
943787811794846 -14.812501 -40.725002 12.093751 
943787831794846 -14.887501 -40.743752 11.981251 
943787851794846 -14.812501 -40.893753 11.887501 
943787871794846 -14.737500 -41.043751 12.093751 
943787891794846 -14.793751 -41.006252 11.906250 
943787911794846 -14.925000 -40.893753 11.737500 
943787931794846 -14.962501 -40.743752 11.643750 
943787951794846 -14.943750 -40.800003 11.606251 
943787971794846 -15.187501 -40.687500 11.550000 
943787991794846 -15.187501 -40.593750 11.137501 
943788011794846 -15.318750 -40.462502 11.193750 
943788031794846 -15.487500 -40.481251 10.950001 
943788051794846 -15.712501 -40.406250 10.781250 
943788071794846 -15.637501 -40.462502 10.762501 
943788091794846 -15.693750 -40.650002 10.743751 
943788111794846 -15.862500 -40.575001 10.556251 
943788131794846 -15.843751 -40.556252 10.481251 
943788151794846 -15.918751 -40.462502 10.725000 
943788171794846 -16.031250 -40.425003 10.762501 
943788191794846 -16.087502 -40.218750 10.837501 
943788211794846 -16.012501 -40.181252 11.118751 
943788231794846 -16.256250 -40.125000 11.306251 
943788251794846 -16.556252 -39.975002 11.831250 
943788271794846 -16.406250 -39.993752 12.150001 
943788291794846 -16.425001 -39.900002 12.562501 
943788311794846 -16.687500 -39.787502 12.581250 
943788331794846 -16.631250 -39.581253 12.600000 
943788351794846 -16.631250 -39.468750 12.825001 
943788371794846 -16.687500 -39.375000 12.993751 
943788391794846 -16.518751 -39.412502 13.350000 
943788411794846 -16.462502 -39.431252 13.237500 
943788431794846 -16.500000 -39.356251 13.387501 
943788451794846 -16.275002 -39.450001 13.368751 
943788471794846 -15.993751 -39.281250 13.481251 
943788491794846 -16.087502 -39.412502 13.387501 
943788511794846 -16.050001 -39.487503 13.087501 
943788531794846 -16.012501 -39.675003 13.012501 
943788551794846 -15.975000 -39.750000 12.675000 
943788571794846 -15.918751 -39.712502 12.450001 
943788591794846 -15.712501 -39.843750 12.112500 
943788611794846 -15.843751 -39.918751 12.150001 
943788631794846 -15.618751 -40.143753 12.187501 
943788651794846 -15.300000 -40.406250 12.562501 
943788671794846 -15.187501 -40.518753 12.712501 
943788691794846 -14.850000 -40.312500 12.468751 
943788711794846 -14.700001 -40.518753 12.412500 
943788731794846 -14.493751 -40.631252 12.206250 
943788751794846 -14.550000 -40.668751 12.487500 
943788771794846 -14.493751 -40.443752 12.281251 
943788791794846 -14.587501 -40.537502 12.150001 
943788811794846 -14.625001 -40.406250 11.943750 
943788831794846 -14.737500 -40.256252 11.868751 
943788851794846 -14.850000 -40.406250 12.243751 
943788871794846 -14.868751 -40.256252 12.225000 
943788891794846 -14.906251 -40.293751 12.225000 
943788911794846 -14.962501 -40.143753 12.056251 
943788931794846 -14.981251 -40.256252 11.981251 
943788951794846 -15.243751 -40.237503 11.943750 
943788971794846 -15.131250 -40.106251 11.587501 
943788991794846 -15.056251 -40.331253 11.512501 
943789011794846 -15.168751 -40.256252 11.231251 
943789031794846 -15.356251 -40.293751 10.987500 
943789051794846 -15.412500 -40.087502 10.987500 
943789071794846 -15.318750 -40.012501 10.856251 
943789091794846 -15.150001 -40.087502 10.612500 
943789111794846 -14.831250 -40.068752 10.218750 
943789131794846 -14.943750 -40.312500 10.200001 
943789151794846 -14.831250 -40.237503 10.106251 
943789171794846 -14.718751 -40.443752 10.125000 
943789191794846 -14.456250 -40.425003 10.275001 
943789211794846 -14.475000 -40.781250 10.218750 
943789231794846 -14.512501 -41.175003 10.425000 
943789251794846 -14.606251 -41.212502 10.612500 
943789271794846 -14.793751 -41.137501 10.893750 
943789291794846 -14.737500 -41.306252 11.156250 
943789311794846 -14.812501 -41.418751 11.250000 
943789331794846 -14.643750 -41.287502 11.006250 
943789351794846 -14.362500 -41.662502 10.931251 
943789371794846 -13.950001 -41.756252 10.818750 
943789391794846 -13.893750 -41.793751 10.406250 
943789411794846 -13.706250 -41.906250 10.293751 
943789431794846 -13.500001 -42.093750 9.768750 
943789451794846 -13.312501 -42.187500 9.356251 
943789471794846 -13.162500 -42.300003 8.831250 
943789491794846 -12.975000 -42.712502 8.756250 
943789511794846 -13.050000 -42.712502 8.400001 
943789531794846 -13.050000 -43.012501 8.437500 
943789551794846 -12.393750 -43.200001 8.400001 
943789571794846 -12.225000 -43.481251 8.118751 
943789591794846 -11.962501 -43.500000 8.212501 
943789611794846 -12.018750 -43.668751 8.250000 
943789631794846 -11.868751 -43.650002 8.437500 
943789651794846 -11.906250 -43.518753 8.306251 
943789671794846 -11.775001 -43.293751 8.212501 
943789691794846 -11.775001 -43.162502 8.081250 
943789711794846 -11.981251 -42.993752 8.100000 
943789731794846 -12.131250 -43.068752 7.987500 
943789751794846 -12.037500 -43.162502 7.950000 
943789771794846 -11.625000 -42.993752 7.762500 
943789791794846 -11.456250 -43.068752 7.631250 
943789811794846 -11.437500 -43.162502 7.518750 
943789831794846 -11.831250 -43.256252 7.575000 
943789851794846 -11.906250 -43.275002 7.425000 
943789871794846 -12.356251 -43.350002 7.293750 
943789891794846 -12.281251 -43.050003 7.293750 
943789911794846 -12.675000 -43.012501 7.237500 
943789931794846 -13.106251 -42.881252 7.143750 
943789951794846 -13.443750 -42.862503 7.143750 
943789971794846 -13.350000 -42.768753 7.256250 
943789991794846 -13.050000 -42.768753 7.462500 
943790011794846 -13.087501 -42.562500 7.293750 
943790031794846 -12.825001 -42.468750 7.068750 
943790051794846 -12.862500 -42.637501 7.068750 
943790071794846 -12.750001 -42.487503 7.106250 
943790091794846 -12.618751 -42.525002 7.181250 
943790111794846 -12.450001 -42.825001 6.937500 
