# Created at Wed Jun 05 17:07:12 GMT+03:00 2024 in Burnaby Canada 
943784589330731 0.128355 -0.577663 -0.769941 0.238789 
943784608239533 0.132474 -0.577030 -0.769130 0.240677 
943784627148335 0.136150 -0.576132 -0.768599 0.242470 
943784646057138 0.138313 -0.575012 -0.768235 0.245042 
943784664965992 0.137334 -0.574095 -0.768547 0.246759 
943784683874794 0.134525 -0.574243 -0.768836 0.247060 
943784702783596 0.132616 -0.575495 -0.768253 0.246993 
943784721692398 0.133925 -0.576686 -0.766701 0.248327 
943784740601200 0.136897 -0.575879 -0.766198 0.250127 
943784759510054 0.138107 -0.572855 -0.767853 0.251327 
943784778418856 0.136894 -0.569441 -0.770797 0.250735 
943784797327658 0.134406 -0.567769 -0.773241 0.248337 
943784816236460 0.133702 -0.569469 -0.773403 0.244287 
943784835145315 0.135973 -0.574957 -0.770453 0.239453 
943784854054117 0.140107 -0.581312 -0.765469 0.237705 
943784872962919 0.143414 -0.583624 -0.762231 0.240455 
943784891871773 0.141537 -0.579515 -0.765131 0.242289 
943784910780575 0.136401 -0.572841 -0.771877 0.239696 
943784929689377 0.133446 -0.569630 -0.776283 0.234731 
943784948598231 0.134975 -0.572123 -0.775136 0.231563 
943784967507033 0.138366 -0.577937 -0.770147 0.231772 
943784986415835 0.139168 -0.582653 -0.765726 0.234119 
943785005324690 0.134400 -0.583941 -0.765110 0.235703 
943785024233492 0.125716 -0.581997 -0.768062 0.235703 
943785043142346 0.117996 -0.578627 -0.772128 0.234703 
943785062051148 0.115900 -0.576207 -0.775014 0.232177 
943785080960002 0.121083 -0.575946 -0.775394 0.228887 
943785099868804 0.130929 -0.577566 -0.773255 0.226608 
943785118777658 0.138586 -0.579524 -0.770874 0.225165 
943785137686460 0.138450 -0.580625 -0.770821 0.222581 
943785156595315 0.134158 -0.581034 -0.771943 0.220239 
943785175504117 0.130985 -0.581284 -0.772708 0.218804 
943785194412971 0.131526 -0.581734 -0.772145 0.219270 
943785213321773 0.134703 -0.582349 -0.770537 0.221354 
943785232230627 0.136315 -0.583407 -0.769459 0.221331 
943785251139481 0.134590 -0.585448 -0.769141 0.218080 
943785270048283 0.131052 -0.588683 -0.768707 0.212997 
943785288957138 0.129651 -0.592311 -0.767072 0.209663 
943785307865940 0.130586 -0.594710 -0.765114 0.209448 
943785326774794 0.132746 -0.594361 -0.764505 0.211295 
943785345683648 0.135994 -0.591379 -0.765560 0.213764 
943785364592502 0.137614 -0.587740 -0.767772 0.214826 
943785383501304 0.136867 -0.585591 -0.769652 0.214444 
943785402410158 0.137042 -0.586340 -0.769489 0.212867 
943785421319013 0.141176 -0.589795 -0.766681 0.210741 
943785440227815 0.147405 -0.592349 -0.763463 0.210997 
943785459136669 0.150485 -0.590165 -0.763717 0.214000 
943785478045523 0.148181 -0.584286 -0.768265 0.215458 
943785496954377 0.145953 -0.579373 -0.772646 0.214576 
943785515863179 0.148692 -0.579271 -0.772538 0.213355 
943785534772033 0.155776 -0.582729 -0.768499 0.213471 
943785553680888 0.162843 -0.585749 -0.764117 0.215650 
943785572589742 0.164828 -0.585198 -0.763121 0.219136 
943785591498596 0.161496 -0.581352 -0.765747 0.222668 
943785610407450 0.155811 -0.576891 -0.769621 0.224952 
943785629316304 0.151553 -0.574323 -0.772252 0.225414 
943785648225158 0.151743 -0.574152 -0.772378 0.225291 
943785667133960 0.155312 -0.575305 -0.770711 0.225626 
943785686042815 0.159709 -0.576255 -0.768840 0.226513 
943785704951669 0.162218 -0.576325 -0.767755 0.228228 
943785723860523 0.161852 -0.575514 -0.767636 0.230916 
943785742769377 0.158971 -0.574623 -0.768196 0.233264 
943785761678231 0.155719 -0.574426 -0.768377 0.235335 
943785780587085 0.154591 -0.574937 -0.767422 0.237934 
943785799495940 0.156498 -0.575715 -0.765354 0.241443 
943785818404794 0.159562 -0.576492 -0.763238 0.244263 
943785837313648 0.162370 -0.577384 -0.761932 0.244383 
943785856222554 0.164574 -0.578608 -0.760943 0.243094 
943785875131408 0.166051 -0.579863 -0.759535 0.243503 
943785894040263 0.165066 -0.580150 -0.758886 0.245501 
943785912949117 0.162337 -0.579174 -0.759812 0.246759 
943785931857971 0.160496 -0.578205 -0.761136 0.246155 
943785950766825 0.161089 -0.578400 -0.761171 0.245201 
943785969675679 0.162726 -0.579500 -0.760081 0.244900 
943785988584533 0.163933 -0.581267 -0.758962 0.243374 
943786007493440 0.165906 -0.585457 -0.756456 0.239768 
943786026402294 0.168737 -0.590551 -0.752737 0.236991 
943786045311148 0.170555 -0.591806 -0.751336 0.237005 
943786064220002 0.169785 -0.588658 -0.753597 0.238215 
943786083128856 0.165789 -0.586700 -0.756714 0.235968 
943786102037710 0.161859 -0.590385 -0.756051 0.231592 
943786120946617 0.160115 -0.597577 -0.751923 0.227763 
943786139855471 0.159055 -0.603517 -0.747966 0.225868 
943786158764325 0.156808 -0.605720 -0.746351 0.226881 
943786177673231 0.152171 -0.604426 -0.747754 0.228859 
943786196582085 0.145716 -0.602009 -0.751269 0.227919 
943786215490940 0.142284 -0.601120 -0.753617 0.224659 
943786234399846 0.144251 -0.602988 -0.752948 0.220605 
943786253308700 0.149981 -0.606089 -0.750398 0.216944 
943786272217554 0.154772 -0.607927 -0.748861 0.213724 
943786291126460 0.155787 -0.607995 -0.749406 0.210864 
943786310035315 0.153892 -0.607452 -0.751128 0.207667 
943786328944169 0.152731 -0.607239 -0.751955 0.206149 
943786347853075 0.153234 -0.607861 -0.751348 0.206157 
943786366761929 0.155153 -0.608988 -0.749876 0.206756 
943786385670835 0.158232 -0.610705 -0.747840 0.206727 
943786404579690 0.160694 -0.612521 -0.745892 0.206494 
943786423488544 0.160978 -0.614166 -0.744393 0.206796 
943786442397450 0.159369 -0.615739 -0.743572 0.206319 
943786461306304 0.159165 -0.616784 -0.742959 0.205563 
943786480215210 0.162721 -0.616947 -0.742253 0.204838 
943786499124065 0.168936 -0.616621 -0.741362 0.204014 
943786518032971 0.174505 -0.616829 -0.740011 0.203601 
943786536941825 0.176638 -0.617940 -0.738431 0.204131 
943786555850731 0.174944 -0.619564 -0.737290 0.204787 
943786574759638 0.170414 -0.620447 -0.737422 0.205459 
943786593668492 0.163367 -0.618689 -0.740007 0.207185 
943786612577398 0.156509 -0.613837 -0.744987 0.209052 
943786631486252 0.153333 -0.607804 -0.750334 0.209911 
943786650395158 0.156802 -0.602948 -0.753424 0.210284 
943786669304013 0.166737 -0.600914 -0.753008 0.209952 
943786688212919 0.180497 -0.601682 -0.749266 0.209761 
943786707121825 0.191113 -0.603421 -0.745119 0.210134 
943786726030679 0.193198 -0.603831 -0.743775 0.211804 
943786744939585 0.186789 -0.602072 -0.746196 0.214033 
943786763848492 0.176875 -0.598760 -0.750630 0.216233 
943786782757346 0.169209 -0.595854 -0.754243 0.217814 
943786801666252 0.168076 -0.594955 -0.754885 0.218922 
943786820575158 0.173121 -0.595936 -0.752548 0.220364 
943786839484013 0.180104 -0.597315 -0.749265 0.222214 
943786858392919 0.185151 -0.597834 -0.747035 0.224171 
943786877301825 0.186117 -0.597017 -0.747038 0.225536 
943786896210731 0.184220 -0.595709 -0.748324 0.226287 
943786915119585 0.182317 -0.595580 -0.748789 0.226626 
943786934028492 0.183028 -0.597274 -0.746861 0.227952 
943786952937398 0.184501 -0.599592 -0.743901 0.230348 
943786971846304 0.184972 -0.600692 -0.742065 0.233011 
943786990755158 0.184469 -0.600115 -0.742052 0.234929 
943787009664065 0.183805 -0.599460 -0.742788 0.234797 
943787028572971 0.185132 -0.600827 -0.742078 0.232492 
943787047481877 0.188768 -0.604499 -0.738851 0.230320 
943787066390783 0.192076 -0.607720 -0.735116 0.231059 
943787085299638 0.189805 -0.607762 -0.734636 0.234329 
943787104208544 0.180233 -0.604866 -0.738669 0.236686 
943787123117450 0.168843 -0.602345 -0.743693 0.235784 
943787142026356 0.164386 -0.604485 -0.744136 0.232028 
943787160935263 0.169957 -0.611393 -0.737749 0.230304 
943787179844169 0.179233 -0.618650 -0.729015 0.231699 
943787198753075 0.182694 -0.622589 -0.724314 0.233186 
943787217661981 0.177042 -0.622376 -0.726041 0.232742 
943787236570888 0.168350 -0.619181 -0.731181 0.231620 
943787255479794 0.161727 -0.615414 -0.736129 0.230703 
943787274388700 0.159623 -0.612949 -0.738509 0.231127 
943787293297554 0.159418 -0.611661 -0.739592 0.231215 
943787312206513 0.157767 -0.610374 -0.741619 0.229248 
943787331115419 0.154131 -0.608788 -0.744830 0.225497 
943787350024273 0.150843 -0.607072 -0.747974 0.221915 
943787368933231 0.149392 -0.605204 -0.750632 0.219003 
943787387842138 0.150186 -0.603413 -0.752771 0.216039 
943787406751044 0.153523 -0.602404 -0.753839 0.212759 
943787425659950 0.158601 -0.602511 -0.753539 0.209775 
943787444568856 0.162955 -0.602954 -0.752925 0.207357 
943787463477763 0.164676 -0.602997 -0.752768 0.206439 
943787482386669 0.163523 -0.602365 -0.753401 0.206890 
943787501295575 0.160692 -0.601251 -0.754628 0.207874 
943787520204481 0.157950 -0.600060 -0.755762 0.209295 
943787539113388 0.156118 -0.599185 -0.756613 0.210097 
943787558022294 0.155290 -0.598882 -0.756942 0.210391 
943787576931252 0.155366 -0.598968 -0.756603 0.211307 
943787595840158 0.155261 -0.598794 -0.756426 0.212508 
943787614749065 0.155189 -0.597968 -0.756778 0.213632 
943787633657971 0.154528 -0.596840 -0.757732 0.213880 
943787652566877 0.153485 -0.595842 -0.758837 0.213496 
943787671475783 0.153157 -0.595616 -0.759127 0.213331 
943787690384690 0.154923 -0.596512 -0.757985 0.213617 
943787709293648 0.158858 -0.598106 -0.755543 0.214914 
943787728202554 0.160758 -0.599047 -0.753561 0.217821 
943787747111460 0.157973 -0.597713 -0.754276 0.221024 
943787766020367 0.153452 -0.594277 -0.757177 0.223538 
943787784929325 0.151755 -0.591629 -0.759403 0.224172 
943787803838231 0.157695 -0.591866 -0.757969 0.224299 
943787822747138 0.169816 -0.594003 -0.752776 0.227271 
943787841656044 0.181024 -0.595256 -0.747155 0.233796 
943787860565002 0.183834 -0.593379 -0.745572 0.241307 
943787879473908 0.177256 -0.588413 -0.749316 0.246730 
943787898382815 0.166932 -0.583470 -0.754726 0.249169 
943787917291721 0.160638 -0.581485 -0.757443 0.249701 
943787936200679 0.163197 -0.582739 -0.755845 0.249958 
943787955109585 0.172732 -0.585385 -0.751484 0.250521 
943787974018492 0.183433 -0.587493 -0.747017 0.251336 
943787992927450 0.190000 -0.587484 -0.745057 0.252294 
943788011836356 0.190286 -0.585571 -0.746155 0.253281 
943788030745315 0.187503 -0.583109 -0.748472 0.254197 
943788049654221 0.185645 -0.582068 -0.749234 0.255698 
943788068563127 0.186153 -0.583241 -0.747467 0.257817 
943788087472085 0.188655 -0.585896 -0.743910 0.260255 
943788106380992 0.190848 -0.588655 -0.740634 0.261770 
943788125289898 0.191461 -0.590917 -0.738902 0.261119 
943788144198856 0.192401 -0.592824 -0.737653 0.259635 
943788163107763 0.195967 -0.594520 -0.735597 0.258922 
943788182016721 0.203203 -0.596365 -0.731948 0.259439 
943788200925627 0.211287 -0.598556 -0.727341 0.260889 
943788219834585 0.214469 -0.600764 -0.724185 0.261994 
943788238743492 0.211181 -0.602218 -0.723862 0.262221 
943788257652398 0.205789 -0.602034 -0.725443 0.262561 
943788276561356 0.202195 -0.600617 -0.727357 0.263304 
943788295470263 0.201914 -0.599768 -0.728340 0.262737 
943788314379221 0.203958 -0.601553 -0.727373 0.259738 
943788333288127 0.206400 -0.605884 -0.724520 0.255684 
943788352197085 0.207526 -0.610053 -0.721499 0.253392 
943788371105992 0.206301 -0.610799 -0.721023 0.253949 
943788390014950 0.201966 -0.607404 -0.724671 0.255190 
943788408923856 0.196769 -0.602508 -0.730057 0.255507 
943788427832815 0.193450 -0.598896 -0.734037 0.255128 
943788446741721 0.191337 -0.597253 -0.736167 0.254436 
943788465650679 0.188116 -0.596474 -0.737904 0.253634 
943788484559638 0.182151 -0.595370 -0.740746 0.252290 
943788503468544 0.173469 -0.594211 -0.744639 0.249669 
943788522377502 0.165281 -0.593481 -0.748323 0.245919 
943788541286408 0.161416 -0.593267 -0.750780 0.241472 
943788560195367 0.163053 -0.593810 -0.751467 0.236854 
943788579104273 0.169089 -0.595010 -0.750207 0.233584 
943788598013231 0.175215 -0.595968 -0.748688 0.231489 
943788616922190 0.176565 -0.595370 -0.749320 0.229954 
943788635831096 0.172582 -0.593057 -0.752244 0.229408 
943788654740054 0.167103 -0.589641 -0.756267 0.229045 
943788673649013 0.164155 -0.586306 -0.759526 0.228952 
943788692557919 0.164381 -0.584566 -0.761106 0.227988 
943788711466877 0.167502 -0.585186 -0.760162 0.227275 
943788730375835 0.171408 -0.587325 -0.757531 0.227630 
943788749284742 0.173251 -0.588922 -0.755717 0.228136 
943788768193700 0.171083 -0.588923 -0.756239 0.228040 
943788787102658 0.166281 -0.588547 -0.757806 0.227361 
943788806011565 0.162593 -0.589315 -0.758188 0.226767 
943788824920523 0.162000 -0.591998 -0.756110 0.227137 
943788843829481 0.164450 -0.595712 -0.751945 0.229481 
943788862738388 0.167423 -0.598231 -0.748126 0.233231 
943788881647346 0.169290 -0.597461 -0.746739 0.238248 
943788900556304 0.168638 -0.593241 -0.748260 0.244404 
943788919465263 0.165382 -0.587019 -0.752271 0.249291 
943788938374169 0.161683 -0.581547 -0.757264 0.249425 
943788957283127 0.162564 -0.579794 -0.759523 0.246041 
943788976192085 0.169673 -0.582438 -0.756554 0.244139 
943788995101044 0.177836 -0.585968 -0.751495 0.245503 
943789014009950 0.179791 -0.586072 -0.750168 0.247878 
943789032918908 0.174514 -0.581917 -0.754094 0.249518 
943789051827867 0.166062 -0.576315 -0.760370 0.249242 
943789070736825 0.160369 -0.572307 -0.764974 0.248116 
943789089645731 0.160983 -0.571671 -0.765896 0.246332 
943789108554690 0.166962 -0.574444 -0.763409 0.243609 
943789127463648 0.175245 -0.578944 -0.758763 0.241644 
943789146372606 0.182081 -0.583290 -0.753738 0.241865 
943789165281565 0.183501 -0.586146 -0.750701 0.243325 
943789184190523 0.179050 -0.586750 -0.750844 0.244741 
943789203099429 0.171777 -0.585648 -0.753072 0.245745 
943789222008388 0.165789 -0.584137 -0.755227 0.246842 
943789240917346 0.165051 -0.582879 -0.755530 0.249367 
943789259826304 0.169158 -0.581755 -0.754668 0.251840 
943789278735263 0.175044 -0.580545 -0.753748 0.253359 
943789297644221 0.180074 -0.579053 -0.753363 0.254394 
943789316553179 0.180932 -0.577071 -0.754987 0.253470 
943789335462085 0.179121 -0.572257 -0.759662 0.251697 
943789354371044 0.177350 -0.565833 -0.765356 0.250221 
943789373280002 0.175270 -0.559622 -0.770580 0.249621 
943789392188960 0.172524 -0.554999 -0.774673 0.249186 
943789411097919 0.170518 -0.552560 -0.776772 0.249450 
943789430006877 0.169061 -0.551679 -0.777524 0.250051 
943789448915835 0.168162 -0.551531 -0.777991 0.249530 
943789467824794 0.168265 -0.552784 -0.777917 0.246904 
943789486733752 0.166713 -0.555535 -0.777947 0.241635 
943789505642710 0.163168 -0.557807 -0.778002 0.238622 
943789524551669 0.158097 -0.558084 -0.778524 0.239682 
943789543460575 0.151639 -0.556345 -0.780411 0.241751 
943789562369533 0.145332 -0.553482 -0.783367 0.242636 
943789581278492 0.140832 -0.550847 -0.786409 0.241442 
943789600187450 0.137899 -0.550741 -0.788032 0.238063 
943789619096408 0.135426 -0.552969 -0.787585 0.235787 
943789638005367 0.131972 -0.555507 -0.786147 0.236576 
943789656914325 0.127349 -0.556261 -0.785621 0.239073 
943789675823283 0.121738 -0.554388 -0.787232 0.241038 
943789694732242 0.117818 -0.550866 -0.789785 0.242703 
943789713641200 0.117715 -0.547262 -0.791772 0.244426 
943789732550158 0.121104 -0.544233 -0.793147 0.245074 
943789751459117 0.127850 -0.542939 -0.792924 0.245241 
943789770368075 0.136405 -0.543875 -0.790441 0.246568 
943789789277033 0.142101 -0.545445 -0.787817 0.248276 
943789808185992 0.142187 -0.546073 -0.786936 0.249638 
943789827094950 0.137356 -0.545482 -0.787836 0.250794 
943789846003960 0.130400 -0.544167 -0.789345 0.252613 
943789864912919 0.123317 -0.543491 -0.790281 0.254688 
943789883821877 0.117892 -0.544336 -0.790049 0.256167 
943789902730835 0.114520 -0.546737 -0.789154 0.255342 
943789921639794 0.115552 -0.550015 -0.786940 0.254669 
943789940548752 0.121279 -0.550901 -0.785155 0.255599 
943789959457710 0.124005 -0.548497 -0.786504 0.255312 
943789978366669 0.122153 -0.544512 -0.789517 0.255439 
943789997275627 0.119192 -0.541514 -0.791309 0.257654 
943790016184585 0.118221 -0.540830 -0.790818 0.261026 
943790035093544 0.121656 -0.542076 -0.788744 0.263130 
943790054002502 0.129624 -0.543962 -0.786501 0.262143 
943790072911513 0.139788 -0.545250 -0.785173 0.258196 
