# Created at Thu Jun 06 10:35:43 GMT+03:00 2024 in Burnaby Canada 
1006694941169494 0.204586 1.275973 10.776974 
1006694960075848 -0.003589 1.218545 10.908579 
1006694978982203 -0.521934 1.039083 10.200005 
1006694997888557 -0.543470 0.894317 10.178470 
1006695016794911 -0.426222 0.471685 10.544870 
1006695035701213 -0.031107 0.246461 10.927722 
1006695054607567 0.565005 0.137587 10.743475 
1006695073513921 0.863211 0.002393 10.188041 
1006695092420276 0.555434 0.123230 9.985847 
1006695111326630 0.022732 0.250050 9.814461 
1006695130232984 -0.092124 0.614058 9.825528 
1006695149139338 -0.090927 0.822234 9.687641 
1006695168045692 -0.108873 0.770788 9.741480 
1006695186952046 -0.166301 0.435793 9.802497 
1006695205858401 -0.215354 0.163908 10.115060 
1006695224764755 -0.442971 0.052642 10.312468 
1006695243671161 -0.755235 0.318545 10.331610 
1006695262577515 -0.684646 0.882353 10.213165 
1006695281483869 -0.359223 1.121636 9.590733 
1006695300390223 -0.318545 1.124028 8.848659 
1006695319296578 -0.223729 0.810270 9.156136 
1006695338202984 0.069392 0.764806 9.612267 
1006695357109338 0.646361 1.208974 9.748658 
1006695376015692 0.508774 1.149153 9.735498 
1006695394922098 0.087338 1.131207 10.243075 
1006695413828453 -0.331705 0.475274 10.178470 
1006695432734859 -0.451346 -0.216550 10.123434 
1006695451641213 -0.143569 -0.352044 10.375877 
1006695470547619 0.276371 -0.398704 10.536495 
1006695489453973 0.682254 -0.253639 10.702797 
1006695508360380 0.762413 -0.166301 10.757832 
1006695527266734 0.660718 -0.044267 9.985847 
1006695546173140 0.771984 0.502792 9.115458 
1006695565079546 0.707378 0.946960 9.146564 
1006695583985901 0.269193 0.931406 9.681660 
1006695602892307 -0.047856 0.997209 9.845867 
1006695621798713 0.059821 1.409073 9.700802 
1006695640705067 0.307777 1.565803 9.279665 
1006695659611473 0.529113 1.284348 8.995817 
1006695678517880 0.628415 0.896710 9.198010 
1006695697424286 0.434596 0.750449 9.674481 
1006695716330692 0.113659 0.914656 10.148559 
1006695735237098 -0.094516 0.940978 10.269397 
1006695754143505 0.011964 0.994816 10.134202 
1006695773049911 0.031107 1.045065 9.996614 
1006695791956317 -0.087338 1.183849 9.964312 
1006695810862723 -0.174676 1.204188 9.885348 
1006695829769130 -0.150748 1.205384 9.646963 
1006695848675536 -0.224925 1.231705 9.860224 
1006695867581994 -0.210568 1.055833 10.112667 
1006695886488401 0.069392 1.049851 10.030114 
1006695905394807 0.298206 1.022334 9.624231 
1006695924301213 0.368794 1.098904 9.578768 
1006695943207619 0.350848 1.226920 9.545269 
1006695962114078 0.365205 1.450948 9.352647 
1006695981020484 0.421436 1.783550 9.233903 
1006695999926942 0.310170 1.800300 9.253045 
1006696018833348 0.076570 1.486840 9.631411 
1006696037739755 -0.149551 0.930210 10.272985 
1006696056646213 -0.178265 0.378365 10.707582 
1006696075552619 -0.191426 -0.069392 11.046466 
1006696094459078 0.062213 -0.352044 11.622239 
1006696113365536 0.387936 -0.384347 11.015359 
1006696132271942 0.850050 0.202194 9.808479 
1006696151178401 1.474876 1.096511 9.176475 
1006696170084807 1.636392 0.934995 8.833105 
1006696188991265 1.626820 0.696611 8.823533 
1006696207897723 1.689034 0.860818 8.868998 
1006696226804182 1.616053 1.023530 9.018549 
1006696245710588 1.398007 0.827019 9.206385 
1006696264617046 1.319044 0.344866 9.532108 
1006696283523505 1.443769 -0.083749 9.909277 
1006696302429963 1.371686 -0.447757 10.361520 
1006696321336421 1.198206 -0.746860 10.707582 
1006696340242880 1.076172 -0.838983 10.749456 
1006696359149338 0.806680 -0.878764 10.707582 
1006696378055796 0.585344 -0.740878 10.522139 
1006696396962255 0.486042 -0.317348 10.153345 
1006696415868713 0.361615 0.165105 9.625428 
1006696434775171 0.180658 0.523131 9.205189 
1006696453681630 0.078963 0.888335 9.399306 
1006696472588088 0.335294 1.024726 9.685248 
1006696491494546 0.823430 0.811466 9.473484 
1006696510401005 0.942174 0.700200 9.383753 
1006696529307463 0.827019 0.966102 9.724730 
1006696548213973 0.817448 1.289133 9.860224 
1006696567120432 0.779163 1.447359 9.928419 
1006696586026890 0.827019 1.374078 10.049257 
1006696604933348 1.063011 1.042673 10.138988 
1006696623839859 1.234098 0.507577 10.192826 
1006696642746317 1.326222 0.034696 10.002597 
1006696661652828 1.181456 -0.150748 9.803694 
1006696680559286 0.514756 0.235693 10.246665 
1006696699465744 0.031107 0.750449 10.384551 
1006696718372255 -0.190229 0.908674 9.801301 
1006696737278713 -0.171087 0.739681 8.901300 
1006696756185223 0.126820 0.456132 8.691629 
1006696775091682 0.441775 -0.087338 9.731909 
1006696793998192 0.830609 -0.566202 10.580763 
1006696812904703 0.943370 -0.761217 10.553246 
1006696831811161 0.858425 -0.302991 10.416854 
1006696850717671 0.720539 0.349651 9.961919 
1006696869624130 0.864407 0.856032 9.264112 
1006696888530640 0.763610 0.876371 9.102298 
1006696907437151 0.559023 0.699003 9.947562 
1006696926343609 0.453739 0.544666 10.380663 
1006696945250119 0.408275 0.442971 10.347163 
1006696964156630 0.472882 0.520738 10.287343 
1006696983063140 0.785145 0.517149 9.994222 
1006697001969651 0.805484 0.423829 9.697213 
1006697020876161 0.529113 0.505185 9.772587 
1006697039782619 0.147159 0.732503 10.192826 
1006697058689130 0.026321 0.687039 10.275378 
1006697077595640 0.269193 0.548256 10.002597 
1006697096502151 0.515952 0.573380 9.873384 
1006697115408661 0.492024 0.703789 9.801301 
1006697134315171 0.408275 0.869193 9.829117 
1006697153221682 0.539881 1.009173 9.935597 
1006697172128192 0.913460 1.051047 9.792926 
1006697191034703 1.070190 1.068994 9.612267 
1006697209941213 0.783949 1.189831 9.673285 
1006697228847723 0.663111 1.051047 9.847063 
1006697247754286 0.660718 0.742074 9.966704 
1006697266660796 0.586541 0.732503 10.027721 
1006697285567307 0.489631 0.956531 10.009775 
1006697304473817 0.798305 1.322633 10.133006 
1006697323380328 0.975673 1.153939 10.302896 
1006697342286890 0.838983 0.630808 10.004990 
1006697361193401 0.767199 0.407079 9.939187 
1006697380099911 0.618844 0.600898 9.970294 
1006697399006473 0.557827 0.973281 9.879367 
1006697417912984 0.701396 1.223331 9.550055 
1006697436819494 1.027119 1.177867 9.303594 
1006697455726057 1.213759 1.072583 9.432806 
1006697474632567 0.720539 1.273580 9.967901 
1006697493539078 0.282652 1.598106 10.156934 
1006697512445640 0.389133 1.742872 9.729516 
1006697531352151 0.457328 1.584946 9.350254 
1006697550258713 0.317348 1.555036 9.404092 
1006697569165223 0.131605 1.645963 9.609875 
1006697588071786 -0.096909 1.760818 10.064810 
1006697606978296 -0.064606 1.868495 10.424033 
1006697625884859 0.352044 1.672284 9.924830 
1006697644791421 0.789931 1.456930 9.345468 
1006697663697932 0.884746 1.255634 9.162118 
1006697682604494 0.598505 1.164706 9.485448 
1006697701511057 0.292223 1.302294 9.847063 
1006697720417567 0.029910 1.380060 9.804890 
1006697739324130 -0.102891 1.394417 9.554840 
1006697758230692 0.011964 1.403091 9.333504 
1006697777137255 0.106481 1.443769 9.253045 
1006697796043765 0.021535 1.523929 9.343075 
1006697814950328 -0.228515 1.669891 9.655338 
1006697833856890 -0.395115 1.628017 9.768997 
1006697852763453 -0.282652 1.516750 9.569197 
1006697871670015 -0.149551 1.510768 9.743873 
1006697890576578 -0.193819 1.444966 9.924830 
1006697909483140 -0.086142 1.333400 9.910473 
1006697928389703 -0.100499 1.302294 10.074382 
1006697947296265 -0.212961 1.242473 10.243075 
1006697966202828 -0.209372 1.287937 10.264611 
1006697985109390 -0.227318 1.222134 10.261022 
1006698004015953 -0.272782 1.156332 10.177273 
1006698022922515 -0.488435 1.090529 10.103095 
1006698041829078 -0.726521 1.109671 10.277771 
1006698060735640 -0.551845 1.021137 10.124631 
1006698079642203 -0.136391 1.098904 9.910473 
1006698098548765 -0.105284 1.197010 9.890134 
1006698117455328 -0.352044 1.246062 9.857831 
1006698136361890 -0.447757 1.393221 9.770194 
1006698155268505 -0.409472 1.387239 9.603892 
1006698174175067 -0.422632 1.269991 9.691231 
1006698193081630 -0.386740 1.210170 9.784551 
1006698211988192 -0.235693 1.266401 9.839885 
1006698230894807 -0.216550 1.328615 9.912866 
1006698249801369 -0.458525 1.358525 10.124631 
1006698268707932 -0.640379 1.403091 10.185648 
1006698287614546 -0.727717 1.297508 10.110274 
1006698306521109 -0.582951 1.199402 10.253843 
1006698325427671 -0.377169 1.268794 10.091131 
1006698344334286 -0.387936 1.241277 9.639785 
1006698363240848 -0.355633 1.287937 9.465109 
1006698382147463 -0.365205 1.511965 9.626625 
1006698401054026 -0.422632 1.836192 9.685248 
1006698419960640 -0.623629 1.994418 9.401699 
1006698438867203 -0.696611 1.892424 8.907282 
1006698457773817 -0.722932 1.830210 8.678469 
1006698476680380 -0.615255 1.901995 9.131011 
1006698495586994 -0.612862 1.886442 9.652946 
1006698514493557 -0.791127 1.834996 9.878170 
1006698533400171 -0.930210 1.729712 9.859028 
1006698552306786 -0.999602 1.724926 9.982258 
1006698571213348 -0.878764 1.667498 10.289736 
1006698590119963 -0.628415 1.476072 10.396515 
1006698609026578 -0.356830 1.197010 10.009775 
1006698627933140 -0.368794 1.096511 9.786943 
1006698646839755 -0.675075 1.156332 9.898509 
1006698665746369 -0.664307 1.284348 10.149755 
1006698684652932 -0.287438 1.331008 10.167702 
1006698703559546 -0.135194 1.304687 10.000204 
1006698722466161 -0.278764 1.236491 9.783355 
1006698741372776 -0.447757 1.319044 9.688838 
1006698760279390 -0.476471 1.383650 9.878170 
1006698779185953 -0.306580 1.231705 9.869795 
1006698798092567 -0.087338 1.131207 9.694820 
1006698816999182 -0.069392 1.228116 9.748658 
1006698835905796 -0.148355 1.198206 9.521340 
1006698854812411 -0.232104 1.048655 9.034101 
1006698873719026 -0.329312 1.046262 8.849854 
1006698892625640 -0.425025 1.202992 9.020942 
1006698911532255 -0.877568 1.250848 9.648160 
1006698930438869 -1.299901 1.492822 10.875080 
1006698949345484 -1.681855 1.230509 11.190035 
1006698968252098 -1.400399 0.794716 10.263414 
1006698987158713 -0.671486 1.025923 9.437592 
1006699006065328 -0.452543 1.406681 9.274879 
1006699024971942 -0.897907 1.502393 9.541679 
1006699043878557 -1.170689 1.402792 9.842278 
1006699062785171 -1.096511 1.264009 9.697213 
1006699081691786 -0.815055 1.137189 9.585947 
1006699100598401 -0.659522 0.994816 9.563215 
1006699119505067 -0.496810 0.952942 9.569197 
1006699138411682 -0.554238 0.885943 9.656535 
1006699157318296 -0.872782 0.967299 10.247861 
1006699176224911 -0.799502 0.851247 10.174880 
1006699195131578 -0.543470 0.679861 9.760623 
1006699214038192 -0.364008 0.648754 9.662517 
1006699232944807 -0.244068 0.756431 9.795319 
1006699251851421 -0.273978 0.828216 9.783355 
1006699270758088 -0.190229 0.834198 9.523733 
1006699289664703 0.080160 0.942174 9.384950 
1006699308571317 0.148355 0.895514 9.459127 
1006699327477984 -0.270389 0.699003 9.791729 
1006699346384598 -0.824627 0.468096 9.851849 
1006699365291213 -0.968495 0.628415 9.961919 
1006699384197880 -0.958924 0.823430 10.219148 
1006699403104494 -0.854836 0.487238 10.741082 
1006699422011161 -0.536291 -0.111266 10.727921 
1006699440917776 -0.047856 -0.364008 10.371092 
1006699459824442 0.051446 -0.435793 9.987043 
1006699478731057 0.001196 -0.343669 9.945169 
1006699497637723 0.120838 -0.232104 10.398908 
1006699516544338 0.313759 -0.483649 10.957932 
1006699535451005 0.375972 -1.053440 10.118649 
1006699554357619 0.490828 -0.823430 9.154940 
1006699573264286 0.325723 -0.193819 9.605089 
1006699592170901 -0.049053 -0.107677 9.872188 
1006699611077567 -0.084945 -0.098106 9.920045 
1006699629984234 0.254836 0.154337 10.258629 
1006699648890848 0.481256 0.011964 10.220344 
1006699667797515 0.511167 -0.879961 9.949955 
1006699686704130 0.838983 -1.601696 9.808479 
1006699705610796 1.222134 -1.559821 9.861421 
1006699724517463 1.266401 -1.587339 10.002597 
1006699743424130 1.561018 -1.595714 9.637392 
1006699762330744 2.067399 -0.494417 9.321540 
1006699781237411 2.271985 1.744069 9.577572 
1006699800144078 2.756831 0.478864 9.724730 
1006699819050744 0.899103 -0.770788 9.819247 
1006699837957359 0.209372 -0.533899 9.985847 
1006699856864026 1.453341 0.257228 9.860224 
1006699875770692 2.167897 0.065803 10.036097 
1006699894677359 2.048256 -0.484846 10.621441 
1006699913584026 1.934298 -0.481256 10.686047 
1006699932490692 1.592124 -0.120838 10.430015 
1006699951397359 1.066601 0.174676 10.042078 
1006699970303973 0.894317 0.387936 9.856635 
1006699989210640 1.248455 0.533899 9.662517 
1006700008117307 2.048256 0.319741 9.042477 
1006700027023973 2.571387 0.257228 8.623434 
1006700045930640 1.867299 0.483649 9.036494 
1006700064837307 0.663111 0.921835 9.927223 
1006700083743973 0.049053 1.173081 10.314860 
1006700102650640 0.013161 1.310669 10.265807 
1006700121557307 0.399900 1.137189 9.807282 
1006700140463973 1.031905 0.837787 9.386146 
1006700159370640 1.231705 0.736092 9.365807 
1006700178277307 0.925424 0.760020 9.603892 
1006700197183973 0.346062 1.170689 9.978668 
1006700216090692 0.281456 1.259223 9.929616 
1006700234997359 0.624826 1.039083 9.569197 
1006700253904026 0.979263 0.562612 9.335896 
1006700272810692 1.083350 0.501595 9.645767 
1006700291717359 0.480060 0.704985 10.330414 
1006700310624026 -0.271585 1.158724 10.881062 
1006700329530692 -0.209372 1.307079 10.443175 
1006700348437411 0.343669 0.992423 9.514162 
1006700367344078 0.914656 0.774377 9.349057 
1006700386250744 1.003191 0.719342 9.710373 
1006700405157411 0.495613 0.712164 9.897313 
1006700424064130 -0.070588 0.901496 10.257433 
1006700442970796 0.002393 1.088136 10.150951 
1006700461877463 0.324527 0.894317 9.854242 
1006700480784130 0.841376 0.629611 9.888938 
1006700499690848 0.842872 0.210568 10.024133 
1006700518597515 0.211765 0.228515 9.887741 
1006700537504182 -0.432204 0.767199 9.975080 
1006700556410901 -0.676271 1.283151 9.865009 
1006700575317567 -0.409472 1.352543 9.741480 
1006700594224234 0.179462 1.131207 9.547662 
1006700613130953 0.570987 0.744467 9.495019 
1006700632037619 0.669093 0.458525 9.847063 
1006700650944286 0.186640 0.416650 10.334002 
1006700669851005 -0.210568 0.622433 10.745868 
1006700688757671 0.029910 0.787538 10.834402 
1006700707664390 -0.310170 0.924228 11.190035 
1006700726571057 -0.302991 0.918246 10.931312 
1006700745477776 0.177069 0.754038 10.969895 
1006700764384442 -0.666700 0.183051 10.014561 
1006700783291161 -0.526720 0.819841 9.544072 
1006700802197828 -0.147159 1.340579 9.219545 
1006700821104546 -0.052642 1.249652 9.217153 
1006700840011213 -0.157926 0.841376 9.963116 
1006700858917932 -0.427418 0.123230 10.581959 
1006700877824598 -0.574577 -0.561416 10.275378 
1006700896731317 -0.419043 -0.908674 9.408877 
1006700915637984 -0.089731 -0.906282 9.611072 
1006700934544703 0.273978 -0.660718 10.087543 
1006700953451421 0.508774 -0.690628 9.955936 
1006700972358088 0.844068 -0.420239 9.193225 
1006700991264807 0.799502 -0.179462 9.188439 
1006701010171473 0.590130 0.286241 10.051650 
1006701029078192 0.501595 0.676271 10.161719 
1006701047984911 1.823032 1.311865 10.127024 
1006701066891578 1.334597 2.025524 8.542078 
1006701085798296 0.701396 2.417947 8.622237 
1006701104705015 -0.409472 2.154737 9.886545 
1006701123611682 -0.641576 2.009971 11.355140 
1006701142518401 -0.428614 1.430609 11.812469 
1006701161425119 0.082552 0.902692 10.939686 
1006701180331838 -0.083749 1.319044 10.604691 
1006701199238505 -0.470489 1.620838 10.944771 
1006701218145223 -0.299402 1.915155 10.465907 
1006701237051942 0.645165 2.041078 9.334701 
1006701255958661 2.129612 0.697807 8.737391 
1006701274865328 2.185843 0.725324 8.894122 
1006701293772046 0.838983 1.344168 9.707980 
1006701312678765 -0.304188 1.823032 9.977472 
1006701331585484 -0.155533 1.577767 8.828320 
1006701350492151 -0.543470 1.711766 8.114660 
1006701369398869 -0.925424 1.766800 8.357830 
1006701388305588 -0.805484 1.807478 9.090333 
1006701407212307 -0.795913 1.767997 9.438788 
1006701426119026 -0.716949 1.805086 9.317950 
1006701445025744 -0.369990 1.882852 9.013762 
1006701463932463 0.483649 1.777568 8.941978 
1006701482839130 0.777966 1.153939 8.801998 
1006701501745901 0.331705 1.037887 8.824730 
1006701520652567 -0.128016 1.500001 9.393325 
1006701539559286 -0.373579 2.076970 10.215558 
1006701558466005 -0.536291 2.262414 10.464711 
1006701577372723 -0.246461 2.166701 10.276575 
1006701596279442 -0.075374 2.238486 10.058828 
1006701615186161 0.195015 2.244468 9.584750 
1006701634092880 0.302991 2.245664 9.430413 
1006701652999598 0.206979 2.177469 9.827921 
1006701671906317 -0.248854 1.870888 10.371092 
1006701690813036 -0.276371 1.323829 10.302896 
1006701709719755 0.222533 0.913460 9.618250 
1006701728626473 0.667897 0.905085 9.364611 
1006701747533192 0.955334 1.269991 9.866206 
1006701766439911 0.651147 1.505983 10.461122 
1006701785346630 0.088534 1.563411 10.507782 
1006701804253348 0.020339 1.679462 10.129416 
1006701823160067 0.310170 1.783550 9.605089 
1006701842066786 0.627219 1.876870 9.325129 
1006701860973505 0.532702 1.779961 9.425628 
1006701879880223 0.163908 1.557428 10.296914 
1006701898786942 0.057428 1.443769 10.978271 
1006701917693661 0.447757 1.633999 10.101899 
1006701936600432 0.560220 1.470090 9.757033 
1006701955507151 0.690628 1.371686 10.143773 
1006701974413869 0.673879 1.316651 10.344770 
1006701993320588 0.488435 1.299901 10.094721 
1006702012227307 0.408275 1.709373 9.678070 
1006702031134026 0.523131 2.137987 9.294023 
1006702050040744 0.542273 2.199004 9.297611 
1006702068947463 0.410668 1.958226 9.576375 
1006702087854234 0.226122 1.882852 10.150951 
1006702106760953 0.107677 1.762015 10.363914 
1006702125667671 0.059821 1.527518 9.942777 
1006702144574390 0.383151 1.521536 9.474680 
1006702163481109 0.428614 1.510768 9.453145 
1006702182387880 0.287438 1.515554 9.600304 
1006702201294598 0.298206 1.427020 9.655338 
1006702220201317 0.227318 1.216152 9.608679 
1006702239108036 0.349651 1.242473 9.795319 
1006702258014755 0.145962 1.409073 10.491032 
1006702276921526 -0.308973 1.296312 10.554441 
1006702295828244 -0.215354 1.352543 9.661321 
1006702314734963 0.230907 1.746461 9.254242 
1006702333641734 0.210568 1.789532 9.154940 
1006702352548453 -0.099302 1.863710 9.484252 
1006702371455171 -0.326919 2.059024 9.830314 
1006702390361890 -0.576969 1.970490 9.984651 
1006702409268661 -0.398704 1.898406 10.044471 
1006702428175380 0.007178 1.787139 9.949955 
1006702447082098 -0.001196 1.466501 9.692428 
1006702465988869 -0.205783 1.467698 9.891331 
1006702484895588 -0.360419 1.729712 10.051650 
1006702503802307 -0.721735 2.027917 10.252646 
1006702522709078 -1.023530 2.109273 10.103095 
1006702541615796 -0.695414 2.220539 9.332308 
1006702560522515 -0.355633 2.252842 8.896515 
1006702579429286 -0.502792 2.111666 9.357432 
1006702598336005 -0.728914 1.988436 10.069596 
1006702617242776 -0.799502 1.910370 10.200005 
1006702636149494 -0.605683 1.919941 9.922438 
1006702655056213 -0.218943 1.963012 9.496216 
1006702673962984 0.117248 2.017149 9.294023 
1006702692869703 -0.157926 1.831407 9.533304 
1006702711776473 -0.567398 1.587339 9.863813 
1006702730683192 -0.604487 1.600499 10.313663 
1006702749589911 -0.470489 1.562214 10.154541 
1006702768496682 -0.251246 1.533500 9.572786 
1006702787403401 -0.178265 1.727319 9.633803 
1006702806310171 -0.300598 1.730908 9.724730 
1006702825216890 -0.566202 1.763211 9.780962 
1006702844123661 -0.809073 1.970490 10.149755 
1006702863030380 -0.663111 2.037488 9.915258 
1006702881937151 -0.380758 1.936691 9.558429 
1006702900843869 -0.352044 1.794318 9.597911 
1006702919750640 -0.493221 1.756033 9.626625 
1006702938657359 -0.617647 2.055435 9.748658 
1006702957564130 -0.748056 2.360520 10.416854 
1006702976470848 -0.527916 2.203790 10.134202 
1006702995377619 -0.190229 1.954637 9.328718 
1006703014284338 0.195015 1.919941 9.261719 
1006703033191109 0.494417 1.954637 9.506984 
1006703052097828 0.500399 1.858924 9.575179 
1006703071004598 0.302991 1.704587 9.608679 
1006703089911317 0.189033 1.630409 9.681660 
1006703108818088 0.341276 1.636392 9.651750 
1006703127724807 0.543470 1.616053 9.673285 
1006703146631578 0.721735 1.438984 9.468699 
1006703165538296 0.651147 1.237687 9.372986 
1006703184445067 0.603290 1.247259 9.674481 
1006703203351838 0.748056 1.089332 9.832706 
1006703222258557 0.960120 0.986441 9.606286 
1006703241165328 1.110868 1.046262 9.437592 
1006703260072046 1.131207 1.265205 9.667302 
1006703278978817 0.906282 1.338186 9.899706 
1006703297885588 0.669093 1.278365 10.043275 
1006703316792307 0.670289 1.197010 10.342378 
1006703335699078 0.848854 1.001994 10.575977 
1006703354605848 0.982852 0.909871 10.305289 
1006703373512567 0.913460 0.897907 9.924830 
1006703392419338 0.694218 1.009173 9.943973 
1006703411326057 0.575773 1.121636 9.914063 
1006703430232828 0.337687 1.176671 10.138988 
1006703449139598 0.081356 0.970888 10.569995 
1006703468046317 0.254836 0.804287 10.529317 
1006703486953088 0.624826 0.766002 10.150951 
1006703505859859 0.682254 0.837787 9.673285 
1006703524766578 0.612862 1.144367 9.370592 
1006703543673348 0.474078 1.482054 9.068798 
1006703562580119 0.646361 1.593321 8.524132 
1006703581486890 0.742074 1.467698 8.293224 
1006703600393609 0.781556 1.106082 9.211171 
1006703619300380 1.138385 0.463310 10.403694 
1006703638207151 1.433002 -0.214158 10.876276 
1006703657113869 1.674677 -0.555434 10.622637 
1006703676020640 1.553839 -0.541077 10.138988 
1006703694927411 1.149153 0.003589 10.063614 
1006703713834130 0.811466 0.567398 9.955936 
1006703732740901 0.383151 0.689432 9.979865 
1006703751647671 0.372383 0.608076 10.119845 
1006703770554442 0.665504 0.475274 10.043275 
1006703789461213 1.061815 0.298206 9.981061 
1006703808367932 1.286740 0.196211 9.763016 
1006703827274703 1.090529 0.160319 9.719945 
1006703846181473 0.678664 0.325723 10.001400 
1006703865088244 0.699003 0.592523 10.069596 
1006703883994963 0.903889 0.621237 9.933205 
1006703902901734 1.066601 0.425025 9.866206 
1006703921808505 1.047458 0.297009 9.893723 
1006703940715276 0.975673 0.322134 9.816854 
1006703959621994 1.072583 0.349651 9.752248 
1006703978528765 1.187438 0.266800 9.983455 
1006703997435536 0.836591 0.104088 10.455139 
1006704016342307 0.590130 0.344866 10.648958 
1006704035249078 0.531506 0.712164 10.149755 
1006704054155796 0.592523 0.927817 9.661321 
1006704073062567 0.603290 0.884746 9.432806 
1006704091969338 0.439382 0.901496 9.597911 
1006704110876109 0.266800 0.980459 9.909277 
1006704129782880 -0.244068 0.830609 9.918848 
1006704148689598 -0.727717 0.792323 10.289736 
1006704167596369 -0.836591 0.937388 10.470693 
1006704186503140 -0.736092 1.027119 10.289736 
1006704205409911 -0.551845 1.022334 10.182058 
1006704224316682 -0.360419 0.944567 10.113863 
1006704243223453 -0.145962 1.058226 9.888938 
1006704262130223 -0.023928 1.185045 9.576375 
1006704281036994 -0.149551 1.165903 9.445967 
1006704299943713 -0.313759 1.246062 9.524930 
1006704318850484 -0.281456 1.537089 9.601500 
1006704337757255 -0.101695 1.806282 9.323933 
1006704356664026 0.087338 2.005185 9.136993 
1006704375570796 0.162712 1.899602 9.079565 
1006704394477567 0.003589 1.617249 9.294023 
1006704413384338 -0.033500 1.538286 9.924830 
1006704432291057 0.122034 1.538286 10.119845 
1006704451197828 0.197408 1.340579 10.074382 
1006704470104598 0.215354 1.213759 10.292129 
1006704489011369 0.265603 1.189831 10.365109 
1006704507918140 0.305384 1.320240 10.216755 
1006704526824911 0.039482 1.327418 10.447961 
1006704545731682 -0.256032 1.132403 10.889437 
1006704564638453 -0.273978 0.960120 11.245070 
1006704583545223 0.053839 0.919442 11.079966 
1006704602451994 0.383151 0.974477 10.135399 
1006704621358713 0.562612 1.266401 9.202796 
1006704640265484 0.658325 1.641177 8.630612 
1006704659172255 0.304188 1.772782 8.791230 
1006704678079026 -0.163908 1.714158 9.544072 
1006704696985796 -0.375972 1.592124 10.194023 
1006704715892567 -0.328116 1.213759 10.103095 
1006704734799338 -0.125623 0.612862 9.589536 
1006704753706109 -0.052642 0.415454 9.382557 
1006704772612880 -1.061815 0.495613 10.071989 
1006704791519651 -2.051845 1.024726 11.014163 
1006704810426421 -2.090131 1.929512 10.750653 
1006704829333192 -1.286740 2.591726 9.559626 
1006704848239963 -0.385544 2.641975 8.706285 
1006704867146734 0.368794 2.295913 8.280064 
1006704886053505 0.762413 1.984846 8.259725 
1006704904960276 0.420239 1.912763 9.018549 
1006704923867046 -0.190229 2.245664 10.040882 
1006704942773817 -0.375972 2.334198 10.310075 
1006704961680588 0.021535 1.868495 9.965508 
1006704980587359 0.367597 1.042673 9.640982 
1006704999494130 0.380758 0.398704 9.874580 
1006705018400848 0.320937 0.264407 10.747064 
1006705037307671 0.044267 0.246461 11.315659 
1006705056214390 -0.222533 -0.045464 11.131411 
1006705075121161 -0.275175 -0.291027 10.535299 
1006705094027932 -0.171087 -0.116052 10.234700 
1006705112934703 -0.086142 0.390329 10.129416 
1006705131841473 -0.340080 0.827019 9.977472 
1006705150748244 -0.630808 1.167099 9.902099 
1006705169655015 -0.718146 1.339383 9.584750 
1006705188561786 -0.779163 1.323829 9.283255 
1006705207468557 -0.688236 1.404288 9.329915 
1006705226375328 -0.476471 1.471287 9.408877 
1006705245282098 -0.429811 1.401596 9.274879 
1006705264188869 -0.489631 1.292722 8.985049 
1006705283095640 -0.567398 1.235295 8.829515 
1006705302002463 -0.743271 1.254437 9.211171 
1006705320909234 -0.745663 1.485644 9.701999 
1006705339816005 -0.734896 1.565803 9.760623 
1006705358722776 -0.748056 1.459323 9.571589 
1006705377629546 -0.720539 1.412663 9.609875 
1006705396536317 -0.444168 1.508376 9.807282 
1006705415443088 -0.474078 1.467698 9.993026 
1006705434349859 -0.563809 1.292722 10.150951 
1006705453256630 -0.684646 1.114457 10.512568 
1006705472163401 -0.805484 1.028316 10.944771 
1006705491070171 -0.858425 1.207777 11.064412 
1006705509976942 -0.688236 1.454537 10.475478 
1006705528883713 -0.405883 1.738087 9.582357 
1006705547790484 -0.147159 1.960619 9.331111 
1006705566697255 -0.011964 2.002793 9.591928 
1006705585604026 0.053839 1.785943 9.751051 
1006705604510796 0.080160 1.599303 9.607482 
1006705623417567 0.000000 1.561018 9.711570 
1006705642324338 0.039482 1.527518 9.952348 
1006705661231109 0.025125 1.290330 9.960723 
1006705680137880 -0.001196 1.022334 9.955936 
1006705699044651 0.074178 1.041476 10.025329 
1006705717951421 0.086142 1.028316 9.741480 
1006705736858192 -0.082552 1.017548 9.786943 
1006705755764963 -0.145962 1.036690 9.914063 
1006705774671734 -0.199801 0.938585 9.845867 
1006705793578557 -0.263211 0.911067 9.941580 
1006705812485328 -0.312562 1.147957 9.886545 
1006705831392098 -0.312562 1.280758 9.541679 
1006705850298869 -0.343669 1.224527 9.503394 
1006705869205640 -0.355633 1.241277 9.971490 
1006705888112411 -0.307777 1.327418 10.426426 
1006705907019182 -0.271585 1.395614 10.526924 
1006705925925953 -0.143569 1.411466 10.566405 
1006705944832723 0.092124 1.377668 10.156934 
1006705963739494 0.136391 1.127618 9.680463 
1006705982646265 -0.027517 0.930210 9.685248 
1006706001553036 -0.163908 1.096511 9.692428 
1006706020459807 -0.257228 1.491626 9.406485 
1006706039366578 -0.360419 1.763211 8.926425 
1006706058273348 -0.570987 1.720140 8.749356 
1006706077180119 -0.620040 1.581357 9.202796 
1006706096086942 -0.554238 1.314258 9.752248 
1006706114993713 -0.323330 1.128814 9.915258 
1006706133900484 -0.007178 1.281955 9.497412 
1006706152807255 -0.049053 1.520340 9.229117 
1006706171714026 -0.186640 1.619642 9.554840 
1006706190620796 -0.210568 1.508376 9.967901 
1006706209527567 -0.306580 1.267598 10.293324 
1006706228434338 -0.457328 1.082154 10.461122 
1006706247341109 -0.392722 0.950549 10.177273 
1006706266247880 -0.289831 0.906282 9.951151 
1006706285154703 -0.350848 1.043869 9.891331 
1006706304061473 -0.525524 1.171885 9.876974 
1006706322968244 -0.716949 1.188635 9.924830 
1006706341875015 -0.732503 1.155135 9.922438 
1006706360781786 -0.858425 0.955334 10.198809 
1006706379688557 -0.929013 0.787538 10.693225 
1006706398595328 -0.647558 0.794716 10.483853 
1006706417502098 -0.456132 0.834198 9.794122 
1006706436408869 -0.506381 0.950549 9.478270 
1006706455315692 -0.520738 1.252044 9.639785 
1006706474222463 -0.556630 1.489233 9.662517 
1006706493129234 -0.627219 1.605285 9.382557 
1006706512036005 -0.605683 1.687837 9.079565 
1006706530942776 -0.687039 1.729712 8.665308 
1006706549849546 -1.037887 1.567000 8.507381 
1006706568756317 -1.301097 1.546661 9.469894 
1006706587663088 -1.144367 1.486840 10.146166 
1006706606569859 -0.815055 1.201795 10.129416 
1006706625476682 -0.598505 0.930210 9.794122 
1006706644383453 -0.450150 0.852443 10.038489 
1006706663290223 -0.529113 0.673879 10.430015 
1006706682196994 -0.766002 0.381954 10.885847 
1006706701103765 -0.688236 0.277567 11.417354 
1006706720010536 -0.507577 0.247657 11.180464 
1006706738917307 -0.169890 0.216550 10.428819 
1006706757824130 0.189033 0.492024 9.885348 
1006706776730901 0.181855 0.639183 9.399306 
1006706795637671 -0.090927 0.643968 9.594321 
1006706814544442 -0.149551 0.851247 10.093524 
1006706833451213 -0.086142 1.064208 9.999007 
1006706852357984 -0.059821 1.003191 9.588340 
1006706871264755 0.019143 0.923031 9.624231 
1006706890171578 0.257228 0.871586 9.988240 
1006706909078348 0.314955 0.907478 10.050453 
1006706927985119 0.256032 1.161117 9.611072 
1006706946891890 0.105284 1.249652 9.530911 
1006706965798661 -0.032303 0.973281 9.876974 
1006706984705432 -0.161516 0.639183 10.028918 
1006707003612255 -0.043071 0.639183 9.843474 
1006707022519026 0.113659 0.940978 9.557233 
1006707041425796 0.151944 0.976870 9.419645 
1006707060332567 0.011964 0.873978 9.850653 
1006707079239338 -0.272782 0.840180 10.505388 
1006707098146109 -0.383151 0.824627 10.695618 
1006707117052932 -0.384347 0.794716 10.511371 
1006707135959703 -0.490828 0.774377 10.141380 
1006707154866473 -0.279960 0.964906 9.949955 
1006707173773244 -0.032303 1.043869 9.730712 
1006707192680015 0.014357 0.918246 9.556036 
1006707211586786 -0.191426 0.858425 9.658928 
1006707230493609 -0.634397 1.042673 10.202397 
1006707249400380 -0.667897 1.392025 10.214361 
1006707268307151 -0.435793 1.366900 9.606286 
1006707287213921 -0.286241 1.066601 9.408877 
1006707306120692 -0.173480 0.837787 9.705587 
1006707325027515 -0.022732 0.770788 9.967901 
1006707343934286 -0.069392 0.894317 9.855438 
1006707362841057 -0.142373 1.042673 9.608679 
1006707381747828 -0.156730 1.072583 9.506984 
1006707400654651 -0.076570 1.049851 9.739087 
1006707419561421 -0.165105 0.780359 10.055239 
1006707438468192 -0.341276 0.466900 10.316056 
1006707457374963 -0.481256 0.329312 10.353146 
1006707476281786 -0.413061 0.355633 10.323236 
1006707495188557 -0.210568 0.416650 9.860224 
1006707514095328 -0.144766 0.721735 9.536894 
1006707533002098 -0.364008 0.881157 9.785748 
1006707551908869 -0.902692 0.588933 10.092328 
1006707570815692 -1.231705 0.531506 10.581959 
1006707589722463 -0.961317 0.777966 10.465907 
1006707608629234 -0.475274 0.981655 9.667302 
1006707627536005 -0.239282 1.299901 9.364611 
1006707646442828 -0.171087 1.400399 9.178867 
1006707665349598 -0.120838 1.253241 9.107083 
1006707684256369 -0.251246 1.125225 9.706784 
1006707703163192 -0.366401 1.157528 10.055239 
1006707722069963 -0.423829 1.013959 10.077971 
1006707740976734 -0.360419 0.934995 10.262218 
1006707759883505 -0.273978 1.031905 10.226326 
1006707778790328 -0.232104 1.299901 9.936794 
1006707797697098 -0.669093 1.216152 9.842278 
1006707816603869 -0.998405 1.054637 10.286146 
1006707835510640 -0.870389 0.837787 10.306485 
1006707854417463 -0.543470 0.448953 9.991829 
1006707873324234 -0.200997 0.120838 9.872188 
1006707892231005 0.045464 0.104088 9.905687 
1006707911137776 0.029910 0.332901 9.701999 
1006707930044598 -0.338884 0.918246 9.528519 
1006707948951369 -0.494417 1.523929 9.231510 
1006707967858140 -0.433400 1.587339 9.202796 
1006707986764963 -0.187837 1.296312 9.528519 
1006708005671734 0.044267 0.831805 9.638589 
1006708024578505 0.107677 0.483649 9.896116 
1006708043485328 -0.017946 0.311366 10.166505 
1006708062392098 -0.092124 0.383151 10.410872 
1006708081298869 0.001196 0.557827 10.184451 
1006708100205640 0.076570 0.791127 9.876974 
1006708119112463 0.192622 0.940978 9.516555 
1006708138019234 0.203390 0.955334 9.259326 
1006708156926005 -0.038285 0.914656 9.583553 
1006708175832828 -0.690628 0.635594 10.506585 
1006708194739598 -1.199402 0.186640 11.399407 
1006708213646369 -1.353739 -0.245264 11.656935 
1006708232553140 -1.057029 -0.340080 11.589935 
1006708251459963 -0.520738 -0.223729 11.119447 
1006708270366734 -0.135194 -0.059821 10.050453 
1006708289273505 0.200997 0.241675 9.168100 
1006708308180328 0.360419 0.408275 8.736196 
1006708327087098 0.160319 0.463310 8.833105 
1006708345993869 -0.138784 0.658325 9.069994 
1006708364900692 -0.342473 0.818644 9.052048 
1006708383807463 -0.421436 0.770788 8.812766 
1006708402714234 -0.471685 0.391526 8.999406 
1006708421621005 -0.612862 0.005982 9.997811 
1006708440527828 -0.573380 -0.004786 10.736296 
1006708459434598 -0.367597 0.286241 10.556834 
1006708478341369 -0.058624 0.621237 9.870992 
1006708497248192 -0.147159 0.610469 9.358628 
1006708516154963 -0.743271 0.584148 9.797711 
1006708535061734 -1.115654 0.823430 10.424033 
1006708553968557 -0.988834 0.783949 10.489836 
1006708572875328 -0.754038 0.432204 10.518549 
1006708591782098 -0.678664 0.153141 10.278968 
1006708610688921 -0.566202 0.399900 10.161719 
1006708629595692 -0.508774 0.764806 10.049257 
1006708648502463 -0.568594 0.695414 9.792926 
1006708667409234 -0.627219 0.551845 9.836296 
1006708686316057 -0.502792 0.616451 10.070792 
1006708705222828 -0.128016 0.634397 10.030114 
1006708724129598 0.141177 0.294616 9.773783 
1006708743036421 0.269193 0.017946 9.662517 
1006708761943192 0.253639 -0.019143 9.814461 
1006708780849963 -0.059821 0.161516 10.435997 
1006708799756786 -0.295813 0.533899 10.739885 
1006708818663557 -0.349651 0.529113 10.156934 
1006708837570328 -0.238086 0.387936 9.855438 
1006708856477151 -0.066999 0.247657 10.031311 
1006708875383921 0.002393 0.242871 10.272985 
1006708894290692 -0.001196 0.295813 10.217951 
1006708913197515 -0.099302 0.503988 10.024133 
1006708932104286 -0.108873 0.822234 9.868599 
1006708951011057 -0.044267 0.805484 9.961919 
1006708969917880 0.141177 0.598505 10.221540 
1006708988824651 0.313759 0.256032 10.196416 
1006709007731421 0.228515 0.034696 10.363914 
1006709026638244 0.137587 0.124427 10.486246 
1006709045545015 0.013161 0.314955 10.214361 
1006709064451786 -0.126820 0.600898 10.012168 
1006709083358609 0.020339 0.881157 9.725926 
1006709102265380 0.148355 0.797109 9.585947 
1006709121172151 0.217747 0.585344 9.851849 
1006709140078973 0.163908 0.495613 9.792926 
1006709158985744 -0.178265 0.557827 9.483055 
1006709177892515 -0.471685 0.871586 9.502198 
1006709196799338 -0.721735 1.036690 9.782158 
1006709215706109 -0.688236 1.153939 9.870992 
1006709234612880 -0.556630 1.140778 9.886545 
1006709253519703 -1.849353 0.873978 13.255041 
1006709272426473 -0.713360 1.072583 10.616655 
1006709291333244 0.380758 0.915853 8.817552 
1006709310240067 0.764806 0.599701 8.214261 
1006709329146838 0.447757 0.744467 8.982656 
1006709348053609 0.429811 1.185045 10.449158 
1006709366960432 0.431007 0.893121 9.868599 
1006709385867203 0.423829 0.629611 8.779266 
1006709404773973 0.574577 0.529113 8.764910 
1006709423680796 1.180260 0.530309 9.242277 
1006709442587567 1.590928 0.383151 9.601500 
1006709461494338 1.427020 1.036690 8.878569 
1006709480401161 0.743271 1.374078 10.130613 
1006709499307932 0.056231 1.211366 10.505388 
1006709518214703 -0.014357 1.304687 9.983455 
1006709537121526 -0.203390 1.674677 9.441181 
1006709556028296 -0.277567 1.817050 9.886545 
1006709574935067 -0.090927 1.101297 10.450354 
1006709593841890 0.021535 0.975673 10.434800 
1006709612748661 -0.240479 1.290330 10.348360 
1006709631655484 -0.298206 1.212563 10.264611 
1006709650562255 -0.210568 1.043869 10.001400 
1006709669469026 -0.057428 1.109671 9.920045 
1006709688375848 0.075374 1.490429 9.780962 
1006709707282619 0.180658 1.462912 9.534501 
1006709726189390 -0.214158 1.207777 9.402896 
1006709745096213 -0.375972 1.224527 9.973883 
1006709764002984 0.106481 1.109671 10.290932 
1006709782909755 0.316152 0.724128 10.144970 
1006709801816578 0.287438 0.679861 9.939187 
1006709820723348 0.183051 0.730110 9.675677 
1006709839630119 -0.021535 1.147957 9.638589 
1006709858536942 0.156730 1.302294 9.551250 
1006709877443713 0.433400 1.076172 9.463913 
1006709896350484 0.462114 0.783949 9.639785 
1006709915257307 0.486042 0.699003 10.093524 
1006709934164078 0.495613 0.825823 10.359127 
1006709953070901 0.319741 0.923031 10.263414 
1006709971977671 0.247657 0.940978 10.055239 
1006709990884442 0.513560 0.752842 10.148559 
1006710009791265 0.755235 0.767199 10.091131 
1006710028698036 0.659522 1.098904 9.867402 
1006710047604807 0.502792 1.347757 9.650553 
1006710066511630 0.515952 1.482054 9.556036 
1006710085418401 0.850050 1.537089 9.780962 
1006710104325223 0.955334 1.632802 9.491430 
1006710123231994 0.818644 1.686641 9.102298 
1006710142138765 0.713360 1.398007 9.529716 
1006710161045588 0.716949 1.040280 10.194023 
1006710179952359 0.526720 1.046262 10.983056 
1006710198859130 0.289831 1.237687 11.101501 
1006710217765953 0.101695 1.286740 10.634602 
1006710236672723 0.214158 1.071386 10.170094 
1006710255579494 0.246461 0.779163 10.246665 
1006710274486317 0.168694 0.788734 10.243075 
1006710293393088 -0.123230 1.095315 10.278968 
1006710312299911 -0.148355 1.066601 10.092328 
1006710331206682 0.053839 0.940978 9.841082 
1006710350113453 0.118445 0.902692 9.183653 
1006710369020276 0.423829 0.960120 9.053245 
1006710387927046 0.576969 0.887139 9.345468 
1006710406833817 0.244068 1.029512 9.642178 
1006710425740640 0.084945 1.152742 9.615857 
1006710444647411 0.263211 1.006780 9.685248 
1006710463554234 0.269193 1.015155 9.528519 
1006710482461005 0.294616 0.896710 9.564411 
1006710501367776 0.460917 0.834198 9.885348 
1006710520274598 0.353240 1.028316 10.104292 
1006710539181369 -0.108873 1.479662 9.832706 
1006710558088140 -0.312562 1.455733 9.437592 
1006710576994963 -0.271585 1.182653 9.310772 
1006710595901734 0.139980 0.640379 10.032507 
1006710614808505 0.264407 0.952942 10.699207 
1006710633715328 0.131605 1.486840 10.378270 
1006710652622098 0.191426 1.447359 9.983455 
1006710671528921 0.691825 0.828216 9.866206 
1006710690435692 1.071386 0.291027 10.596316 
1006710709342463 0.718146 0.561416 10.887044 
1006710728249286 0.416650 1.198206 10.341181 
1006710747156057 0.610469 1.329811 9.676874 
1006710766062828 0.536291 1.322633 8.991031 
1006710784969651 0.580559 1.236491 9.038888 
1006710803876421 0.708575 0.963709 9.597911 
1006710822783244 0.604487 0.797109 9.999007 
1006710841690015 0.313759 0.771984 9.999007 
1006710860596786 0.167498 0.746860 9.878170 
1006710879503609 0.114855 0.848854 9.593125 
1006710898410380 0.123230 0.990030 9.442377 
1006710917317151 0.354437 0.852443 9.613464 
1006710936223973 0.590130 0.764806 9.888938 
1006710955130744 0.727717 0.846461 10.124631 
1006710974037567 0.669093 0.866800 9.853045 
1006710992944338 0.466900 1.124028 9.707980 
1006711011851109 0.460917 1.265205 9.728319 
1006711030757932 0.588933 1.201795 9.757033 
1006711049664703 0.679861 1.103689 9.996614 
1006711068571473 0.699003 1.214956 10.066007 
1006711087478296 0.834198 1.169492 10.148559 
1006711106385067 0.963709 0.962513 10.135399 
1006711125291890 0.681057 1.019941 10.015758 
1006711144198661 0.590130 1.224527 9.820743 
1006711163105432 0.690628 1.204188 9.670892 
1006711182012255 0.643968 1.110868 9.541679 
1006711200919026 0.724128 0.835394 9.759426 
1006711219825796 0.858425 0.566202 10.056436 
1006711238732619 0.532702 0.866800 10.031311 
1006711257639390 0.436989 0.991227 9.915258 
1006711276546213 0.356830 0.860818 9.897313 
1006711295452984 0.191426 0.663111 10.050453 
1006711314359755 -0.065803 0.691825 10.155738 
1006711333266578 -0.279960 0.728914 10.118649 
1006711352173348 -0.299402 0.923031 9.930812 
1006711371080119 -0.142373 1.019941 9.898509 
1006711389986942 0.114855 0.807877 10.075578 
1006711408893713 0.402293 0.708575 10.088738 
1006711427800536 0.373579 0.792323 9.985847 
1006711446707307 0.112463 0.896710 9.869795 
1006711465614078 0.360419 0.780359 9.959526 
1006711484520901 0.465703 0.527916 10.004990 
1006711503427671 0.240479 0.563809 10.046865 
1006711522334494 0.083749 0.736092 10.073185 
1006711541241265 -0.040678 0.899103 9.764212 
1006711560148036 0.118445 0.744467 9.511769 
1006711579054859 0.275175 0.572184 9.575179 
1006711597961630 0.088534 0.667897 9.734302 
1006711616868453 -0.069392 0.693021 9.827921 
1006711635775223 -0.076570 0.720539 9.813265 
1006711654681994 0.106481 0.743271 9.897313 
1006711673588817 0.311366 0.730110 10.009775 
1006711692495588 0.310170 0.838983 9.982258 
1006711711402411 0.251246 0.854836 9.905687 
1006711730309182 0.216550 0.804287 9.855438 
1006711749215953 0.295813 0.584148 10.118649 
1006711768122776 0.336491 0.615255 10.252646 
1006711787029546 0.258425 0.871586 10.032507 
1006711805936369 0.116052 1.046262 9.644570 
1006711824843140 0.135194 0.859622 9.693624 
1006711843749911 0.256032 0.678664 9.909277 
1006711862656734 0.390329 0.921835 9.734302 
1006711881563505 0.301795 1.210170 9.346664 
1006711900470328 0.331705 0.675075 9.422038 
1006711919377098 0.544666 0.066999 9.949955 
1006711938283869 0.606880 0.117248 10.554441 
1006711957190692 0.137587 0.618844 10.299307 
1006711976097463 -0.372383 1.046262 9.786943 
1006711995004286 -0.364008 1.225723 9.532108 
1006712013911057 0.065803 0.998405 9.724730 
1006712032817828 0.285045 0.541077 10.215558 
1006712051724651 -1.205384 0.187837 10.444372 
1006712070631421 -0.750449 0.441775 11.959627 
1006712089538244 -0.057428 0.624826 11.838789 
1006712108445015 -0.334098 0.980459 10.748260 
1006712127351838 -0.254836 1.442573 10.678868 
1006712146258609 0.241675 0.801895 10.306485 
1006712165165380 0.943370 -0.118445 9.678070 
1006712184072203 1.674677 -0.379561 8.983852 
1006712202978973 1.811068 -0.009571 8.831908 
1006712221885744 1.514358 0.260818 9.025727 
1006712240792567 0.949352 0.214158 8.983852 
1006712259699338 0.407079 0.340080 9.355040 
1006712278606161 0.472882 0.624826 9.634999 
1006712297512932 0.730110 0.588933 9.187243 
1006712316419703 0.912264 0.433400 9.053245 
1006712335326526 1.061815 0.265603 9.363414 
1006712354233296 1.065404 0.116052 9.797711 
1006712373140119 1.103689 0.069392 10.057631 
1006712392046890 1.005584 0.118445 10.081560 
1006712410953661 0.687039 0.325723 9.861421 
1006712429860484 0.476471 0.824627 9.594321 
1006712448767255 0.375972 1.071386 9.247063 
1006712467674078 0.445364 0.813859 9.518948 
1006712486580848 0.535095 0.488435 10.277771 
1006712505487619 0.311366 0.208176 10.682458 
1006712524394442 0.027517 0.244068 11.051251 
1006712543301213 -0.365205 0.445364 10.860723 
1006712562208036 -0.562612 0.457328 10.294521 
1006712581114807 -0.460917 0.495613 10.201201 
1006712600021630 -0.239282 0.725324 10.128220 
1006712618928401 -0.078963 1.021137 9.686445 
1006712637835171 -0.173480 1.138385 9.317950 
1006712656741994 -0.347258 1.085743 9.418449 
1006712675648765 -0.260818 1.089332 9.789336 
1006712694555588 -0.123230 0.992423 9.814461 
1006712713462359 -0.032303 0.783949 9.693624 
1006712732369130 0.052642 0.645165 9.899706 
1006712751275953 0.090927 0.642772 10.322039 
1006712770182723 0.055035 0.722932 10.407283 
1006712789089546 -0.075374 0.708575 10.265807 
1006712807996317 -0.124427 0.579362 10.296914 
1006712826903140 -0.141177 0.431007 10.467104 
1006712845809911 -0.141177 0.352044 10.351949 
1006712864716682 -0.101695 0.398704 10.191629 
1006712883623505 0.046660 0.521934 10.010972 
1006712902530276 0.233300 0.632004 9.725926 
1006712921437098 0.244068 0.672682 9.495019 
1006712940343869 0.162712 0.653540 9.523733 
1006712959250692 0.110070 0.500399 9.851849 
1006712978157463 0.136391 0.252443 10.060024 
1006712997064234 0.159123 0.157926 10.131809 
1006713015971057 0.183051 0.254836 9.848260 
1006713034877828 0.183051 0.253639 9.578768 
1006713053784651 0.195015 0.332901 9.632607 
1006713072691421 0.212961 0.560220 9.705587 
1006713091598244 0.100499 0.713360 9.603892 
1006713110505015 -0.141177 0.715753 9.678070 
1006713129411786 -0.173480 0.616451 10.036097 
1006713148318609 -0.010768 0.525524 10.290932 
1006713167225380 0.068195 0.447757 10.239487 
1006713186132203 0.129212 0.496810 10.186844 
1006713205038973 0.130409 0.599701 10.080363 
1006713223945796 -0.016750 0.541077 9.972687 
1006713242852567 -0.259621 0.283849 9.885348 
1006713261759338 -0.393918 0.096909 10.140184 
1006713280666161 -0.302991 0.057428 10.307682 
1006713299572932 -0.144766 0.193819 10.076775 
1006713318479755 0.157926 0.512363 9.721141 
1006713337386526 0.329312 0.750449 9.630214 
1006713356293348 0.364008 0.760020 9.724730 
1006713375200119 0.413061 0.756431 9.767801 
1006713394106890 0.397508 0.724128 9.763016 
1006713413013713 0.366401 0.659522 9.999007 
1006713431920484 0.209372 0.448953 10.186844 
1006713450827307 0.043071 0.118445 10.272985 
1006713469734078 -0.063410 -0.128016 10.307682 
1006713488640901 -0.119641 -0.179462 10.295717 
1006713507547671 -0.090927 0.029910 10.178470 
1006713526454494 -0.001196 0.308973 9.924830 
1006713545361265 0.114855 0.487238 9.777372 
1006713564268036 0.138784 0.582951 9.772587 
1006713583174859 0.169890 0.597308 9.806087 
1006713602081630 0.145962 0.513560 9.845867 
1006713620988453 -0.007178 0.421436 9.970294 
1006713639895223 -0.069392 0.436989 10.278968 
1006713658802046 0.031107 0.441775 10.182058 
1006713677708817 0.068195 0.404686 9.845867 
1006713696615588 0.076570 0.495613 9.743873 
1006713715522411 0.138784 0.605683 9.772587 
1006713734429182 -0.003589 0.525524 9.848260 
1006713753336005 -0.267996 0.453739 10.178470 
1006713772242776 -0.216550 0.526720 10.382158 
1006713791149598 -0.022732 0.486042 10.123434 
1006713810056369 -0.003589 0.369990 9.965508 
1006713828963192 -0.095713 0.308973 9.996614 
1006713847869963 -0.169890 0.232104 9.996614 
1006713866776734 -0.272782 0.104088 10.140184 
1006713885683557 -0.217747 0.100499 10.227522 
1006713904590328 -0.128016 0.189033 9.897313 
1006713923497151 -0.069392 0.282652 9.510572 
1006713942403921 -0.035892 0.416650 9.572786 
1006713961310744 -0.100499 0.498006 9.700802 
1006713980217515 -0.014357 0.606880 9.499805 
1006713999124338 0.141177 0.734896 9.310772 
1006714018031109 0.199801 0.572184 9.341879 
1006714036937880 0.074178 0.306580 9.733106 
1006714055844703 -0.076570 0.142373 10.050453 
1006714074751473 -0.075374 0.197408 10.149755 
1006714093658296 -0.014357 0.229711 9.965508 
1006714112565067 -0.013161 0.197408 9.900902 
1006714131471890 0.001196 0.288634 10.109077 
1006714150378661 0.070588 0.360419 10.119845 
1006714169285484 0.144766 0.352044 9.906884 
1006714188192255 0.065803 0.289831 9.959526 
1006714207099026 -0.025125 0.233300 10.256236 
1006714226005848 0.028714 0.135194 10.278968 
1006714244912619 0.106481 0.080160 10.228719 
1006714263819442 0.184247 0.236889 10.191629 
1006714282726213 0.322134 0.477667 9.991829 
1006714301633036 0.270389 0.694218 9.766604 
1006714320539807 0.098106 0.719342 9.893723 
1006714339446578 -0.035892 0.508774 10.360324 
1006714358353401 -0.159123 0.150748 10.640583 
1006714377260171 -0.149551 -0.086142 10.560424 
1006714396166994 -0.272782 -0.178265 10.379466 
1006714415073765 -0.445364 -0.099302 10.365109 
1006714433980588 -0.466900 0.167498 10.036097 
1006714452887359 -0.356830 0.414257 9.484252 
1006714471794182 -0.216550 0.545863 9.279665 
1006714490700953 -0.058624 0.574577 9.236296 
1006714509607723 -0.078963 0.352044 9.236296 
1006714528514546 -0.166301 0.236889 9.528519 
1006714547421317 -0.154337 0.307777 9.838689 
1006714566328140 -0.062213 0.403490 9.820743 
1006714585234911 0.040678 0.399900 9.466306 
1006714604141734 0.082552 0.323330 9.359825 
1006714623048505 0.053839 0.217747 9.692428 
1006714641955276 -0.108873 0.262014 10.101899 
1006714660862098 -0.226122 0.523131 10.318449 
1006714679768869 -0.171087 0.483649 10.347163 
1006714698675692 -0.153141 0.076570 10.447961 
1006714717582463 -0.149551 -0.147159 10.721939 
1006714736489286 -0.100499 0.104088 10.814063 
1006714755396057 -0.139980 0.551845 10.555638 
1006714774302880 -0.344866 0.831805 10.054043 
1006714793209651 -0.542273 0.948156 9.734302 
1006714812116421 -0.690628 0.973281 9.715159 
1006714831023244 -0.677468 0.954138 10.067204 
1006714849930015 -0.626022 0.752842 10.313663 
1006714868836838 -0.396311 0.630808 10.082756 
1006714887743609 -0.171087 0.575773 9.424431 
1006714906650432 -0.184247 0.687039 8.974281 
1006714925557203 -0.246461 0.923031 9.109476 
1006714944463973 -0.262014 0.940978 9.703195 
1006714963370796 -0.267996 0.624826 10.086346 
1006714982277567 -0.257228 0.324527 10.064810 
1006715001184390 -0.193819 0.271585 9.829117 
1006715020091161 -0.180658 0.422632 9.729516 
1006715038997984 -0.183051 0.652343 9.972687 
1006715057904755 -0.177069 0.709771 9.987043 
1006715076811526 -0.200997 0.639183 9.935597 
1006715095718348 -0.331705 0.642772 9.996614 
1006715114625119 -0.322134 0.655932 10.220344 
1006715133531942 -0.306580 0.538684 10.520942 
1006715152438713 -0.291027 0.367597 10.517353 
1006715171345536 -0.168694 0.346062 10.168898 
1006715190252307 -0.228515 0.380758 9.959526 
1006715209159130 -0.320937 0.555434 9.977472 
1006715228065901 -0.252443 0.785145 9.896116 
1006715246972671 -0.151944 0.833001 9.535697 
1006715265879494 -0.161516 0.727717 9.271291 
1006715284786265 -0.128016 0.538684 9.640982 
1006715303693088 -0.112463 0.326919 10.228719 
1006715322599859 -0.224925 0.202194 10.231112 
1006715341506682 -0.254836 0.245264 9.816854 
1006715360413453 -0.267996 0.334098 9.722338 
1006715379320276 -0.374776 0.410668 9.994222 
1006715398227046 -0.427418 0.448953 9.940384 
1006715417133817 -0.478864 0.403490 9.691231 
1006715436040640 -0.470489 0.401097 9.597911 
1006715454947411 -0.427418 0.421436 9.609875 
1006715473854234 -0.477667 0.440578 9.971490 
1006715492761005 -0.514756 0.483649 10.209576 
1006715511667828 -0.594916 0.521934 9.985847 
1006715530574598 -0.544666 0.665504 9.970294 
1006715549481421 -0.414257 0.829412 10.100702 
1006715568388192 -0.384347 0.812662 10.028918 
1006715587295015 -0.439382 0.794716 9.959526 
1006715606201786 -0.432204 0.788734 10.006186 
1006715625108609 -0.503988 0.576969 10.043275 
1006715644015380 -0.521934 0.463310 10.223933 
1006715662922203 -0.371187 0.404686 10.225129 
1006715681828973 -0.288634 0.311366 9.972687 
1006715700735796 -0.325723 0.238086 9.838689 
1006715719642567 -0.323330 0.215354 10.030114 
1006715738549390 -0.369990 0.083749 10.140184 
1006715757456161 -0.407079 0.120838 9.937990 
1006715776362984 -0.336491 0.300598 9.594321 
1006715795269755 -0.242871 0.423829 9.504591 
1006715814176578 -0.269193 0.319741 9.546465 
1006715833083348 -0.411865 0.272782 9.701999 
1006715851990171 -0.505185 0.377169 9.934402 
1006715870896994 -0.486042 0.520738 10.073185 
1006715889803765 -0.374776 0.535095 9.964312 
1006715908710588 -0.330509 0.434596 9.947562 
1006715927617359 -0.395115 0.332901 10.109077 
1006715946524182 -0.596112 0.328116 10.240683 
1006715965430953 -0.703789 0.551845 10.394122 
1006715984337776 -0.421436 0.740878 10.227522 
1006716003244546 -0.162712 0.733699 9.825528 
1006716022151369 -0.057428 0.641576 9.489038 
1006716041058140 -0.209372 0.416650 9.739087 
1006716059964963 -0.361615 0.230907 10.462317 
1006716078871786 -0.240479 0.126820 10.580763 
1006716097778557 -0.019143 0.011964 10.019346 
1006716116685380 -0.003589 0.069392 9.666106 
1006716135592151 -0.183051 0.093320 9.724730 
1006716154498973 -0.171087 0.160319 10.262218 
1006716173405744 -0.189033 0.110070 10.338788 
1006716192312567 -0.206979 0.183051 10.093524 
1006716211219390 -0.205783 0.307777 9.819247 
1006716230126161 -0.223729 0.297009 9.605089 
1006716249032984 -0.200997 0.391526 9.880563 
1006716267939755 -0.128016 0.501595 10.036097 
1006716286846578 -0.074178 0.543470 9.803694 
1006716305753401 -0.229711 0.682254 9.758230 
1006716324660171 -0.227318 0.952942 9.601500 
1006716343566994 -0.104088 1.015155 9.315557 
1006716362473765 -0.116052 0.806680 9.377771 
1006716381380588 -0.175872 0.663111 9.945169 
1006716400287411 -0.174676 0.531506 10.323236 
1006716419194182 -0.075374 0.405883 10.317253 
1006716438101005 -0.046660 0.273978 10.121041 
1006716457007828 -0.053839 0.248854 10.131809 
1006716475914598 -0.070588 0.356830 10.328021 
1006716494821421 -0.032303 -0.181855 10.702797 
1006716513728192 0.215354 -0.743271 10.944771 
1006716532635015 0.476471 -0.623629 10.891829 
1006716551541838 0.700200 -0.141177 10.596316 
1006716570448609 0.588933 0.277567 9.909277 
1006716589355432 0.095713 0.548256 9.401699 
1006716608262255 -0.245264 0.780359 9.212367 
1006716627169026 -0.133998 0.921835 9.548858 
1006716646075848 0.288634 0.675075 9.680463 
1006716664982671 0.562612 0.300598 9.481859 
1006716683889442 0.532702 0.196211 9.351450 
1006716702796265 0.229711 0.470489 9.512965 
1006716721703088 0.084945 0.830609 9.718748 
1006716740609859 -0.051446 0.704985 9.891331 
1006716759516682 0.072981 0.433400 10.045668 
1006716778423505 0.582951 0.375972 9.893723 
1006716797330276 0.925424 0.332901 9.798908 
1006716816237098 0.913460 0.399900 9.826724 
1006716835143921 0.580559 0.531506 9.922438 
1006716854050692 0.181855 0.681057 10.225129 
1006716872957515 0.080160 0.845265 10.366306 
1006716891864286 0.307777 0.798305 10.092328 
1006716910771109 0.584148 0.787538 9.621839 
1006716929677932 0.554238 0.856032 9.585947 
1006716948584755 0.279960 0.920639 9.788140 
1006716967491526 0.051446 1.024726 10.101899 
1006716986398348 0.156730 1.074976 10.329217 
1006717005305171 0.326919 0.895514 10.063614 
1006717024211942 0.217747 0.661915 9.930812 
1006717043118765 -0.039482 0.569791 10.226326 
1006717062025588 -0.275175 0.448953 10.502995 
1006717080932359 -0.258425 0.573380 10.511371 
1006717099839182 -0.028714 0.788734 9.873384 
1006717118746005 0.122034 0.877568 9.286844 
1006717137652828 0.123230 0.924228 9.213564 
1006717156559598 0.229711 0.905085 9.206385 
1006717175466421 0.224925 0.882353 9.468699 
1006717194373244 0.057428 0.902692 9.721141 
1006717213280015 0.021535 1.000798 9.736694 
1006717232186838 0.075374 1.025923 9.766604 
1006717251093661 0.246461 1.021137 9.967901 
1006717270000432 0.393918 0.882353 9.945169 
1006717288907255 0.262014 0.598505 10.109077 
1006717307814078 0.133998 0.580559 10.347163 
1006717326720901 0.062213 0.669093 10.385748 
1006717345627671 0.010768 0.750449 10.441978 
1006717364534494 0.022732 0.664307 10.228719 
1006717383441317 0.162712 0.642772 10.036097 
1006717402348140 0.297009 0.664307 9.979865 
1006717421254911 0.331705 0.560220 10.067204 
1006717440161734 0.160319 0.413061 10.238290 
1006717459068557 -0.081356 0.348455 10.529317 
1006717477975328 -0.053839 0.423829 10.641780 
1006717496882151 0.139980 0.460917 10.174880 
1006717515788973 0.180658 0.471685 9.678070 
1006717534695796 0.055035 0.618844 9.681660 
1006717553602567 -0.148355 0.822234 9.920045 
1006717572509390 -0.999602 0.893121 10.003794 
1006717591416213 -1.595714 1.724926 10.103095 
1006717610323036 -1.115654 2.311467 9.723534 
1006717629229859 -0.560220 1.819443 9.072387 
1006717648136630 0.040678 1.283151 8.790034 
1006717667043453 0.590130 0.896710 9.177671 
1006717685950276 0.895514 0.526720 9.612267 
1006717704857098 0.746860 0.666700 9.634999 
1006717723763921 0.621237 0.929013 9.651750 
1006717742670692 0.593719 1.085743 9.570394 
1006717761577515 0.689432 0.946960 9.698409 
1006717780484338 0.779163 0.603290 9.642178 
1006717799391161 0.727717 0.414257 9.679267 
1006717818297984 0.460917 0.529113 10.177273 
1006717837204755 0.313759 0.742074 10.310075 
1006717856111578 -0.387936 1.362114 10.378270 
1006717875018401 0.100499 0.888335 9.079565 
1006717893925223 0.487238 0.821037 9.412467 
1006717912832046 0.204586 0.856032 10.097114 
1006717931738869 -0.064606 0.852443 10.302896 
1006717950645640 -0.049053 0.918246 10.507782 
1006717969552463 0.021535 0.954138 10.022936 
1006717988459286 -0.074178 0.982852 9.614660 
1006718007366109 -0.468096 1.341775 10.264611 
1006718026272932 -0.298206 1.721337 10.221540 
1006718045179755 -0.525524 1.983650 9.876974 
1006718064086526 -0.489631 1.769193 9.461520 
1006718082993348 -0.095713 1.478465 9.465109 
1006718101900171 -0.145962 0.713360 10.863115 
1006718120806994 -0.457328 0.413061 11.382657 
1006718139713817 -0.829412 0.889532 10.961520 
1006718158620640 -1.104886 1.492822 10.149755 
1006718177527411 -1.017548 1.180260 9.918848 
1006718196434234 -0.734896 1.182653 10.105488 
1006718215341057 -0.544666 1.364507 10.012168 
1006718234247880 -0.609272 0.763610 9.952348 
1006718253154703 -0.645165 0.754038 10.245468 
1006718272061526 -0.591326 1.223331 9.829117 
1006718290968348 -1.077368 1.824228 8.764910 
1006718309875171 -0.865604 1.763211 8.508578 
1006718328781994 -0.431007 1.470090 9.028120 
1006718347688765 -0.390329 1.407877 9.489038 
1006718366595588 -0.517149 1.452144 9.636196 
1006718385502411 -0.754038 1.369293 9.740284 
1006718404409234 -0.603290 1.384846 9.765409 
1006718423316057 -0.532702 1.760818 9.431609 
1006718442222880 -0.541077 1.779961 9.083155 
1006718461129703 -0.435793 1.594517 9.338289 
1006718480036526 -0.499203 1.639981 9.764212 
1006718498943348 -0.792323 1.910370 10.009775 
1006718517850171 -1.035494 1.625624 10.427622 
1006718536756942 -0.815055 1.612463 10.672886 
1006718555663765 -0.304188 1.371686 10.080363 
1006718574570588 -0.347258 1.407877 9.886545 
1006718593477411 -0.637986 1.509572 9.783355 
1006718612384234 -0.570987 1.284348 9.810872 
1006718631291057 -0.911067 1.733301 9.888938 
1006718650197880 -0.799502 1.758426 9.565608 
1006718669104703 -0.365205 1.321436 9.553643 
1006718688011526 -0.377169 1.230509 9.814461 
1006718706918348 -0.779163 1.181456 10.115060 
1006718725825171 -0.871586 1.213759 10.190434 
1006718744731994 -0.676271 1.262812 9.803694 
1006718763638817 -0.544666 1.272383 9.517751 
1006718782545640 -0.325723 1.199402 9.674481 
1006718801452411 -0.354437 1.173081 9.945169 
1006718820359234 -0.411865 1.186242 10.000204 
1006718839266057 -0.452543 1.200599 9.791729 
1006718858172880 -0.236889 1.139582 9.654142 
1006718877079703 0.027517 1.097707 9.831510 
1006718895986526 -0.166301 1.070190 9.977472 
1006718914893348 -0.470489 1.138385 9.933205 
1006718933800171 -0.407079 1.393221 9.685248 
1006718952706994 0.035892 1.383650 9.390931 
1006718971613817 0.034696 1.260419 9.363414 
1006718990520640 -0.179462 1.309472 9.618250 
1006719009427463 -0.366401 1.365704 9.825528 
1006719028334286 -0.250050 1.283151 9.686445 
1006719047241109 -0.402293 1.496411 9.450752 
1006719066147932 -0.120838 0.990030 9.890134 
1006719085054755 -0.116052 1.327418 10.359127 
1006719103961578 0.191426 1.197010 10.514960 
1006719122868401 -0.396311 1.207777 10.062417 
1006719141775223 -0.445364 1.076172 10.055239 
1006719160682046 -0.234497 1.045065 10.268200 
1006719179588869 -0.169890 1.174278 10.184451 
1006719198495692 0.162712 1.052244 10.232307 
1006719217402515 0.082552 0.996012 10.192826 
1006719236309338 0.069392 1.173081 9.874580 
1006719255216161 0.196211 1.265205 9.530911 
1006719274122984 0.027517 1.039083 9.249456 
1006719293029807 0.614058 0.758824 9.386146 
1006719311936630 1.019941 0.985245 9.707980 
1006719330843453 1.271187 0.032303 10.647761 
1006719349750276 1.029512 -0.126820 11.484352 
1006719368657098 0.879961 0.087338 11.430513 
1006719387563921 0.858425 0.771984 11.164910 
1006719406470744 0.480060 1.410270 10.183255 
1006719425377567 0.023928 1.929512 8.982656 
1006719444284390 -0.462114 2.476571 8.583952 
1006719463191213 -0.770788 2.291128 9.023335 
1006719482098036 -1.067797 1.820639 9.855438 
1006719501004859 -1.454537 1.556232 10.305289 
1006719519911682 -1.647159 1.174278 10.648958 
1006719538818505 -1.527518 0.994816 10.690832 
1006719557725328 -1.438984 1.082154 10.447961 
1006719576632151 -1.262812 1.127618 10.013365 
1006719595538973 -1.164706 1.384846 9.562018 
1006719614445796 -0.518345 1.525125 9.410074 
1006719633352619 -0.585344 1.357329 9.638589 
1006719652259442 -0.470489 1.523929 9.737891 
1006719671166265 -0.317348 1.582553 9.562018 
1006719690073140 -0.161516 1.718944 9.381360 
1006719708979963 -0.027517 1.878067 9.154940 
1006719727886786 -0.008375 1.740479 9.372986 
1006719746793609 0.132802 1.486840 9.752248 
1006719765700432 0.028714 1.236491 10.158131 
1006719784607255 0.150748 1.176671 10.348360 
1006719803514078 0.426222 1.346561 10.192826 
1006719822420901 0.527916 1.483251 9.785748 
1006719841327723 0.495613 1.400399 9.479466 
1006719860234546 0.414257 1.333400 9.457931 
1006719879141369 0.312562 1.259223 9.755837 
1006719898048192 0.184247 1.277169 9.947562 
1006719916955015 0.128016 1.256830 9.884152 
1006719935861890 0.083749 1.137189 9.778569 
1006719954768713 -0.223729 1.031905 9.829117 
1006719973675536 -0.460917 0.815055 10.214361 
1006719992582359 -0.556630 0.712164 10.203594 
1006720011489182 -0.664307 0.876371 9.900902 
1006720030396005 -0.639183 0.986441 9.395718 
1006720049302828 -0.561416 0.937388 9.056833 
1006720068209651 -0.478864 1.027119 9.164511 
1006720087116473 -0.301795 1.180260 9.308379 
1006720106023296 -0.311366 1.357329 9.226724 
1006720124930171 -0.341276 1.555036 9.168100 
1006720143836994 -0.166301 1.427020 9.274879 
1006720162743817 -0.102891 1.462912 9.612267 
1006720181650640 0.066999 1.489233 9.788140 
1006720200557463 0.181855 1.119243 10.061221 
1006720219464286 0.226122 0.955334 10.300504 
1006720238371109 0.210568 0.896710 10.428819 
1006720257277984 0.149551 0.885943 10.540085 
1006720276184807 0.147159 0.902692 10.614263 
1006720295091630 0.075374 0.938585 10.261022 
1006720313998453 -0.002393 0.811466 9.896116 
1006720332905276 0.025125 1.046262 9.839885 
1006720351812098 0.050249 1.483251 9.571589 
1006720370718921 -0.069392 1.594517 9.277272 
1006720389625796 -0.206979 1.383650 9.639785 
1006720408532619 -0.223729 1.079761 9.933205 
1006720427439442 -0.392722 0.664307 10.167702 
1006720446346265 -0.465703 0.512363 10.440783 
1006720465253088 -0.527916 0.722932 10.331610 
1006720484159911 -0.565005 0.925424 9.970294 
1006720503066786 -0.593719 1.124028 9.681660 
1006720521973609 -0.572184 1.137189 9.497412 
1006720540880432 -0.724128 1.130010 9.521340 
1006720559787255 -0.667897 0.991227 9.663713 
1006720578694078 -0.544666 0.856032 9.859028 
1006720597600901 -0.508774 0.749253 9.997811 
1006720616507776 -0.501595 0.645165 9.905687 
1006720635414598 -0.499203 0.637986 9.862617 
1006720654321421 -0.438186 0.560220 9.868599 
1006720673228244 -0.279960 0.448953 10.008579 
1006720692135067 -0.253639 0.582951 9.747462 
1006720711041942 -0.398704 0.745663 9.308379 
1006720729948765 -0.627219 0.823430 9.093923 
1006720748855588 -0.576969 0.756431 9.239884 
1006720767762411 -0.468096 0.599701 9.655338 
1006720786669286 -0.621237 0.652343 9.847063 
1006720805576109 -0.581755 0.771984 9.704391 
1006720824482932 -0.592523 1.028316 9.474680 
1006720843389755 -0.703789 1.194617 9.370592 
1006720862296578 -0.694218 1.096511 9.792926 
1006720881203453 -0.602094 0.979263 10.282557 
1006720900110276 -0.588933 1.000798 10.558031 
1006720919017098 -0.597308 1.007977 10.675279 
1006720937923921 -0.451346 0.768395 10.782956 
1006720956830796 -0.295813 0.649950 11.087144 
1006720975737619 -0.185444 0.549452 11.497513 
1006720994644442 -0.116052 0.637986 11.327622 
1006721013551265 -0.113659 0.817448 10.580763 
1006721032458140 -0.031107 0.850050 9.937990 
1006721051364963 0.105284 0.719342 9.836296 
1006721070271786 0.191426 0.780359 10.043275 
1006721089178609 0.019143 0.845265 9.949955 
1006721108085484 -0.223729 0.919442 9.675677 
1006721126992307 -0.251246 0.917049 9.345468 
1006721145899130 -0.214158 0.603290 9.651750 
1006721164805953 -0.295813 0.572184 10.170094 
1006721183712828 -0.379561 0.514756 10.336395 
1006721202619651 -0.197408 0.269193 10.189237 
1006721221526473 -0.044267 0.113659 9.997811 
1006721240433348 -0.180658 0.184247 9.765409 
1006721259340171 -0.257228 0.372383 9.716355 
1006721278246994 -0.089731 0.611665 9.614660 
1006721297153817 -0.033500 0.867996 9.140582 
1006721316060692 -0.093320 1.061815 8.835498 
1006721334967515 -0.123230 1.138385 9.001799 
1006721353874338 -0.100499 1.071386 9.473484 
1006721372781213 0.043071 1.039083 9.958329 
1006721391688036 0.198604 0.929013 10.281361 
1006721410594859 0.240479 0.883550 10.479068 
1006721429501734 0.314955 0.926621 10.389337 
1006721448408557 0.487238 0.948156 10.311271 
1006721467315380 0.745663 0.881157 10.556834 
1006721486222255 0.911067 0.863211 10.723136 
1006721505129078 1.039083 0.907478 10.422836 
1006721524035901 0.972084 0.897907 9.926026 
1006721542942776 0.857229 0.924228 9.632607 
1006721561849598 0.864407 0.901496 9.640982 
1006721580756421 0.906282 0.764806 10.081560 
1006721599663296 0.703789 0.770788 10.016953 
1006721618570119 0.390329 0.734896 9.717552 
1006721637476942 0.258425 0.728914 9.499805 
1006721656383817 0.177069 0.598505 9.565608 
1006721675290640 0.128016 0.524327 10.002597 
1006721694197463 0.165105 0.654736 10.089935 
1006721713104338 0.049053 0.651147 10.057631 
1006721732011161 -0.165105 0.649950 9.969097 
1006721750917984 -0.387936 0.743271 9.699606 
1006721769824859 -0.417847 0.788734 9.597911 
1006721788731682 -0.251246 0.725324 9.552447 
1006721807638557 -0.191426 0.602094 9.681660 
1006721826545380 -0.125623 0.622433 9.809675 
1006721845452203 0.074178 0.596112 9.721141 
1006721864359078 0.204586 0.562612 9.675677 
1006721883265901 0.334098 0.584148 9.737891 
1006721902172776 0.470489 0.456132 10.050453 
1006721921079598 0.566202 0.503988 10.153345 
1006721939986421 0.609272 0.551845 9.981061 
1006721958893296 0.657129 0.429811 9.872188 
1006721977800119 0.664307 0.488435 9.964312 
1006721996706942 0.709771 0.514756 10.156934 
1006722015613817 0.699003 0.539881 9.967901 
1006722034520640 0.474078 0.611665 9.791729 
1006722053427515 0.490828 0.581755 9.897313 
1006722072334338 0.660718 0.667897 10.104292 
1006722091241213 0.663111 0.565005 10.075578 
1006722110148036 0.481256 0.521934 10.081560 
1006722129054859 0.377169 0.542273 10.124631 
1006722147961734 0.397508 0.487238 10.268200 
1006722166868557 0.425025 0.445364 10.337592 
1006722185775380 0.391526 0.498006 10.310075 
1006722204682255 0.405883 0.545863 10.205987 
1006722223589078 0.242871 0.623629 9.881760 
1006722242495953 0.114855 0.716949 9.754641 
1006722261402776 0.118445 0.782752 9.626625 
1006722280309651 0.138784 0.785145 9.491430 
1006722299216473 0.113659 0.761217 9.573982 
1006722318123348 -0.016750 0.651147 9.881760 
1006722337030171 -0.011964 0.573380 10.009775 
1006722355936994 -0.141177 0.671486 9.758230 
1006722374843869 -0.100499 0.702593 9.558429 
1006722393750692 -0.029910 0.635594 9.802497 
1006722412657567 -0.075374 0.586541 10.032507 
1006722431564390 -0.071785 0.605683 9.995419 
1006722450471265 -0.015553 0.452543 10.006186 
1006722469378088 0.029910 0.526720 9.969097 
1006722488284911 -0.092124 0.604487 9.824331 
1006722507191786 -0.105284 0.649950 9.909277 
1006722526098609 0.011964 0.622433 10.129416 
1006722545005484 0.064606 0.614058 10.144970 
1006722563912307 0.047856 0.687039 9.923634 
1006722582819182 0.075374 0.663111 9.896116 
1006722601726005 0.066999 0.677468 9.969097 
1006722620632880 0.133998 0.639183 9.953544 
1006722639539703 0.141177 0.568594 10.189237 
1006722658446578 0.062213 0.503988 10.380962 
1006722677353401 -0.027517 0.482453 10.299307 
1006722696260223 -0.010768 0.646361 10.048060 
1006722715167098 0.015553 0.685843 9.891331 
1006722734073973 0.028714 0.776770 9.764212 
1006722752980796 -0.002393 0.867996 9.594321 
1006722771887619 0.081356 0.706182 9.724730 
1006722790794494 0.205783 0.628415 10.015758 
1006722809701317 0.232104 0.604487 10.307682 
1006722828608192 0.271585 0.588933 10.323236 
1006722847515015 0.302991 0.476471 10.213165 
1006722866421890 0.378365 0.407079 10.233504 
1006722885328713 0.301795 0.431007 10.179666 
1006722904235588 0.162712 0.484846 9.973883 
1006722923142411 0.032303 0.550648 9.804890 
1006722942049286 -0.061017 0.651147 9.662517 
1006722960956109 -0.123230 0.657129 9.558429 
1006722979862984 -0.324527 0.856032 9.327521 
1006722998769807 -0.458525 1.108475 8.900104 
1006723017676682 -0.408275 1.163510 8.709874 
1006723036583505 -0.279960 0.972084 9.090333 
1006723055490380 -0.328116 0.738485 10.022936 
1006723074397203 -0.312562 0.646361 10.497014 
1006723093304078 -0.302991 0.560220 10.227522 
1006723112210901 -0.183051 0.423829 10.204790 
1006723131117776 -0.222533 0.545863 10.263414 
1006723150024598 -0.328116 0.620040 10.296914 
1006723168931473 -0.311366 0.818644 10.176077 
1006723187838296 -0.349651 0.885943 9.865009 
1006723206745171 -0.392722 0.946960 9.588340 
1006723225652046 -0.476471 1.028316 9.285647 
1006723244558869 -0.480060 0.964906 9.349057 
1006723263465692 -0.429811 0.945763 9.694820 
1006723282372567 -0.288634 0.754038 10.257433 
1006723301279442 -0.311366 0.776770 10.430015 
1006723320186265 -0.308973 0.738485 10.288539 
1006723339093140 -0.202194 0.709771 10.239487 
1006723357999963 0.025125 0.594916 10.471889 
1006723376906838 0.241675 0.512363 10.760224 
1006723395813661 0.335294 0.422632 10.601102 
1006723414720536 0.368794 0.359223 10.298110 
1006723433627359 0.372383 0.347258 10.192826 
1006723452534234 0.426222 0.454935 10.071989 
1006723471441057 0.659522 0.365205 10.109077 
1006723490347932 0.629611 0.533899 9.958329 
1006723509254807 0.508774 0.623629 9.876974 
1006723528161630 0.463310 0.708575 9.625428 
1006723547068505 0.441775 0.675075 9.341879 
1006723565975328 0.311366 0.572184 9.506984 
1006723584882203 0.074178 0.551845 9.920045 
1006723603789026 -0.017946 0.494417 10.320843 
1006723622695901 -0.245264 0.541077 10.119845 
1006723641602723 -0.434596 0.445364 9.869795 
1006723660509598 -0.454935 0.420239 9.733106 
1006723679416473 -0.386740 0.413061 9.700802 
1006723698323296 -0.450150 0.487238 9.818050 
1006723717230171 -0.442971 0.556630 9.717552 
1006723736136994 -0.366401 0.611665 9.467502 
1006723755043869 -0.348455 0.701396 9.422038 
1006723773950744 -0.234497 0.690628 9.662517 
1006723792857567 -0.142373 0.738485 10.070792 
1006723811764442 -0.153141 0.766002 10.073185 
1006723830671265 -0.032303 0.730110 9.952348 
1006723849578140 0.202194 0.623629 10.016953 
1006723868484963 0.396311 0.517149 10.389337 
1006723887391838 0.525524 0.506381 10.602298 
1006723906298661 0.549452 0.593719 10.330414 
1006723925205536 0.675075 0.513560 10.004990 
1006723944112411 0.626022 0.425025 9.839885 
1006723963019234 0.561416 0.556630 9.773783 
1006723981926109 0.618844 0.502792 9.800104 
1006724000832932 0.658325 0.541077 9.861421 
1006724019739807 0.641576 0.541077 9.728319 
1006724038646682 0.509970 0.509970 9.472287 
1006724057553505 0.435793 0.385544 9.609875 
1006724076460380 0.514756 0.369990 9.937990 
1006724095367203 0.543470 0.360419 10.099506 
1006724114274078 0.623629 0.304188 10.046865 
1006724133180953 0.568594 0.354437 9.939187 
1006724152087776 0.476471 0.374776 9.903295 
1006724170994651 0.465703 0.364008 10.015758 
1006724189901473 0.447757 0.456132 10.038489 
1006724208808348 0.359223 0.493221 10.061221 
1006724227715223 0.306580 0.536291 9.937990 
1006724246622046 0.205783 0.593719 9.813265 
1006724265528921 0.094516 0.627219 9.751051 
1006724284435744 0.142373 0.646361 9.810872 
1006724303342619 0.260818 0.639183 10.019346 
1006724322249494 0.379561 0.513560 10.251451 
1006724341156317 0.401097 0.404686 10.313663 
1006724360063192 0.387936 0.223729 10.312468 
1006724378970015 0.417847 -0.021535 10.569995 
1006724397876890 0.482453 0.020339 10.928918 
1006724416783765 0.581755 0.061017 10.904990 
1006724435690588 0.545863 0.183051 10.514960 
1006724454597463 0.422632 0.383151 10.031311 
1006724473504338 0.218943 0.641576 9.338289 
1006724492411161 0.111266 0.612862 9.020942 
1006724511318036 0.203390 0.726521 9.408877 
1006724530224859 0.325723 0.708575 9.661321 
1006724549131734 0.257228 0.602094 9.495019 
1006724568038609 0.209372 0.498006 9.518948 
1006724586945432 0.196211 0.609272 9.737891 
1006724605852307 0.419043 0.608076 9.934402 
1006724624759182 0.585344 0.746860 9.976275 
1006724643666005 0.684646 0.891925 9.672089 
1006724662572880 0.671486 0.958924 9.272487 
1006724681479755 0.700200 0.750449 9.422038 
1006724700386578 0.707378 0.714557 10.040882 
1006724719293453 0.582951 0.783949 10.250254 
1006724738200328 0.599701 0.738485 10.201201 
1006724757107151 0.599701 0.738485 9.985847 
1006724776014026 0.466900 0.752842 9.934402 
1006724794920901 0.542273 0.794716 10.195219 
1006724813827723 0.666700 0.811466 10.252646 
1006724832734598 0.623629 0.811466 10.119845 
1006724851641473 0.599701 0.766002 9.971490 
1006724870548296 0.659522 0.708575 9.785748 
1006724889455171 0.677468 0.701396 9.875777 
1006724908362046 0.707378 0.848854 9.888938 
1006724927268869 0.764806 0.687039 9.861421 
1006724946175744 0.666700 0.606880 9.868599 
1006724965082619 0.531506 0.531506 9.742677 
1006724983989494 0.445364 0.448953 9.764212 
1006725002896317 0.372383 0.367597 9.745070 
1006725021803192 0.279960 0.408275 9.838689 
1006725040710067 0.266800 0.397508 9.866206 
1006725059616942 0.238086 0.334098 9.754641 
1006725078523765 0.161516 0.490828 9.637392 
1006725097430640 0.118445 0.628415 9.400503 
1006725116337515 0.195015 0.600898 9.426824 
1006725135244390 0.323330 0.590130 9.692428 
1006725154151213 0.291027 0.604487 9.779765 
1006725173058088 0.209372 0.648754 9.759426 
1006725191964963 0.374776 0.515952 10.051650 
1006725210871838 0.487238 0.531506 10.343575 
1006725229778661 0.448953 0.594916 10.296914 
1006725248685536 0.609272 0.598505 10.121041 
1006725267592411 0.775574 0.694218 9.983455 
1006725286499286 0.803091 0.702593 10.014561 
1006725305406161 0.754038 0.633201 10.188041 
1006725324312984 0.695414 0.498006 10.384551 
1006725343219859 0.585344 0.397508 10.469497 
1006725362126734 0.435793 0.379561 10.363914 
1006725381033609 0.251246 0.393918 10.152148 
1006725399940484 0.037089 0.450150 9.957133 
1006725418847307 -0.071785 0.490828 9.943973 
1006725437754182 -0.078963 0.490828 9.926026 
1006725456661057 -0.074178 0.494417 9.993026 
1006725475567932 -0.032303 0.362812 10.085149 
1006725494474807 -0.088534 0.517149 10.057631 
1006725513381630 -0.143569 0.616451 9.879367 
1006725532288505 -0.023928 0.492024 9.988240 
1006725551195380 0.189033 0.353240 10.147363 
1006725570102255 0.401097 0.166301 10.283753 
1006725589009130 0.499203 0.143569 10.205987 
1006725607916005 0.518345 0.149551 10.030114 
1006725626822880 0.464507 0.198604 9.771390 
1006725645729703 0.392722 0.288634 9.565608 
1006725664636578 0.417847 0.372383 9.615857 
1006725683543453 0.435793 0.460917 9.694820 
1006725702450328 0.366401 0.486042 9.620643 
1006725721357203 0.350848 0.526720 9.486645 
1006725740264078 0.438186 0.464507 9.619446 
1006725759170953 0.579362 0.419043 9.869795 
1006725778077776 0.696611 0.335294 10.219148 
1006725796984651 0.891925 0.203390 10.614263 
1006725815891526 0.890728 0.306580 10.628619 
1006725834798401 0.912264 0.398704 10.367502 
1006725853705276 0.882353 0.598505 10.025329 
1006725872612151 0.728914 0.603290 9.546465 
1006725891519026 0.774377 0.390329 9.776176 
1006725910425901 0.812662 0.211765 10.414461 
1006725929332776 0.763610 0.114855 10.703993 
1006725948239598 0.616451 0.266800 10.452746 
1006725967146473 0.598505 0.403490 9.816854 
1006725986053348 0.634397 0.441775 9.338289 
1006726004960223 0.623629 0.584148 9.261719 
1006726023867098 0.739681 0.434596 9.535697 
1006726042773973 0.623629 0.733699 9.523733 
1006726061680848 0.640379 0.962513 9.135797 
1006726080587723 0.744467 0.800698 9.148957 
1006726099494598 0.530309 0.690628 9.353843 
1006726118401473 0.529113 0.730110 9.849456 
1006726137308296 0.539881 0.937388 9.964312 
1006726156215171 0.452543 0.838983 9.873384 
1006726175122046 0.342473 0.809073 10.064810 
1006726194028921 0.212961 1.013959 9.807282 
1006726212935796 0.306580 0.990030 9.742677 
1006726231842671 0.356830 1.054637 9.724730 
1006726250749546 0.472882 0.921835 9.960723 
1006726269656421 0.608076 0.878764 10.168898 
1006726288563296 0.614058 0.804287 10.105488 
1006726307470171 0.538684 0.734896 10.252646 
1006726326377046 0.543470 0.800698 10.377073 
1006726345283921 0.697807 0.712164 10.272985 
1006726364190796 0.682254 0.827019 10.237094 
1006726383097671 0.436989 0.937388 9.985847 
1006726402004546 0.307777 0.881157 9.848260 
1006726420911421 0.364008 0.863211 9.943973 
1006726439818296 0.361615 0.801895 10.109077 
1006726458725119 0.320937 0.792323 10.081560 
1006726477631994 0.251246 0.758824 9.942777 
1006726496538869 0.089731 0.800698 9.814461 
1006726515445796 0.001196 0.695414 9.801301 
1006726534352619 0.102891 0.702593 9.917651 
1006726553259494 0.113659 0.716949 10.070792 
1006726572166369 0.053839 0.785145 9.934402 
1006726591073244 -0.075374 0.738485 9.655338 
1006726609980119 -0.208176 0.658325 9.704391 
1006726628886994 -0.304188 0.549452 9.853045 
1006726647793869 -0.196211 0.527916 10.122238 
1006726666700744 -0.032303 0.598505 10.307682 
1006726685607619 -0.088534 0.660718 10.021739 
1006726704514494 -0.245264 0.742074 9.699606 
1006726723421369 -0.165105 0.912264 9.490233 
1006726742328244 -0.071785 0.836591 9.611072 
1006726761235119 -0.015553 0.827019 9.932009 
1006726780141994 -0.004786 0.848854 10.045668 
1006726799048869 -0.023928 0.846461 9.951151 
1006726817955744 -0.197408 0.905085 9.900902 
1006726836862619 -0.250050 0.931406 9.904491 
1006726855769494 -0.271585 1.019941 9.891331 
1006726874676369 -0.124427 0.905085 10.104292 
1006726893583244 -0.047856 0.713360 10.497014 
1006726912490119 -0.139980 0.881157 10.437193 
1006726931396994 -0.325723 0.948156 10.583156 
1006726950303869 -0.487238 1.017548 9.301201 
1006726969210744 -0.222533 0.958924 9.110672 
1006726988117619 -0.193819 0.873978 9.499805 
1006727007024494 -0.254836 1.138385 9.606286 
1006727025931369 -0.438186 1.103689 9.752248 
1006727044838244 -0.557827 1.017548 10.075578 
1006727063745119 -0.610469 0.803091 10.095917 
1006727082651994 -0.785145 0.629611 9.981061 
1006727101558869 -0.770788 0.748056 9.884152 
1006727120465744 -0.551845 0.850050 10.026525 
1006727139372619 -0.417847 0.885943 10.322039 
1006727158279494 -0.426222 0.856032 10.013365 
1006727177186369 -0.448953 0.709771 9.612267 
1006727196093244 -0.386740 0.678664 9.798908 
1006727215000119 -0.222533 0.773181 10.150951 
1006727233906994 -0.020339 0.847657 10.277771 
1006727252813869 0.046660 0.888335 10.192826 
1006727271720744 -0.008375 0.757627 10.106685 
1006727290627619 0.037089 0.652343 10.141380 
1006727309534494 -0.217747 0.684646 10.544870 
