# Created at Thu Jun 06 10:35:43 GMT+03:00 2024 in Burnaby Canada 
1006694919763192 0.048708 0.042521 0.569803 0.819234 
1006694938669494 0.044153 0.048665 0.571149 0.818212 
1006694957575848 0.042369 0.050099 0.573219 0.816771 
1006694976482203 0.041821 0.046399 0.574992 0.815771 
1006694995388557 0.037727 0.042056 0.575213 0.816050 
1006695014294911 0.031572 0.037092 0.575310 0.816484 
1006695033201213 0.026839 0.030154 0.575645 0.816703 
1006695052107567 0.025444 0.020989 0.575660 0.817024 
1006695071013921 0.026336 0.011985 0.574304 0.818131 
1006695089920276 0.028351 0.005571 0.570838 0.820554 
1006695108826630 0.031319 0.001893 0.564895 0.824566 
1006695127732984 0.034833 -0.000184 0.557641 0.829351 
1006695146639338 0.037457 -0.000576 0.550863 0.833754 
1006695165545692 0.037725 0.001867 0.545160 0.837481 
1006695184452046 0.036780 0.006426 0.540985 0.840203 
1006695203358401 0.034886 0.012751 0.538191 0.842004 
1006695222264755 0.032208 0.019980 0.536504 0.843046 
1006695241171161 0.030096 0.026422 0.535090 0.843845 
1006695260077515 0.029820 0.030874 0.533475 0.844726 
1006695278983869 0.032119 0.031514 0.532559 0.845196 
1006695297890223 0.033853 0.029308 0.532595 0.845185 
1006695316796578 0.030905 0.027622 0.533076 0.845051 
1006695335702984 0.024405 0.026995 0.534497 0.844387 
1006695354609338 0.018821 0.025519 0.536465 0.843327 
1006695373515692 0.014308 0.024301 0.538531 0.842134 
1006695392422098 0.009702 0.023750 0.540738 0.840800 
1006695411328453 0.005927 0.022384 0.543258 0.839246 
1006695430234859 0.003184 0.020211 0.545679 0.837744 
1006695449141213 0.001877 0.017245 0.548571 0.835924 
1006695468047619 0.002502 0.013841 0.551799 0.833858 
1006695486953973 0.005228 0.011560 0.554205 0.832284 
1006695505860380 0.011473 0.009021 0.554988 0.831730 
1006695524766734 0.020395 0.004021 0.553955 0.832287 
1006695543673140 0.027593 -0.000466 0.551595 0.833655 
1006695562579546 0.030877 -0.000809 0.548311 0.835704 
1006695581485901 0.032697 0.001528 0.544644 0.838029 
1006695600392307 0.035553 0.003038 0.541418 0.839996 
1006695619298713 0.039330 0.002777 0.539337 0.841166 
1006695638205067 0.042855 0.001597 0.538295 0.841665 
1006695657111473 0.044762 0.001660 0.538179 0.841639 
1006695676017880 0.045347 0.003708 0.539406 0.840816 
1006695694924286 0.045397 0.006870 0.541598 0.839383 
1006695713830692 0.045016 0.009756 0.543531 0.838124 
1006695732737098 0.044194 0.011283 0.544722 0.837376 
1006695751643505 0.043662 0.011135 0.545406 0.836960 
1006695770549911 0.043960 0.009703 0.545694 0.836775 
1006695789456317 0.044275 0.008090 0.545617 0.836825 
1006695808362723 0.044127 0.006327 0.545202 0.837118 
1006695827269130 0.043026 0.005118 0.544643 0.837548 
1006695846175536 0.041228 0.005539 0.544270 0.837878 
1006695865081994 0.039809 0.006792 0.544379 0.837867 
1006695883988401 0.039519 0.007869 0.545305 0.837269 
1006695902894807 0.040018 0.009125 0.546700 0.836322 
1006695921801213 0.040446 0.011629 0.547712 0.835608 
1006695940707619 0.041821 0.014209 0.548330 0.835095 
1006695959614078 0.044243 0.015360 0.548606 0.834768 
1006695978520484 0.045722 0.015018 0.548447 0.834799 
1006695997426942 0.045969 0.014192 0.548051 0.835060 
1006696016333348 0.042982 0.013179 0.547791 0.835406 
1006696035239755 0.037277 0.011421 0.548181 0.835451 
1006696054146213 0.030002 0.008299 0.549364 0.835003 
1006696073052619 0.023272 0.003723 0.550665 0.834394 
1006696091959078 0.019511 -0.001616 0.551150 0.834177 
1006696110865536 0.022822 -0.009457 0.550290 0.834608 
1006696129771942 0.032377 -0.019539 0.547409 0.836010 
1006696148678401 0.042526 -0.028804 0.542304 0.838611 
1006696167584807 0.048757 -0.034140 0.537137 0.841392 
1006696186491265 0.052184 -0.035664 0.533872 0.843200 
1006696205397723 0.055151 -0.035201 0.531730 0.844383 
1006696224304182 0.057230 -0.033719 0.530191 0.845273 
1006696243210588 0.057601 -0.032581 0.529864 0.845496 
1006696262117046 0.055282 -0.031776 0.530888 0.845040 
1006696281023505 0.051002 -0.031086 0.533068 0.843962 
1006696299929963 0.046411 -0.030791 0.535875 0.842458 
1006696318836421 0.042602 -0.031555 0.538749 0.840797 
1006696337742880 0.040045 -0.033267 0.540849 0.839507 
1006696356649338 0.038462 -0.034009 0.541386 0.839205 
1006696375555796 0.038636 -0.033475 0.540417 0.839843 
1006696394462255 0.040850 -0.032272 0.538733 0.840866 
1006696413368713 0.044122 -0.030575 0.536958 0.841900 
1006696432275171 0.046530 -0.027724 0.535046 0.843085 
1006696451181630 0.047583 -0.023762 0.533238 0.844292 
1006696470088088 0.047837 -0.020240 0.532137 0.845063 
1006696488994546 0.047444 -0.018202 0.532472 0.844921 
1006696507901005 0.045783 -0.016306 0.533565 0.844362 
1006696526807463 0.043375 -0.014319 0.533562 0.844527 
1006696545713973 0.041364 -0.013328 0.532225 0.845487 
1006696564620432 0.039881 -0.013144 0.530752 0.846486 
1006696583526890 0.038678 -0.013513 0.529859 0.847095 
1006696602433348 0.037467 -0.014494 0.530074 0.846999 
1006696621339859 0.036266 -0.015733 0.531725 0.845994 
1006696640246317 0.035502 -0.016799 0.534011 0.844565 
1006696659152828 0.035056 -0.016575 0.535833 0.843433 
1006696678059286 0.034881 -0.014652 0.536569 0.843008 
1006696696965744 0.036323 -0.013338 0.536293 0.843145 
1006696715872255 0.040356 -0.014023 0.535619 0.843379 
1006696734778713 0.045771 -0.016354 0.534944 0.843488 
1006696753685223 0.048181 -0.017510 0.535442 0.843015 
1006696772591682 0.045216 -0.015558 0.538562 0.841228 
1006696791498192 0.040138 -0.012598 0.543587 0.838298 
1006696810404703 0.036696 -0.010114 0.548128 0.835528 
1006696829311161 0.036944 -0.008694 0.550609 0.833900 
1006696848217671 0.040314 -0.009620 0.550736 0.833650 
1006696867124130 0.043401 -0.012112 0.549907 0.834009 
1006696886030640 0.043079 -0.013649 0.549112 0.834526 
1006696904937151 0.039603 -0.013087 0.548673 0.834996 
1006696923843609 0.036408 -0.012416 0.548684 0.835144 
1006696942750119 0.034910 -0.012606 0.549073 0.834950 
1006696961656630 0.034647 -0.013117 0.549722 0.834525 
1006696980563140 0.035469 -0.013289 0.550424 0.834026 
1006696999469651 0.037064 -0.012068 0.551116 0.833517 
1006697018376161 0.039083 -0.009134 0.551580 0.833156 
1006697037282619 0.041165 -0.004866 0.551568 0.833099 
1006697056189130 0.043771 -0.000656 0.551426 0.833074 
1006697075095640 0.047042 0.002899 0.551845 0.832614 
1006697094002151 0.050182 0.006496 0.553186 0.831520 
1006697112908661 0.052837 0.009880 0.555068 0.830066 
1006697131815171 0.054861 0.012234 0.556687 0.828819 
1006697150721682 0.056215 0.013274 0.557916 0.827885 
1006697169628192 0.057524 0.013117 0.559164 0.826955 
1006697188534703 0.058684 0.012650 0.560383 0.826055 
1006697207441213 0.059151 0.012611 0.561147 0.825504 
1006697226347723 0.058779 0.012503 0.561062 0.825589 
1006697245254286 0.057757 0.011756 0.560291 0.826196 
1006697264160796 0.056757 0.009824 0.558775 0.827317 
1006697283067307 0.055595 0.006065 0.556038 0.829273 
1006697301973817 0.054391 0.001407 0.552273 0.831886 
1006697320880328 0.053222 -0.002552 0.548300 0.834583 
1006697339786890 0.052805 -0.005042 0.544863 0.836846 
1006697358693401 0.053879 -0.005378 0.542325 0.838422 
1006697377599911 0.057159 -0.004305 0.540737 0.839237 
1006697396506473 0.062053 -0.002798 0.539853 0.839464 
1006697415412984 0.066738 -0.000977 0.539443 0.839372 
1006697434319494 0.069815 0.001879 0.539888 0.838834 
1006697453226057 0.071643 0.005609 0.541267 0.837774 
1006697472132567 0.073122 0.009715 0.542664 0.836705 
1006697491039078 0.074658 0.012775 0.543205 0.836176 
1006697509945640 0.075963 0.013923 0.543103 0.836107 
1006697528852151 0.076035 0.014482 0.542998 0.836159 
1006697547758713 0.074611 0.016234 0.542568 0.836534 
1006697566665223 0.072449 0.019749 0.541586 0.837285 
1006697585571786 0.070050 0.025147 0.540732 0.837896 
1006697604478296 0.069201 0.030554 0.540755 0.837772 
1006697623384859 0.070835 0.033134 0.541990 0.836738 
1006697642291421 0.073377 0.034770 0.544270 0.834971 
1006697661197932 0.074861 0.037174 0.546962 0.832975 
1006697680104494 0.074487 0.041273 0.549123 0.831392 
1006697699011057 0.073687 0.045538 0.550395 0.830399 
1006697717917567 0.073723 0.048037 0.550887 0.829928 
1006697736824130 0.074201 0.048181 0.551034 0.829779 
1006697755730692 0.073679 0.047026 0.550917 0.829970 
1006697774637255 0.071821 0.045755 0.550520 0.830467 
1006697793543765 0.069264 0.044836 0.549580 0.831357 
1006697812450328 0.066322 0.044487 0.548102 0.832590 
1006697831356890 0.063415 0.044081 0.546654 0.833789 
1006697850263453 0.060717 0.043037 0.545683 0.834680 
1006697869170015 0.057780 0.042563 0.545121 0.835280 
1006697888076578 0.054891 0.042408 0.544870 0.835647 
1006697906983140 0.052188 0.042269 0.544718 0.835926 
1006697925889703 0.049546 0.042354 0.544839 0.836003 
1006697944796265 0.046861 0.042842 0.545155 0.835927 
1006697963702828 0.044648 0.043225 0.545475 0.835820 
1006697982609390 0.042873 0.043709 0.545537 0.835847 
1006698001515953 0.041572 0.044125 0.545487 0.835924 
1006698020422515 0.040652 0.044548 0.545201 0.836133 
1006698039329078 0.039551 0.045564 0.544685 0.836467 
1006698058235640 0.038593 0.045977 0.544362 0.836700 
1006698077142203 0.038342 0.045609 0.544558 0.836604 
1006698096048765 0.038789 0.045358 0.544746 0.836475 
1006698114955328 0.039484 0.045683 0.544254 0.836744 
1006698133861890 0.040559 0.046475 0.543032 0.837443 
1006698152768505 0.042069 0.047367 0.541775 0.838133 
1006698171675067 0.043148 0.048451 0.541145 0.838423 
1006698190581630 0.043698 0.049266 0.541201 0.838311 
1006698209488192 0.044239 0.049291 0.541491 0.838094 
1006698228394807 0.045387 0.048334 0.541590 0.838024 
1006698247301369 0.046746 0.047584 0.541002 0.838372 
1006698266207932 0.048592 0.047969 0.539690 0.839090 
1006698285114546 0.050680 0.050136 0.538307 0.839728 
1006698304021109 0.052604 0.054041 0.537920 0.839616 
1006698322927671 0.055236 0.057952 0.538691 0.838691 
1006698341834286 0.058062 0.061161 0.539773 0.837576 
1006698360740848 0.059563 0.063998 0.540352 0.836885 
1006698379647463 0.059772 0.066273 0.540433 0.836641 
1006698398554026 0.059602 0.067516 0.540207 0.836699 
1006698417460640 0.059704 0.066989 0.539550 0.837158 
1006698436367203 0.059322 0.064896 0.538681 0.837910 
1006698455273817 0.057286 0.062685 0.537910 0.838714 
1006698474180380 0.053106 0.061682 0.537345 0.839426 
1006698493086994 0.048538 0.061765 0.537331 0.839705 
1006698511993557 0.045478 0.062185 0.537743 0.839581 
1006698530900171 0.043687 0.063166 0.538421 0.839169 
1006698549806786 0.042379 0.064747 0.539694 0.838297 
1006698568713348 0.041226 0.066539 0.541669 0.836939 
1006698587619963 0.040417 0.067813 0.544474 0.835054 
1006698606526578 0.040529 0.067770 0.547849 0.832842 
1006698625433140 0.040714 0.067179 0.551214 0.830658 
1006698644339755 0.040171 0.066867 0.553662 0.829080 
1006698663246369 0.038879 0.066618 0.555147 0.828168 
1006698682152932 0.037976 0.065759 0.556849 0.827135 
1006698701059546 0.038159 0.064809 0.558923 0.825802 
1006698719966161 0.039290 0.064256 0.560652 0.824619 
1006698738872776 0.040245 0.064323 0.561641 0.823895 
1006698757779390 0.040082 0.064840 0.562439 0.823317 
1006698776685953 0.038996 0.064664 0.563815 0.822442 
1006698795592567 0.037868 0.063858 0.565713 0.821253 
1006698814499182 0.037755 0.062906 0.567293 0.820241 
1006698833405796 0.038436 0.061519 0.568296 0.819620 
1006698852312411 0.038276 0.060261 0.568839 0.819345 
1006698871219026 0.035565 0.061423 0.568688 0.819485 
1006698890125640 0.030167 0.066146 0.568042 0.819782 
1006698909032255 0.023955 0.073941 0.567371 0.819786 
1006698927938869 0.019246 0.082550 0.566996 0.819348 
1006698946845484 0.018101 0.088445 0.567404 0.818475 
1006698965752098 0.020420 0.089402 0.568795 0.817351 
1006698984658713 0.023162 0.087950 0.570280 0.816400 
1006699003565328 0.024348 0.086640 0.570802 0.816141 
1006699022471942 0.023905 0.085738 0.569985 0.816820 
1006699041378557 0.022881 0.083738 0.568700 0.817952 
1006699060285171 0.022113 0.079072 0.567984 0.818934 
1006699079191786 0.020685 0.072611 0.567871 0.819648 
1006699098098401 0.018148 0.065820 0.567782 0.820343 
1006699117005067 0.015123 0.059884 0.567232 0.821239 
1006699135911682 0.012526 0.055483 0.566106 0.822368 
1006699154818296 0.010711 0.052614 0.564545 0.823654 
1006699173724911 0.010210 0.049627 0.563119 0.824821 
1006699192631578 0.009979 0.047102 0.562281 0.825543 
1006699211538192 0.009744 0.045955 0.561699 0.826007 
1006699230444807 0.009763 0.045873 0.560816 0.826611 
1006699249351421 0.010076 0.045881 0.559738 0.827337 
1006699268258088 0.010233 0.045078 0.558418 0.828271 
1006699287164703 0.009713 0.043653 0.556853 0.829407 
1006699306071317 0.009095 0.041766 0.555019 0.830739 
1006699324977984 0.009547 0.038430 0.552727 0.832421 
1006699343884598 0.010285 0.032752 0.549717 0.834645 
1006699362791213 0.008995 0.025695 0.546089 0.837285 
1006699381697880 0.005447 0.018148 0.542425 0.839890 
1006699400604494 0.000827 0.011612 0.539348 0.842002 
1006699419511161 -0.002253 0.006137 0.537742 0.843084 
1006699438417776 -0.002429 0.001641 0.537693 0.843136 
1006699457324442 -0.000537 -0.001552 0.538300 0.842752 
1006699476231057 0.001269 -0.002875 0.538607 0.842551 
1006699495137723 0.001867 -0.001872 0.538567 0.842578 
1006699514044338 0.004025 -0.001723 0.538321 0.842728 
1006699532951005 0.010577 -0.008560 0.537347 0.843252 
1006699551857619 0.016752 -0.020106 0.534687 0.844645 
1006699570764286 0.017514 -0.030919 0.529673 0.847457 
1006699589670901 0.014303 -0.040933 0.522699 0.851414 
1006699608577567 0.009244 -0.048813 0.515640 0.855364 
1006699627484234 0.005026 -0.053791 0.510230 0.858340 
1006699646390848 0.004070 -0.058029 0.507050 0.859951 
1006699665297515 0.005671 -0.062565 0.506617 0.859879 
1006699684204130 0.007661 -0.067402 0.507817 0.858790 
1006699703110796 0.008772 -0.070337 0.508557 0.858106 
1006699722017463 0.011021 -0.071178 0.507308 0.858750 
1006699740924130 0.016466 -0.073016 0.503726 0.860614 
1006699759830744 0.022920 -0.076379 0.497996 0.863505 
1006699778737411 0.028048 -0.079208 0.490423 0.867424 
1006699797644078 0.030497 -0.078889 0.486167 0.869763 
1006699816550744 0.031952 -0.075727 0.486383 0.869871 
1006699835457359 0.032849 -0.071515 0.485189 0.870861 
1006699854364026 0.033776 -0.068335 0.486041 0.870605 
1006699873270692 0.034486 -0.065094 0.490018 0.868594 
1006699892177359 0.035104 -0.059344 0.494239 0.866588 
1006699911084026 0.037278 -0.052681 0.497860 0.864853 
1006699929990692 0.040749 -0.045799 0.500536 0.863543 
1006699948897359 0.044770 -0.040785 0.502344 0.862545 
1006699967803973 0.048832 -0.038441 0.503468 0.861776 
1006699986710640 0.052935 -0.037719 0.504608 0.860898 
1006700005617307 0.057049 -0.037411 0.505904 0.859888 
1006700024523973 0.059956 -0.036132 0.506909 0.859153 
1006700043430640 0.060246 -0.032454 0.506311 0.859631 
1006700062337307 0.058715 -0.026646 0.503071 0.861836 
1006700081243973 0.057178 -0.021785 0.499032 0.864421 
1006700100150640 0.056760 -0.019005 0.496015 0.866248 
1006700119057307 0.057552 -0.017433 0.494763 0.866945 
1006700137963973 0.058463 -0.016081 0.495154 0.866687 
1006700156870640 0.058721 -0.013585 0.496203 0.866112 
1006700175777307 0.058518 -0.009734 0.496622 0.865937 
1006700194683973 0.058365 -0.005531 0.496115 0.866275 
1006700213590692 0.058669 -0.002846 0.495330 0.866717 
1006700232497359 0.059187 -0.002438 0.495346 0.866674 
1006700251404026 0.058722 -0.003706 0.495798 0.866443 
1006700270310692 0.056547 -0.004884 0.495579 0.866706 
1006700289217359 0.053670 -0.004497 0.493953 0.867819 
1006700308124026 0.051810 -0.002493 0.491201 0.869501 
1006700327030692 0.052182 -0.000608 0.488978 0.870734 
1006700345937411 0.053593 -0.000029 0.488890 0.870698 
1006700364844078 0.053835 -0.000078 0.490420 0.869822 
1006700383750744 0.053029 0.000263 0.491925 0.869021 
1006700402657411 0.052050 0.000930 0.492184 0.868933 
1006700421564130 0.050833 0.001465 0.491221 0.869549 
1006700440470796 0.050180 0.001090 0.490070 0.870237 
1006700459377463 0.049960 0.000221 0.489706 0.870455 
1006700478284130 0.049614 -0.000644 0.490184 0.870206 
1006700497190848 0.049140 -0.001474 0.490726 0.869926 
1006700516097515 0.048814 -0.001894 0.490118 0.870286 
1006700535004182 0.048527 -0.001397 0.487809 0.871599 
1006700553910901 0.048690 -0.000546 0.485001 0.873157 
1006700572817567 0.048881 0.000328 0.483534 0.873960 
1006700591724234 0.048959 0.001238 0.484204 0.873583 
1006700610630953 0.048409 0.003223 0.486307 0.872440 
1006700629537619 0.046778 0.006406 0.488765 0.871137 
1006700648444286 0.044367 0.009092 0.490764 0.870115 
1006700667351005 0.041550 0.009525 0.491882 0.869618 
1006700686257671 0.039060 0.007951 0.492469 0.869416 
1006700705164390 0.037571 0.007827 0.493239 0.869047 
1006700724071057 0.038925 0.007762 0.494403 0.868326 
1006700742977776 0.040762 0.008081 0.495978 0.867340 
1006700761884442 0.043728 0.005713 0.498321 0.865870 
1006700780791161 0.045618 0.001171 0.499879 0.864892 
1006700799697828 0.045357 -0.002730 0.503286 0.862924 
1006700818604546 0.040979 -0.002509 0.506942 0.861002 
1006700837511213 0.032602 0.003120 0.510691 0.859140 
1006700856417932 0.024885 0.008627 0.515879 0.856256 
1006700875324598 0.021124 0.008813 0.522817 0.852138 
1006700894231317 0.019503 0.005400 0.530353 0.847535 
1006700913137984 0.017222 0.002419 0.536901 0.843466 
1006700932044703 0.015353 0.000322 0.541641 0.840469 
1006700950951421 0.016729 -0.002833 0.544838 0.838370 
1006700969858088 0.021342 -0.007245 0.546418 0.837210 
1006700988764807 0.026050 -0.009698 0.545777 0.837469 
1006701007671473 0.031304 -0.010676 0.543160 0.838977 
1006701026578192 0.039783 -0.011893 0.539504 0.840958 
1006701045484911 0.050347 -0.012073 0.535845 0.842728 
1006701064391578 0.060624 -0.008954 0.531739 0.844688 
1006701083298296 0.065920 0.002273 0.526776 0.847441 
1006701102205015 0.065861 0.017756 0.523034 0.849578 
1006701121111682 0.064263 0.031530 0.523325 0.849121 
1006701140018401 0.064428 0.039453 0.527087 0.846447 
1006701158925119 0.066135 0.040999 0.532476 0.842861 
1006701177831838 0.068777 0.039939 0.537279 0.839646 
1006701196738505 0.073286 0.036707 0.540172 0.837553 
1006701215645223 0.081950 0.029490 0.542302 0.835657 
1006701234551942 0.092613 0.021610 0.544730 0.833202 
1006701253458661 0.101531 0.017227 0.548870 0.829540 
1006701272365328 0.106500 0.019060 0.554153 0.825354 
1006701291272046 0.107987 0.026061 0.557239 0.822888 
1006701310178765 0.108500 0.034597 0.558310 0.821779 
1006701329085484 0.109476 0.040305 0.559453 0.820612 
1006701347992151 0.108382 0.041706 0.561160 0.819520 
1006701366898869 0.104612 0.040548 0.562313 0.819278 
1006701385805588 0.099368 0.040908 0.563131 0.819351 
1006701404712307 0.094570 0.043694 0.565197 0.818352 
1006701423619026 0.091791 0.046007 0.568313 0.816381 
1006701442525744 0.091070 0.046542 0.572366 0.813595 
1006701461432463 0.089730 0.046817 0.577211 0.810299 
1006701480339130 0.085782 0.047680 0.583099 0.806451 
1006701499245901 0.079693 0.049966 0.589309 0.802413 
1006701518152567 0.072694 0.053812 0.594405 0.799064 
1006701537059286 0.066437 0.057452 0.597757 0.796851 
1006701555966005 0.062216 0.058938 0.599725 0.795603 
1006701574872723 0.059957 0.058622 0.601479 0.794476 
1006701593779442 0.059629 0.056866 0.603824 0.792847 
1006701612686161 0.060940 0.053152 0.606516 0.790948 
1006701631592880 0.061524 0.049293 0.608777 0.789415 
1006701650499598 0.059521 0.047635 0.610627 0.788240 
1006701669406317 0.056052 0.048525 0.612993 0.786602 
1006701688313036 0.054315 0.049088 0.616688 0.783796 
1006701707219755 0.054993 0.048252 0.621813 0.779741 
1006701726126473 0.055414 0.048593 0.627480 0.775137 
1006701745033192 0.053337 0.052170 0.632623 0.770857 
1006701763939911 0.050227 0.057839 0.637053 0.767004 
1006701782846630 0.049505 0.062620 0.640819 0.763531 
1006701801753348 0.052305 0.064376 0.644197 0.760349 
1006701820660067 0.056212 0.063755 0.647547 0.757271 
1006701839566786 0.058236 0.062595 0.650716 0.754492 
1006701858473505 0.056979 0.062487 0.653349 0.752319 
1006701877380223 0.053136 0.063754 0.655575 0.750555 
1006701896286942 0.051126 0.063255 0.657782 0.748804 
1006701915193661 0.053047 0.059184 0.659752 0.747268 
1006701934100432 0.054171 0.053285 0.661141 0.746404 
1006701953007151 0.053832 0.046887 0.661992 0.746104 
1006701971913869 0.053779 0.042645 0.662220 0.746160 
1006701990820588 0.054666 0.042418 0.661729 0.746543 
1006702009727307 0.056088 0.045267 0.660595 0.747275 
1006702028634026 0.056971 0.049297 0.659374 0.748031 
1006702047540744 0.056650 0.053935 0.658619 0.748400 
1006702066447463 0.055270 0.058916 0.658574 0.748167 
1006702085354234 0.053657 0.062982 0.659082 0.747506 
1006702104260953 0.053113 0.063541 0.659881 0.746792 
1006702123167671 0.053962 0.060518 0.660488 0.746445 
1006702142074390 0.055125 0.057369 0.660268 0.746804 
1006702160981109 0.055508 0.057124 0.659604 0.747381 
1006702179887880 0.055397 0.059721 0.658906 0.747801 
1006702198794598 0.055690 0.062276 0.658563 0.747874 
1006702217701317 0.055731 0.063775 0.658479 0.747818 
1006702236608036 0.055283 0.064892 0.658113 0.748078 
1006702255514755 0.054687 0.067887 0.657113 0.748734 
1006702274421526 0.054704 0.071428 0.656370 0.749055 
1006702293328244 0.056859 0.072030 0.655547 0.749558 
1006702312234963 0.058563 0.070530 0.653875 0.751028 
1006702331141734 0.059083 0.068576 0.651986 0.752809 
1006702350048453 0.058438 0.066883 0.649668 0.755012 
1006702368955171 0.057650 0.066036 0.647147 0.757309 
1006702387861890 0.057269 0.065678 0.645063 0.759144 
1006702406768661 0.057202 0.064404 0.643826 0.760308 
1006702425675380 0.057388 0.062483 0.643237 0.760952 
1006702444582098 0.057444 0.061192 0.642902 0.761337 
1006702463488869 0.056531 0.060665 0.642106 0.762118 
1006702482395588 0.055567 0.060701 0.640595 0.763456 
1006702501302307 0.055206 0.061229 0.638408 0.765270 
1006702520209078 0.055803 0.060970 0.636048 0.767210 
1006702539115796 0.057641 0.060490 0.633972 0.768829 
1006702558022515 0.058752 0.062031 0.632362 0.769947 
1006702576929286 0.057768 0.065701 0.631476 0.770444 
1006702595836005 0.055760 0.068972 0.631208 0.770526 
1006702614742776 0.054743 0.069999 0.631437 0.770319 
1006702633649494 0.055217 0.069268 0.631725 0.770115 
1006702652556213 0.056571 0.068260 0.632120 0.769782 
1006702671462984 0.057484 0.068411 0.632739 0.769192 
1006702690369703 0.056981 0.069929 0.633528 0.768444 
1006702709276473 0.055637 0.070881 0.634432 0.767708 
1006702728183192 0.054372 0.071266 0.635148 0.767171 
1006702747089911 0.054049 0.071470 0.636003 0.766467 
1006702765996682 0.054760 0.071349 0.637002 0.765597 
1006702784903401 0.054896 0.071120 0.637772 0.764967 
1006702803810171 0.054571 0.070407 0.638391 0.764540 
1006702822716890 0.053958 0.070121 0.638459 0.764553 
1006702841623661 0.053395 0.071334 0.638110 0.764772 
1006702860530380 0.054038 0.072623 0.638188 0.764540 
1006702879437151 0.055103 0.073153 0.638870 0.763844 
1006702898343869 0.055546 0.073400 0.639875 0.762946 
1006702917250640 0.055739 0.073491 0.640817 0.762132 
1006702936157359 0.056695 0.073176 0.641344 0.761649 
1006702955064130 0.059064 0.071127 0.641758 0.761314 
1006702973970848 0.063859 0.063717 0.642595 0.760877 
1006702992877619 0.069716 0.050928 0.643410 0.760637 
1006703011784338 0.074219 0.038020 0.643117 0.761214 
1006703030691109 0.077228 0.030073 0.642193 0.762050 
1006703049597828 0.079097 0.027754 0.641603 0.762443 
1006703068504598 0.080031 0.027679 0.641583 0.762365 
1006703087411317 0.080282 0.026767 0.641991 0.762027 
1006703106318088 0.080612 0.024697 0.642482 0.761649 
1006703125224807 0.080904 0.022556 0.643254 0.761032 
1006703144131578 0.081052 0.020986 0.644490 0.760015 
1006703163038296 0.080561 0.020773 0.646221 0.758602 
1006703181945067 0.079160 0.022135 0.648330 0.756910 
1006703200851838 0.077513 0.024368 0.650840 0.754855 
1006703219758557 0.076092 0.026709 0.653668 0.752472 
1006703238665328 0.074358 0.028123 0.656334 0.750271 
1006703257572046 0.071897 0.028340 0.658371 0.748716 
1006703276478817 0.069221 0.027856 0.659616 0.747890 
1006703295385588 0.066682 0.027248 0.660378 0.747470 
1006703314292307 0.064254 0.027073 0.661079 0.747070 
1006703333199078 0.062704 0.027699 0.662112 0.746263 
1006703352105848 0.062235 0.029236 0.663364 0.745131 
1006703371012567 0.062168 0.031816 0.664390 0.744116 
1006703389919338 0.061565 0.035114 0.664998 0.743474 
1006703408826057 0.060702 0.038061 0.665371 0.743066 
1006703427732828 0.059442 0.039987 0.665612 0.742852 
1006703446639598 0.058294 0.040032 0.665897 0.742684 
1006703465546317 0.058652 0.037187 0.666358 0.742391 
1006703484453088 0.059397 0.030022 0.666812 0.742248 
1006703503359859 0.060375 0.019689 0.666529 0.742770 
1006703522266578 0.061374 0.009089 0.664882 0.744367 
1006703541173348 0.062761 0.000614 0.662505 0.746423 
1006703560080119 0.064535 -0.006099 0.660597 0.747937 
1006703578986890 0.064288 -0.013121 0.660083 0.748322 
1006703597893609 0.060785 -0.018175 0.660883 0.747803 
1006703616800380 0.055952 -0.020582 0.663114 0.746141 
1006703635707151 0.052364 -0.021362 0.666481 0.743374 
1006703654613869 0.050927 -0.021812 0.669564 0.740685 
1006703673520640 0.050551 -0.022256 0.671118 0.739290 
1006703692427411 0.050048 -0.022915 0.670505 0.739860 
1006703711334130 0.049445 -0.023983 0.668056 0.742079 
1006703730240901 0.048638 -0.024631 0.664991 0.744859 
1006703749147671 0.047651 -0.024367 0.662588 0.747069 
1006703768054442 0.047048 -0.023124 0.661529 0.748085 
1006703786961213 0.046557 -0.021190 0.661657 0.748060 
1006703805867932 0.046294 -0.019137 0.662255 0.747602 
1006703824774703 0.045824 -0.017356 0.662422 0.747527 
1006703843681473 0.044862 -0.016053 0.661702 0.748251 
1006703862588244 0.044438 -0.015414 0.660493 0.749357 
1006703881494963 0.044356 -0.014873 0.659487 0.750259 
1006703900401734 0.044148 -0.014219 0.659067 0.750653 
1006703919308505 0.043724 -0.013645 0.658870 0.750861 
1006703938215276 0.043239 -0.012334 0.658370 0.751350 
1006703957121994 0.042374 -0.008838 0.657580 0.752140 
1006703976028765 0.041031 -0.002997 0.656880 0.752871 
1006703994935536 0.039565 0.003380 0.656289 0.753464 
1006704013842307 0.038958 0.008031 0.655259 0.754356 
1006704032749078 0.039924 0.010968 0.653402 0.755878 
1006704051655796 0.041264 0.014839 0.651038 0.757777 
1006704070562567 0.042160 0.020730 0.648915 0.759409 
1006704089469338 0.042213 0.028026 0.647161 0.760667 
1006704108376109 0.041540 0.034654 0.645437 0.761895 
1006704127282880 0.040811 0.039272 0.643465 0.763377 
1006704146189598 0.038755 0.041727 0.641062 0.765374 
1006704165096369 0.037883 0.041542 0.638505 0.767562 
1006704184003140 0.037988 0.039756 0.636050 0.769686 
1006704202909911 0.038486 0.038039 0.633940 0.771487 
1006704221816682 0.039134 0.037500 0.632360 0.772776 
1006704240723453 0.040283 0.038951 0.631218 0.773578 
1006704259630223 0.041820 0.042389 0.630325 0.774045 
1006704278536994 0.042943 0.046998 0.629549 0.774348 
1006704297443713 0.043689 0.051475 0.628945 0.774513 
1006704316350484 0.044777 0.054601 0.628481 0.774613 
1006704335257255 0.046522 0.056102 0.628085 0.774724 
1006704354164026 0.048100 0.056527 0.627802 0.774826 
1006704373070796 0.048876 0.056255 0.627779 0.774816 
1006704391977567 0.048517 0.055626 0.628017 0.774691 
1006704410884338 0.047303 0.054552 0.628468 0.774477 
1006704429791057 0.046609 0.052656 0.629153 0.774094 
1006704448697828 0.046302 0.050722 0.629826 0.773694 
1006704467604598 0.045797 0.049206 0.630437 0.773325 
1006704486511369 0.045523 0.047689 0.630905 0.773054 
1006704505418140 0.045483 0.046423 0.630874 0.773159 
1006704524324911 0.044904 0.046052 0.630253 0.773721 
1006704543231682 0.043912 0.045800 0.629440 0.774454 
1006704562138453 0.043595 0.044890 0.628769 0.775070 
1006704581045223 0.045428 0.043290 0.628183 0.775531 
1006704599951994 0.049760 0.041876 0.627438 0.775945 
1006704618858713 0.055123 0.041718 0.626029 0.776729 
1006704637765484 0.059552 0.042938 0.623936 0.778019 
1006704656672255 0.061656 0.045289 0.621543 0.779635 
1006704675579026 0.061524 0.047597 0.619245 0.781335 
1006704694485796 0.060697 0.048431 0.617493 0.782734 
1006704713392567 0.060441 0.047640 0.616396 0.783666 
1006704732299338 0.059768 0.046473 0.615655 0.784370 
1006704751206109 0.056902 0.046422 0.614458 0.785525 
1006704770112880 0.051530 0.048158 0.611627 0.787996 
1006704789019651 0.045799 0.049567 0.606990 0.791839 
1006704807926421 0.043566 0.047622 0.602033 0.795858 
1006704826833192 0.044780 0.042942 0.598090 0.799024 
1006704845739963 0.046834 0.037719 0.596297 0.800509 
1006704864646734 0.048141 0.033373 0.596753 0.800284 
1006704883553505 0.048026 0.031701 0.598243 0.799246 
1006704902460276 0.046151 0.034181 0.599437 0.798359 
1006704921367046 0.044224 0.039254 0.600141 0.797706 
1006704940273817 0.043928 0.042757 0.601166 0.796769 
1006704959180588 0.044512 0.042444 0.603330 0.795116 
1006704978087359 0.044215 0.040171 0.606729 0.792661 
1006704996994130 0.041971 0.039188 0.610347 0.790050 
1006705015900848 0.038077 0.040489 0.613480 0.787752 
1006705034807671 0.034376 0.043197 0.615981 0.785824 
1006705053714390 0.032335 0.046835 0.617532 0.784484 
1006705072621161 0.031932 0.050802 0.618565 0.783439 
1006705091527932 0.032090 0.054223 0.619272 0.782645 
1006705110434703 0.032362 0.056047 0.619171 0.782584 
1006705129341473 0.032788 0.056683 0.617805 0.783600 
1006705148248244 0.033481 0.057261 0.615444 0.785385 
1006705167155015 0.034752 0.058412 0.613070 0.787100 
1006705186061786 0.036168 0.060836 0.611397 0.788152 
1006705204968557 0.037283 0.064188 0.610717 0.788362 
1006705223875328 0.038492 0.066684 0.611224 0.787704 
1006705242782098 0.039866 0.067102 0.612366 0.786712 
1006705261688869 0.041158 0.065652 0.613411 0.785953 
1006705280595640 0.041781 0.063720 0.614037 0.785591 
1006705299502463 0.041213 0.062678 0.614434 0.785394 
1006705318409234 0.040368 0.062630 0.615060 0.784951 
1006705337316005 0.040044 0.062632 0.616163 0.784103 
1006705356222776 0.039757 0.061805 0.617738 0.782943 
1006705375129546 0.039066 0.059930 0.619730 0.781548 
1006705394036317 0.037888 0.056839 0.622018 0.780018 
1006705412943088 0.036334 0.053333 0.624375 0.778455 
1006705431849859 0.034418 0.050193 0.626477 0.777060 
1006705450756630 0.031873 0.047487 0.628507 0.775698 
1006705469663401 0.029253 0.045880 0.630522 0.774262 
1006705488570171 0.028406 0.046132 0.632169 0.772934 
1006705507476942 0.030210 0.047805 0.633480 0.771690 
1006705526383713 0.033310 0.050121 0.634700 0.770412 
1006705545290484 0.035350 0.052920 0.635944 0.769107 
1006705564197255 0.035927 0.055364 0.637467 0.767645 
1006705583104026 0.035921 0.056730 0.639333 0.765992 
1006705602010796 0.036135 0.057557 0.641201 0.764358 
1006705620917567 0.036180 0.058712 0.642779 0.762941 
1006705639824338 0.035916 0.059786 0.644286 0.761598 
1006705658731109 0.035698 0.060379 0.645834 0.760249 
1006705677637880 0.035587 0.060762 0.647210 0.759053 
1006705696544651 0.035758 0.061103 0.648333 0.758058 
1006705715451421 0.036529 0.061141 0.649184 0.757289 
1006705734358192 0.036798 0.061415 0.649503 0.756981 
1006705753264963 0.036786 0.061580 0.649487 0.756982 
1006705772171734 0.036783 0.061667 0.649280 0.757152 
1006705791078557 0.036610 0.062208 0.648840 0.757494 
1006705809985328 0.037094 0.062846 0.648187 0.757976 
1006705828892098 0.038080 0.062930 0.647305 0.758674 
1006705847798869 0.038304 0.062425 0.646402 0.759474 
1006705866705640 0.037462 0.061092 0.645670 0.760246 
1006705885612411 0.036625 0.058522 0.645058 0.761009 
1006705904519182 0.036612 0.054778 0.644453 0.761800 
1006705923425953 0.037264 0.050921 0.643792 0.762595 
1006705942332723 0.039154 0.047825 0.643282 0.763131 
1006705961239494 0.041820 0.046202 0.642859 0.763445 
1006705980146265 0.043450 0.046198 0.642337 0.763794 
1006705999053036 0.044938 0.046803 0.641541 0.764340 
1006706017959807 0.047368 0.047304 0.640099 0.765370 
1006706036866578 0.050176 0.047601 0.638073 0.766863 
1006706055773348 0.051766 0.048311 0.635923 0.768498 
1006706074680119 0.051208 0.049489 0.634297 0.769802 
1006706093586942 0.049492 0.050398 0.633819 0.770249 
1006706112493713 0.047844 0.050626 0.634189 0.770034 
1006706131400484 0.047382 0.050194 0.634729 0.769646 
1006706150307255 0.047244 0.050006 0.634703 0.769688 
1006706169214026 0.045844 0.050209 0.634122 0.770238 
1006706188120796 0.043436 0.050083 0.633714 0.770721 
1006706207027567 0.040731 0.049865 0.633659 0.770929 
1006706225934338 0.038378 0.050125 0.633757 0.770952 
1006706244841109 0.037080 0.050070 0.633993 0.770825 
1006706263747880 0.035901 0.049583 0.634350 0.770619 
1006706282654703 0.034599 0.049548 0.634461 0.770589 
1006706301561473 0.033282 0.050966 0.634122 0.770833 
1006706320468244 0.031745 0.053703 0.633881 0.770911 
1006706339375015 0.030284 0.056613 0.634227 0.770476 
1006706358281786 0.028297 0.059350 0.635165 0.769573 
1006706377188557 0.026081 0.061172 0.636747 0.768200 
1006706396095328 0.025254 0.061555 0.638698 0.766576 
1006706415002098 0.025640 0.061760 0.640534 0.765012 
1006706433908869 0.025806 0.062710 0.641979 0.763717 
1006706452815692 0.025076 0.063802 0.643143 0.762671 
1006706471722463 0.024370 0.064506 0.644314 0.761646 
1006706490629234 0.024233 0.064836 0.645499 0.760618 
1006706509536005 0.024369 0.064748 0.646877 0.759450 
1006706528442776 0.024547 0.064445 0.648510 0.758076 
1006706547349546 0.023972 0.064496 0.650078 0.756746 
1006706566256317 0.021515 0.064930 0.651756 0.755338 
1006706585163088 0.019342 0.063575 0.654377 0.753243 
1006706604069859 0.018392 0.059399 0.657946 0.750494 
1006706622976682 0.018003 0.053287 0.661819 0.747550 
1006706641883453 0.016507 0.047091 0.665286 0.744919 
1006706660790223 0.014260 0.042164 0.668530 0.742352 
1006706679696994 0.011703 0.039421 0.671649 0.739727 
1006706698603765 0.009607 0.038367 0.674953 0.736800 
1006706717510536 0.009714 0.038419 0.678670 0.733374 
1006706736417307 0.011849 0.039548 0.682390 0.729822 
1006706755324130 0.014441 0.041119 0.685908 0.726382 
1006706774230901 0.016686 0.042522 0.688960 0.723358 
1006706793137671 0.017450 0.043816 0.691266 0.721059 
1006706812044442 0.017790 0.044664 0.693265 0.719077 
1006706830951213 0.019452 0.044826 0.695242 0.717113 
1006706849857984 0.021771 0.044558 0.697253 0.715108 
1006706868764755 0.023523 0.044003 0.699524 0.712865 
1006706887671578 0.024621 0.043121 0.702036 0.710408 
1006706906578348 0.025950 0.042172 0.704522 0.707953 
1006706925485119 0.027875 0.041391 0.706457 0.705995 
1006706944391890 0.028682 0.041126 0.707822 0.704609 
1006706963298661 0.027707 0.041400 0.709273 0.703171 
1006706982205432 0.026210 0.042502 0.711063 0.701353 
1006707001112255 0.025368 0.044501 0.712924 0.699367 
1006707020019026 0.025067 0.046856 0.714564 0.697549 
1006707038925796 0.024427 0.048852 0.715783 0.696183 
1006707057832567 0.022579 0.049321 0.716645 0.695326 
1006707076739338 0.020328 0.047891 0.716994 0.695135 
1006707095646109 0.019102 0.045514 0.716646 0.695689 
1006707114552932 0.018908 0.044037 0.715872 0.696585 
1006707133459703 0.019353 0.044369 0.714936 0.697513 
1006707152366473 0.019807 0.046268 0.713944 0.698391 
1006707171273244 0.020070 0.048776 0.713095 0.699081 
1006707190180015 0.020128 0.051055 0.712281 0.699746 
1006707209086786 0.019251 0.053150 0.711210 0.700703 
1006707227993609 0.017766 0.055094 0.709725 0.702096 
1006707246900380 0.017740 0.056218 0.707991 0.703757 
1006707265807151 0.019456 0.056328 0.706559 0.705140 
1006707284713921 0.020741 0.056082 0.705839 0.705844 
1006707303620692 0.020927 0.055494 0.705778 0.705946 
1006707322527515 0.020937 0.054329 0.705970 0.705844 
1006707341434286 0.021894 0.052786 0.705896 0.706006 
1006707360341057 0.023386 0.051304 0.705227 0.706737 
1006707379247828 0.024482 0.049800 0.704268 0.707762 
1006707398154651 0.024823 0.048204 0.703499 0.708624 
1006707417061421 0.024596 0.046464 0.703059 0.709186 
1006707435968192 0.023718 0.044433 0.702763 0.709638 
1006707454874963 0.022897 0.042077 0.702447 0.710122 
1006707473781786 0.022421 0.039581 0.701920 0.710801 
1006707492688557 0.022814 0.036759 0.701263 0.711589 
1006707511595328 0.023221 0.034668 0.700326 0.712603 
1006707530502098 0.022064 0.034606 0.699014 0.713930 
1006707549408869 0.019250 0.036418 0.697561 0.715340 
1006707568315692 0.015618 0.039378 0.695995 0.716796 
1006707587222463 0.013948 0.041429 0.694595 0.718072 
1006707606129234 0.014705 0.041601 0.693520 0.719085 
1006707625036005 0.015679 0.041248 0.692401 0.720162 
1006707643942828 0.016387 0.041408 0.691162 0.721327 
1006707662849598 0.015236 0.042253 0.690019 0.722397 
1006707681756369 0.012657 0.044152 0.689213 0.723102 
1006707700663192 0.010320 0.046067 0.688773 0.723438 
1006707719569963 0.008562 0.047676 0.688605 0.723517 
1006707738476734 0.006920 0.049050 0.688832 0.723226 
1006707757383505 0.006704 0.049641 0.689438 0.722611 
1006707776290328 0.007457 0.050072 0.690120 0.721922 
1006707795197098 0.006969 0.050783 0.690822 0.721205 
1006707814103869 0.005907 0.051434 0.691837 0.720195 
1006707833010640 0.005735 0.051269 0.693897 0.718224 
1006707851917463 0.006558 0.050289 0.697072 0.715205 
1006707870824234 0.007494 0.048392 0.700828 0.711647 
1006707889731005 0.008485 0.046155 0.704409 0.708241 
1006707908637776 0.010154 0.044565 0.707027 0.705708 
1006707927544598 0.012070 0.043528 0.708436 0.704328 
1006707946451369 0.014014 0.042197 0.708998 0.703807 
1006707965358140 0.014919 0.040238 0.709743 0.703152 
1006707984264963 0.014377 0.037236 0.711578 0.701473 
1006708003171734 0.013339 0.033067 0.714240 0.698992 
1006708022078505 0.011752 0.028677 0.716939 0.696446 
1006708040985328 0.010252 0.024591 0.719089 0.694407 
1006708059892098 0.009356 0.020858 0.720515 0.693063 
1006708078798869 0.009766 0.017233 0.721401 0.692235 
1006708097705640 0.010769 0.014377 0.721773 0.691897 
1006708116612463 0.011775 0.012672 0.721612 0.692082 
1006708135519234 0.011993 0.012256 0.721157 0.692559 
1006708154426005 0.010364 0.013289 0.720493 0.693257 
1006708173332828 0.007206 0.015237 0.719613 0.694171 
1006708192239598 0.004100 0.016712 0.718756 0.695050 
1006708211146369 0.002498 0.017024 0.718411 0.695406 
1006708230053140 0.002738 0.017015 0.718778 0.695026 
1006708248959963 0.004954 0.017239 0.719670 0.694085 
1006708267866734 0.008926 0.018023 0.720768 0.692885 
1006708286773505 0.012886 0.020029 0.721555 0.691947 
1006708305680328 0.015613 0.023319 0.722104 0.691216 
1006708324587098 0.016719 0.026980 0.722531 0.690610 
1006708343493869 0.016816 0.029683 0.722714 0.690305 
1006708362400692 0.016776 0.031339 0.722627 0.690323 
1006708381307463 0.016573 0.033081 0.722442 0.690441 
1006708400214234 0.015402 0.035115 0.722621 0.690180 
1006708419121005 0.012382 0.035568 0.723523 0.689272 
1006708438027828 0.009568 0.033770 0.724617 0.688257 
1006708456934598 0.008590 0.031940 0.725146 0.687801 
1006708475841369 0.008913 0.033208 0.725048 0.687839 
1006708494748192 0.009034 0.037594 0.724747 0.687929 
1006708513654963 0.007283 0.041878 0.724338 0.688134 
1006708532561734 0.004984 0.042828 0.723641 0.688828 
1006708551468557 0.003908 0.040649 0.722877 0.689769 
1006708570375328 0.003664 0.037341 0.722531 0.690319 
1006708589282098 0.004288 0.033341 0.722490 0.690564 
1006708608188921 0.004770 0.029724 0.722142 0.691090 
1006708627095692 0.005071 0.028481 0.721350 0.691967 
1006708646002463 0.005550 0.029977 0.720652 0.692626 
1006708664909234 0.005691 0.031557 0.720617 0.692592 
1006708683816057 0.005724 0.030829 0.721209 0.692007 
1006708702722828 0.006203 0.028137 0.722049 0.691242 
1006708721629598 0.006752 0.025659 0.723083 0.690252 
1006708740536421 0.006657 0.024643 0.724100 0.689223 
1006708759443192 0.005706 0.024910 0.724734 0.688555 
1006708778349963 0.004008 0.025594 0.724699 0.688579 
1006708797256786 0.003362 0.025707 0.723947 0.689368 
1006708816163557 0.004528 0.025184 0.722928 0.690450 
1006708835070328 0.005495 0.024832 0.722225 0.691190 
1006708853977151 0.005666 0.024902 0.721981 0.691441 
1006708872883921 0.005611 0.025438 0.721830 0.691580 
1006708891790692 0.006353 0.025511 0.721442 0.691976 
1006708910697515 0.007781 0.025535 0.720709 0.692723 
1006708929604286 0.009799 0.025384 0.719641 0.693813 
1006708948511057 0.011541 0.024555 0.718666 0.694826 
1006708967417880 0.012718 0.023031 0.718150 0.695391 
1006708986324651 0.014040 0.021345 0.717996 0.695578 
1006709005231421 0.014758 0.020266 0.717774 0.695825 
1006709024138244 0.015542 0.020244 0.717059 0.696545 
1006709043045015 0.017211 0.020722 0.715722 0.697866 
1006709061951786 0.019082 0.021422 0.713990 0.699568 
1006709080858609 0.021469 0.022025 0.712148 0.701355 
1006709099765380 0.023518 0.022603 0.710565 0.702875 
1006709118672151 0.024310 0.023448 0.709310 0.704087 
1006709137578973 0.024879 0.024777 0.708108 0.705231 
1006709156485744 0.025232 0.027483 0.706558 0.706671 
1006709175392515 0.024833 0.031775 0.704477 0.708580 
1006709194299338 0.024225 0.035967 0.702397 0.710463 
1006709213206109 0.024156 0.038330 0.700977 0.711743 
1006709232112880 0.024798 0.038682 0.700256 0.712411 
1006709251019703 0.028368 0.034254 0.700210 0.712550 
1006709269926473 0.037145 0.023681 0.700525 0.712267 
1006709288833244 0.043861 0.014851 0.700865 0.711789 
1006709307740067 0.045907 0.012562 0.702051 0.710535 
1006709326646838 0.043089 0.017916 0.703420 0.709241 
1006709345553609 0.038923 0.028132 0.704971 0.707608 
1006709364460432 0.038144 0.037210 0.706866 0.705337 
1006709383367203 0.039507 0.043494 0.708888 0.702869 
1006709402273973 0.040889 0.046171 0.710532 0.700957 
1006709421180796 0.043021 0.042649 0.711353 0.700219 
1006709440087567 0.045937 0.031875 0.710678 0.701293 
1006709458994338 0.047252 0.020452 0.708110 0.704222 
1006709477901161 0.046204 0.016070 0.703896 0.708616 
1006709496807932 0.045796 0.016405 0.699676 0.712803 
1006709515714703 0.046053 0.017995 0.696455 0.715895 
1006709534621526 0.045603 0.020982 0.694322 0.717911 
1006709553528296 0.043912 0.024823 0.693131 0.719044 
1006709572435067 0.041821 0.026809 0.693002 0.719222 
1006709591341890 0.040790 0.026223 0.693186 0.719126 
1006709610248661 0.040113 0.025725 0.692422 0.719918 
1006709629155484 0.039718 0.026721 0.690945 0.721320 
1006709648062255 0.039943 0.028515 0.689538 0.722585 
1006709666969026 0.040698 0.030151 0.688412 0.723549 
1006709685875848 0.042505 0.031124 0.687319 0.724443 
1006709704782619 0.044640 0.031545 0.686210 0.725347 
1006709723689390 0.045396 0.031297 0.685380 0.726095 
1006709742596213 0.044231 0.031140 0.684480 0.727022 
1006709761502984 0.043242 0.030953 0.683797 0.727732 
1006709780409755 0.043394 0.030499 0.683777 0.727761 
1006709799316578 0.044376 0.029841 0.684169 0.727360 
1006709818223348 0.045719 0.029178 0.684443 0.727046 
1006709837130119 0.046603 0.029071 0.684424 0.727013 
1006709856036942 0.047563 0.029098 0.684289 0.727076 
1006709874943713 0.048326 0.028257 0.684668 0.726702 
1006709893850484 0.048361 0.026349 0.685581 0.725910 
1006709912757307 0.047935 0.023751 0.686500 0.725160 
1006709931664078 0.047760 0.021705 0.687236 0.724537 
1006709950570901 0.048161 0.020807 0.688053 0.723762 
1006709969477671 0.048823 0.020464 0.689169 0.722664 
1006709988384442 0.049438 0.019373 0.690627 0.721259 
1006710007291265 0.050998 0.017241 0.691954 0.719932 
1006710026198036 0.053308 0.015897 0.692440 0.719328 
1006710045104807 0.055434 0.015985 0.692382 0.719221 
1006710064011630 0.057225 0.016712 0.692604 0.718851 
1006710082918401 0.058899 0.017999 0.693109 0.718197 
1006710101825223 0.061403 0.019002 0.693614 0.717473 
1006710120731994 0.063307 0.019411 0.693776 0.717140 
1006710139638765 0.062543 0.018386 0.693712 0.717296 
1006710158545588 0.059381 0.015886 0.693632 0.717702 
1006710177452359 0.055444 0.013789 0.693455 0.718231 
1006710196359130 0.052709 0.013602 0.693313 0.718577 
1006710215265953 0.051678 0.015932 0.693604 0.718324 
1006710234172723 0.051613 0.019277 0.694636 0.717248 
1006710253079494 0.051507 0.021312 0.696153 0.715726 
1006710271986317 0.051311 0.021743 0.697300 0.714610 
1006710290893088 0.051368 0.023755 0.697510 0.714337 
1006710309799911 0.052037 0.027936 0.697191 0.714449 
1006710328706682 0.053194 0.032680 0.697097 0.714254 
1006710347613453 0.055090 0.035460 0.697254 0.713824 
1006710366520276 0.056251 0.035746 0.697012 0.713956 
1006710385427046 0.056248 0.034877 0.696415 0.714581 
1006710404333817 0.055535 0.034709 0.695723 0.715318 
1006710423240640 0.055064 0.035275 0.695008 0.716022 
1006710442147411 0.054888 0.035968 0.694684 0.716315 
1006710461054234 0.055228 0.035493 0.694958 0.716047 
1006710479961005 0.055045 0.033747 0.695261 0.715851 
1006710498867776 0.053666 0.031660 0.695553 0.715768 
1006710517774598 0.051882 0.030458 0.695874 0.715640 
1006710536681369 0.050674 0.030563 0.696171 0.715432 
1006710555588140 0.049618 0.031468 0.696781 0.714873 
1006710574494963 0.047853 0.031702 0.698462 0.713341 
1006710593401734 0.045659 0.029517 0.700786 0.711297 
1006710612308505 0.045054 0.024778 0.702734 0.709592 
1006710631215328 0.046723 0.019934 0.703408 0.708968 
1006710650122098 0.048721 0.017792 0.703674 0.708627 
1006710669028921 0.049885 0.017512 0.704287 0.707944 
1006710687935692 0.049539 0.015589 0.705252 0.707052 
1006710706842463 0.050048 0.014139 0.705425 0.706874 
1006710725749286 0.052188 0.014312 0.704033 0.708103 
1006710744656057 0.055145 0.016428 0.702269 0.709583 
1006710763562828 0.057625 0.018773 0.701396 0.710191 
1006710782469651 0.058011 0.020386 0.701246 0.710263 
1006710801376421 0.056971 0.020784 0.701639 0.709947 
1006710820283244 0.055868 0.020635 0.702171 0.709513 
1006710839190015 0.055445 0.020820 0.702261 0.709452 
1006710858096786 0.055709 0.021339 0.701886 0.709786 
1006710877003609 0.056226 0.021512 0.701330 0.710290 
1006710895910380 0.056128 0.021476 0.700750 0.710871 
1006710914817151 0.055409 0.021160 0.700378 0.711304 
1006710933723973 0.054718 0.020252 0.700123 0.711635 
1006710952630744 0.054959 0.018837 0.699346 0.712418 
1006710971537567 0.056266 0.016769 0.697905 0.713779 
1006710990444338 0.057312 0.014782 0.695859 0.715736 
1006711009351109 0.057582 0.013742 0.693593 0.717930 
1006711028257932 0.057249 0.013547 0.691715 0.719771 
1006711047164703 0.056681 0.013264 0.690423 0.721060 
1006711066071473 0.056358 0.012486 0.689453 0.722027 
1006711084978296 0.056816 0.011670 0.688469 0.722943 
1006711103885067 0.057644 0.010234 0.687578 0.723747 
1006711122791890 0.058090 0.008966 0.686565 0.724689 
1006711141698661 0.057891 0.009203 0.685237 0.725957 
1006711160605432 0.057418 0.010266 0.684177 0.726980 
1006711179512255 0.056643 0.010934 0.683697 0.727482 
1006711198419026 0.055469 0.011081 0.683524 0.727733 
1006711217325796 0.054556 0.009562 0.683459 0.727885 
1006711236232619 0.053779 0.008036 0.682757 0.728620 
1006711255139390 0.052821 0.008578 0.681249 0.730094 
1006711274046213 0.051174 0.009940 0.679951 0.731402 
1006711292952984 0.049045 0.011155 0.679136 0.732287 
1006711311859755 0.047116 0.011881 0.678498 0.732994 
1006711330766578 0.045569 0.012439 0.677648 0.733868 
1006711349673348 0.044209 0.013074 0.676698 0.734816 
1006711368580119 0.042889 0.014482 0.675813 0.735682 
1006711387486942 0.041777 0.015762 0.675278 0.736211 
1006711406393713 0.041553 0.015175 0.675067 0.736429 
1006711425300536 0.042246 0.013017 0.674515 0.736937 
1006711444207307 0.042494 0.011621 0.673369 0.737993 
1006711463114078 0.042078 0.012248 0.672281 0.738998 
1006711482020901 0.041799 0.013204 0.672094 0.739167 
1006711500927671 0.041424 0.013837 0.672293 0.738995 
1006711519834494 0.041319 0.014226 0.672354 0.738938 
1006711538741265 0.041802 0.015297 0.672303 0.738936 
1006711557648036 0.042170 0.016780 0.672544 0.738664 
1006711576554859 0.041774 0.017135 0.673335 0.737957 
1006711595461630 0.040922 0.016640 0.674089 0.737328 
1006711614368453 0.039928 0.016546 0.674329 0.737165 
1006711633275223 0.038783 0.016646 0.674451 0.737112 
1006711652181994 0.037752 0.016787 0.674717 0.736919 
1006711671088817 0.037220 0.016218 0.675152 0.736561 
1006711689995588 0.037245 0.015233 0.675484 0.736276 
1006711708902411 0.037381 0.014282 0.675616 0.736167 
1006711727809182 0.036911 0.013882 0.675773 0.736054 
1006711746715953 0.035785 0.013974 0.676216 0.735701 
1006711765622776 0.034826 0.013802 0.676891 0.735130 
1006711784529546 0.034745 0.013950 0.677267 0.734784 
1006711803436369 0.034953 0.015013 0.677411 0.734620 
1006711822343140 0.034438 0.016147 0.677852 0.734214 
1006711841249911 0.033435 0.016311 0.678855 0.733330 
1006711860156734 0.032892 0.016309 0.679798 0.732479 
1006711879063505 0.032554 0.017621 0.680338 0.731963 
1006711897970328 0.031107 0.018930 0.681202 0.731189 
1006711916877098 0.028448 0.018212 0.682892 0.729738 
1006711935783869 0.026515 0.015391 0.684545 0.728325 
1006711954690692 0.027040 0.012687 0.685021 0.727910 
1006711973597463 0.028747 0.012589 0.684453 0.728381 
1006711992504286 0.029912 0.014150 0.684166 0.728575 
1006712011411057 0.029953 0.015489 0.685052 0.727713 
1006712030317828 0.029672 0.013141 0.686979 0.725952 
1006712049224651 0.027976 0.008029 0.688513 0.724639 
1006712068131421 0.025582 0.004949 0.688878 0.724409 
1006712087038244 0.026637 0.002278 0.688973 0.724294 
1006712105945015 0.029869 0.000607 0.688839 0.724298 
1006712124851838 0.034277 -0.000569 0.689657 0.723324 
1006712143758609 0.039120 -0.001903 0.692349 0.720499 
1006712162665380 0.044647 -0.002201 0.696620 0.716047 
1006712181572203 0.049878 -0.000832 0.701174 0.711243 
1006712200478973 0.052509 0.002525 0.704607 0.707648 
1006712219385744 0.052306 0.007059 0.706036 0.706206 
1006712238292567 0.050357 0.011831 0.706065 0.706255 
1006712257199338 0.046929 0.016940 0.705410 0.707041 
1006712276106161 0.043800 0.021347 0.704744 0.707786 
1006712295012932 0.042237 0.024125 0.704893 0.707644 
1006712313919703 0.040650 0.025790 0.705788 0.706786 
1006712332826526 0.038104 0.026247 0.707093 0.705605 
1006712351733296 0.034819 0.025693 0.708489 0.704394 
1006712370640119 0.031651 0.024764 0.709473 0.703586 
1006712389546890 0.029257 0.024263 0.709823 0.703354 
1006712408453661 0.027653 0.024624 0.709385 0.703848 
1006712427360484 0.026681 0.025214 0.708223 0.705034 
1006712446267255 0.025978 0.025730 0.706905 0.706362 
1006712465174078 0.024064 0.026127 0.706134 0.707187 
1006712484080848 0.020880 0.025872 0.706177 0.707254 
1006712502987619 0.017641 0.025005 0.706394 0.707157 
1006712521894442 0.015052 0.023959 0.705946 0.707700 
1006712540801213 0.014166 0.023297 0.704767 0.708914 
1006712559708036 0.014749 0.023570 0.703222 0.710426 
1006712578614807 0.015343 0.024331 0.702039 0.711558 
1006712597521630 0.016178 0.024607 0.701450 0.712110 
1006712616428401 0.017718 0.024173 0.700958 0.712573 
1006712635335171 0.019053 0.023705 0.700263 0.713237 
1006712654241994 0.019234 0.023695 0.699499 0.713981 
1006712673148765 0.018635 0.023435 0.699091 0.714405 
1006712692055588 0.018285 0.022407 0.699202 0.714339 
1006712710962359 0.018054 0.021189 0.699599 0.713993 
1006712729869130 0.017349 0.020400 0.700033 0.713608 
1006712748775953 0.016307 0.019895 0.700384 0.713302 
1006712767682723 0.015800 0.019309 0.700500 0.713216 
1006712786589546 0.015741 0.019158 0.700305 0.713413 
1006712805496317 0.015453 0.019712 0.700089 0.713616 
1006712824403140 0.015040 0.020516 0.700174 0.713519 
1006712843309911 0.015210 0.021232 0.700478 0.713196 
1006712862216682 0.015889 0.021713 0.700782 0.712867 
1006712881123505 0.016927 0.021647 0.701057 0.712576 
1006712900030276 0.018201 0.021231 0.701351 0.712267 
1006712918937098 0.019425 0.020851 0.701589 0.712012 
1006712937843869 0.020446 0.020528 0.701734 0.711849 
1006712956750692 0.020487 0.020176 0.701903 0.711692 
1006712975657463 0.020158 0.019196 0.702312 0.711325 
1006712994564234 0.019770 0.017774 0.702749 0.710941 
1006713013471057 0.019943 0.016544 0.702865 0.710851 
1006713032377828 0.020039 0.016102 0.702637 0.711084 
1006713051284651 0.019562 0.016386 0.702208 0.711515 
1006713070191421 0.019204 0.016944 0.701686 0.712026 
1006713089098244 0.019204 0.017447 0.700959 0.712729 
1006713108005015 0.018795 0.018005 0.700145 0.713526 
1006713126911786 0.017777 0.018083 0.699571 0.714113 
1006713145818609 0.016891 0.017136 0.699483 0.714244 
1006713164725380 0.016659 0.015848 0.699756 0.714012 
1006713183632203 0.016773 0.015072 0.699981 0.713806 
1006713202538973 0.017084 0.014824 0.700073 0.713713 
1006713221445796 0.017098 0.015075 0.700094 0.713687 
1006713240352567 0.016364 0.015291 0.700095 0.713698 
1006713259259338 0.014567 0.014800 0.700098 0.713745 
1006713278166161 0.012988 0.013220 0.700104 0.713800 
1006713297072932 0.012840 0.011358 0.700005 0.713932 
1006713315979755 0.014013 0.010292 0.699502 0.714420 
1006713334886526 0.015622 0.010214 0.698682 0.715189 
1006713353793348 0.016902 0.010297 0.697747 0.716071 
1006713372700119 0.017928 0.009891 0.696790 0.716983 
1006713391606890 0.018773 0.009660 0.695864 0.717864 
1006713410513713 0.019049 0.010172 0.695034 0.718652 
1006713429420484 0.018751 0.011033 0.694371 0.719288 
1006713448327307 0.017770 0.011676 0.693876 0.719781 
1006713467234078 0.016347 0.011866 0.693418 0.720252 
1006713486140901 0.014953 0.011563 0.692872 0.720813 
1006713505047671 0.014152 0.011045 0.692083 0.721595 
1006713523954494 0.014236 0.010516 0.691027 0.722612 
1006713542861265 0.014759 0.010119 0.689895 0.723688 
1006713561768036 0.015162 0.009918 0.688881 0.724648 
1006713580674859 0.015311 0.009891 0.687971 0.725509 
1006713599581630 0.015387 0.009898 0.687116 0.726318 
1006713618488453 0.015141 0.009818 0.686288 0.727106 
1006713637395223 0.014547 0.009577 0.685435 0.727926 
1006713656302046 0.014703 0.008984 0.684586 0.728729 
1006713675208817 0.015381 0.008925 0.683814 0.729439 
1006713694115588 0.015957 0.009976 0.683031 0.730146 
1006713713022411 0.016503 0.011511 0.682255 0.730838 
1006713731929182 0.016861 0.012817 0.681557 0.731459 
1006713750836005 0.016464 0.013652 0.680853 0.732108 
1006713769742776 0.016268 0.013921 0.680204 0.732710 
1006713788649598 0.016897 0.013899 0.679902 0.732977 
1006713807556369 0.017379 0.014312 0.679976 0.732889 
1006713826463192 0.017328 0.015157 0.680196 0.732668 
1006713845369963 0.017112 0.015670 0.680473 0.732405 
1006713864276734 0.016442 0.015510 0.680870 0.732055 
1006713883183557 0.015856 0.014570 0.681336 0.731654 
1006713902090328 0.016239 0.013393 0.681765 0.731269 
1006713920997151 0.016948 0.013014 0.682089 0.730957 
1006713939903921 0.017272 0.013515 0.682409 0.730641 
1006713958810744 0.017342 0.014086 0.682814 0.730251 
1006713977717515 0.017830 0.013948 0.683212 0.729870 
1006713996624338 0.018355 0.013597 0.683659 0.729444 
1006714015531109 0.018246 0.013468 0.684243 0.728902 
1006714034437880 0.016858 0.013417 0.685107 0.728124 
1006714053344703 0.014927 0.013091 0.686020 0.727312 
1006714072251473 0.013294 0.012772 0.686742 0.726668 
1006714091158296 0.012474 0.012573 0.687398 0.726065 
1006714110065067 0.011679 0.012562 0.688140 0.725376 
1006714128971890 0.010683 0.012501 0.688948 0.724624 
1006714147878661 0.010203 0.012063 0.689836 0.723793 
1006714166785484 0.010217 0.011246 0.690779 0.722906 
1006714185692255 0.009871 0.010539 0.691766 0.721977 
1006714204599026 0.009079 0.009932 0.692800 0.721004 
1006714223505848 0.008644 0.008904 0.693936 0.719929 
1006714242412619 0.008365 0.007673 0.695172 0.718754 
1006714261319442 0.008328 0.006603 0.696308 0.717664 
1006714280226213 0.008902 0.005975 0.697169 0.716827 
1006714299133036 0.009638 0.006091 0.697804 0.716198 
1006714318039807 0.009522 0.006892 0.698382 0.715629 
1006714336946578 0.008335 0.007600 0.699177 0.714860 
1006714355853401 0.006632 0.007515 0.700333 0.713746 
1006714374760171 0.005231 0.006799 0.701532 0.712586 
1006714393666994 0.004170 0.006677 0.702408 0.711731 
1006714412573765 0.003268 0.007825 0.702747 0.711389 
1006714431480588 0.003433 0.009690 0.702679 0.711433 
1006714450387359 0.004735 0.011841 0.702490 0.711579 
1006714469294182 0.006018 0.014074 0.702532 0.711488 
1006714488200953 0.007036 0.016083 0.703001 0.710973 
1006714507107723 0.007497 0.017612 0.703815 0.710126 
1006714526014546 0.007034 0.018551 0.704736 0.709192 
1006714544921317 0.006510 0.018669 0.705589 0.708346 
1006714563828140 0.006773 0.018108 0.706460 0.707489 
1006714582734911 0.007635 0.017398 0.707462 0.706496 
1006714601641734 0.007900 0.016858 0.708624 0.705341 
1006714620548505 0.006898 0.016417 0.710033 0.703943 
1006714639455276 0.004971 0.017051 0.711584 0.702376 
1006714658362098 0.003228 0.020924 0.713237 0.700603 
1006714677268869 0.002342 0.028151 0.715290 0.698257 
1006714696175692 0.001247 0.035342 0.718161 0.694978 
1006714715082463 -0.000523 0.039480 0.721399 0.691393 
1006714733989286 -0.001475 0.040641 0.723895 0.688710 
1006714752896057 -0.000820 0.041686 0.724916 0.687574 
1006714771802880 0.001055 0.041402 0.724616 0.687908 
1006714790709651 0.002800 0.038928 0.723510 0.689210 
1006714809616421 0.003454 0.035514 0.722076 0.690893 
1006714828523244 0.003316 0.034621 0.720799 0.692271 
1006714847430015 0.003617 0.037091 0.720242 0.692722 
1006714866336838 0.004978 0.040340 0.720496 0.692267 
1006714885243609 0.007233 0.041682 0.721128 0.691509 
1006714904150432 0.009137 0.040621 0.721397 0.691269 
1006714923057203 0.009683 0.038343 0.721005 0.691801 
1006714941963973 0.008950 0.036509 0.720362 0.692578 
1006714960870796 0.008105 0.035643 0.720141 0.692864 
1006714979777567 0.007858 0.035172 0.720394 0.692628 
1006714998684390 0.008074 0.034281 0.720681 0.692371 
1006715017591161 0.007937 0.032826 0.720558 0.692572 
1006715036497984 0.007231 0.031614 0.719909 0.693311 
1006715055404755 0.006684 0.031110 0.719033 0.694247 
1006715074311526 0.006283 0.031157 0.718236 0.695074 
1006715093218348 0.005929 0.030988 0.717535 0.695808 
1006715112125119 0.005268 0.030692 0.716796 0.696587 
1006715131031942 0.004689 0.030489 0.716194 0.697219 
1006715149938713 0.004690 0.030232 0.715814 0.697620 
1006715168845536 0.005492 0.029661 0.715400 0.698063 
1006715187752307 0.006274 0.029201 0.714772 0.698719 
1006715206659130 0.006889 0.029152 0.713777 0.699732 
1006715225565901 0.007869 0.029409 0.712570 0.700940 
1006715244472671 0.009508 0.029466 0.711507 0.701997 
1006715263379494 0.010660 0.029506 0.710663 0.702833 
1006715282286265 0.010509 0.029692 0.710006 0.703491 
1006715301193088 0.009785 0.029343 0.709597 0.703928 
1006715320099859 0.009818 0.028158 0.709163 0.704413 
1006715339006682 0.010655 0.026725 0.708280 0.705345 
1006715357913453 0.011088 0.025726 0.706961 0.706697 
1006715376820276 0.010897 0.025438 0.705543 0.708127 
1006715395727046 0.010912 0.025634 0.704223 0.709432 
1006715414633817 0.011009 0.025839 0.703033 0.710602 
1006715433540640 0.010621 0.025516 0.702003 0.711637 
1006715452447411 0.009724 0.024703 0.701036 0.712632 
1006715471354234 0.008181 0.024034 0.699969 0.713722 
1006715490261005 0.006658 0.023305 0.698800 0.714907 
1006715509167828 0.005700 0.022616 0.697507 0.716198 
1006715528074598 0.004648 0.023156 0.696148 0.717510 
1006715546981421 0.004089 0.024895 0.695016 0.718552 
1006715565888192 0.003995 0.026470 0.694203 0.719281 
1006715584795015 0.003818 0.027169 0.693539 0.719896 
1006715603701786 0.003575 0.027273 0.692869 0.720538 
1006715622608609 0.003272 0.027363 0.692381 0.721006 
1006715641515380 0.002734 0.027786 0.692186 0.721179 
1006715660422203 0.002603 0.028112 0.692275 0.721081 
1006715679328973 0.003032 0.028093 0.692602 0.720766 
1006715698235796 0.003225 0.027915 0.692960 0.720428 
1006715717142567 0.002917 0.027493 0.693228 0.720188 
1006715736049390 0.002633 0.026652 0.693509 0.719950 
1006715754956161 0.002776 0.025727 0.693748 0.719753 
1006715773862984 0.003374 0.025402 0.693836 0.719677 
1006715792769755 0.003854 0.025763 0.693925 0.719576 
1006715811676578 0.003741 0.026092 0.694240 0.719261 
1006715830583348 0.002999 0.025748 0.694583 0.718945 
1006715849490171 0.002006 0.024843 0.694741 0.718828 
1006715868396994 0.001339 0.023815 0.694773 0.718834 
1006715887303765 0.001087 0.023339 0.694970 0.718659 
1006715906210588 0.000635 0.023781 0.695428 0.718202 
1006715925117359 -0.000227 0.024491 0.695984 0.717640 
1006715944024182 -0.001170 0.024804 0.696359 0.717264 
1006715962930953 -0.001880 0.024936 0.696387 0.717231 
1006715981837776 -0.001407 0.024833 0.696353 0.717268 
1006716000744546 -0.000124 0.024681 0.696748 0.716891 
1006716019651369 0.001081 0.025064 0.697489 0.716156 
1006716038558140 0.001087 0.025780 0.698257 0.715382 
1006716057464963 -0.000065 0.025801 0.699036 0.714621 
1006716076371786 -0.000296 0.024771 0.699885 0.713825 
1006716095278557 0.000813 0.023607 0.700774 0.712992 
1006716114185380 0.001916 0.023384 0.701577 0.712207 
1006716133092151 0.002199 0.023893 0.702052 0.711721 
1006716151998973 0.001695 0.024183 0.702288 0.711480 
1006716170905744 0.001916 0.023886 0.702610 0.711172 
1006716189812567 0.003047 0.023837 0.702906 0.710877 
1006716208719390 0.004772 0.023801 0.703084 0.710692 
1006716227626161 0.006033 0.023391 0.703221 0.710561 
1006716246532984 0.006381 0.022977 0.703367 0.710427 
1006716265439755 0.006896 0.022766 0.703495 0.710302 
1006716284346578 0.008073 0.022794 0.703476 0.710308 
1006716303253401 0.009132 0.023199 0.703228 0.710527 
1006716322160171 0.010361 0.023450 0.702788 0.710938 
1006716341066994 0.011658 0.023523 0.702387 0.711311 
1006716359973765 0.011814 0.023709 0.702312 0.711376 
1006716378880588 0.010744 0.023852 0.702545 0.711158 
1006716397787411 0.009783 0.023516 0.702916 0.710816 
1006716416694182 0.009432 0.022535 0.703347 0.710427 
1006716435601005 0.009549 0.020899 0.703739 0.710087 
1006716454507828 0.009540 0.019163 0.703903 0.709973 
1006716473414598 0.009537 0.017609 0.703790 0.710126 
1006716492321421 0.010285 0.015439 0.703557 0.710396 
1006716511228192 0.011592 0.008953 0.703361 0.710682 
1006716530135015 0.014341 0.000452 0.702305 0.711732 
1006716549041838 0.017469 -0.006634 0.699681 0.714211 
1006716567948609 0.021255 -0.008284 0.696270 0.717418 
1006716586855432 0.024778 -0.004238 0.692929 0.720568 
1006716605762255 0.026994 0.001504 0.690341 0.722979 
1006716624669026 0.027789 0.005275 0.689084 0.724129 
1006716643575848 0.028613 0.005821 0.689270 0.723916 
1006716662482671 0.029669 0.004842 0.690288 0.722910 
1006716681389442 0.030458 0.004153 0.691172 0.722036 
1006716700296265 0.030672 0.004034 0.691299 0.721906 
1006716719203088 0.030779 0.004022 0.690836 0.722345 
1006716738109859 0.031111 0.003823 0.690642 0.722517 
1006716757016682 0.031788 0.002981 0.691240 0.721919 
1006716775923505 0.033154 0.001630 0.692539 0.720617 
1006716794830276 0.034509 0.000833 0.694031 0.719117 
1006716813737098 0.035175 0.000850 0.695042 0.718108 
1006716832643921 0.035170 0.001335 0.695184 0.717970 
1006716851550692 0.034646 0.002181 0.694521 0.718634 
1006716870457515 0.034478 0.003261 0.693601 0.719526 
1006716889364286 0.035156 0.004522 0.693053 0.720015 
1006716908271109 0.036065 0.006280 0.693050 0.719959 
1006716927177932 0.036346 0.008780 0.693159 0.719815 
1006716946084755 0.035876 0.011040 0.693054 0.719907 
1006716964991526 0.035014 0.011958 0.692768 0.720211 
1006716983898348 0.034454 0.011712 0.692515 0.720485 
1006717002805171 0.034663 0.011191 0.692666 0.720338 
1006717021711942 0.034781 0.011600 0.693093 0.719915 
1006717040618765 0.033821 0.013020 0.693508 0.719537 
1006717059525588 0.032306 0.014681 0.693893 0.719204 
1006717078432359 0.031277 0.016187 0.694380 0.718747 
1006717097339182 0.031843 0.017697 0.695014 0.718072 
1006717116246005 0.033104 0.019556 0.695823 0.717183 
1006717135152828 0.033522 0.022037 0.696735 0.716206 
1006717154059598 0.033279 0.024515 0.697657 0.715239 
1006717172966421 0.032303 0.026399 0.698565 0.714329 
1006717191873244 0.031071 0.027466 0.699225 0.713698 
1006717210780015 0.030321 0.027502 0.699488 0.713471 
1006717229686838 0.029852 0.026811 0.699591 0.713416 
1006717248593661 0.029257 0.026190 0.699821 0.713238 
1006717267500432 0.029023 0.026362 0.700305 0.712767 
1006717286407255 0.028325 0.027437 0.700892 0.712177 
1006717305314078 0.027378 0.028271 0.701315 0.711764 
1006717324220901 0.027048 0.028365 0.701402 0.711687 
1006717343127671 0.027185 0.028316 0.701221 0.711863 
1006717362034494 0.027896 0.028092 0.701126 0.711938 
1006717380941317 0.028799 0.027569 0.701217 0.711833 
1006717399848140 0.029906 0.027004 0.701457 0.711572 
1006717418754911 0.030886 0.026435 0.701676 0.711335 
1006717437661734 0.031460 0.025823 0.701807 0.711204 
1006717456568557 0.031487 0.025164 0.701688 0.711343 
1006717475475328 0.031893 0.024331 0.701256 0.711780 
1006717494382151 0.033444 0.023690 0.700727 0.712251 
1006717513288973 0.035161 0.024125 0.700153 0.712718 
1006717532195796 0.036103 0.025563 0.699364 0.713396 
1006717551102567 0.036528 0.026898 0.698257 0.714408 
1006717570009390 0.036892 0.027677 0.696974 0.715612 
1006717588916213 0.037025 0.029101 0.695590 0.716894 
1006717607823036 0.039477 0.028362 0.694418 0.717928 
1006717626729859 0.041670 0.028094 0.694957 0.717293 
1006717645636630 0.042645 0.028648 0.697105 0.715126 
1006717664543453 0.041876 0.030246 0.699896 0.712375 
1006717683450276 0.040609 0.031903 0.702758 0.709552 
1006717702357098 0.039851 0.032545 0.704797 0.707541 
1006717721263921 0.039481 0.032415 0.705660 0.706707 
1006717740170692 0.039090 0.031857 0.705925 0.706490 
1006717759077515 0.038249 0.031456 0.706275 0.706203 
1006717777984338 0.037353 0.031287 0.706980 0.705553 
1006717796891161 0.035850 0.031454 0.707692 0.704910 
1006717815797984 0.033660 0.032203 0.707858 0.704817 
1006717834704755 0.032309 0.033160 0.707427 0.705269 
1006717853611578 0.032586 0.034244 0.706661 0.705972 
1006717872518401 0.033366 0.035475 0.705963 0.706572 
1006717891425223 0.031892 0.037571 0.706119 0.706376 
1006717910332046 0.029135 0.039876 0.706424 0.706064 
1006717929238869 0.026701 0.041905 0.706089 0.706378 
1006717948145640 0.024990 0.043563 0.705314 0.707114 
1006717967052463 0.024832 0.043823 0.704117 0.708295 
1006717985959286 0.024714 0.043436 0.702613 0.709815 
1006718004866109 0.023585 0.043543 0.700822 0.711616 
1006718023772932 0.023087 0.044303 0.699081 0.713295 
1006718042679755 0.023298 0.046213 0.697734 0.714485 
1006718061586526 0.022927 0.049758 0.696854 0.715118 
1006718080493348 0.020752 0.052792 0.696609 0.715206 
1006718099400171 0.015928 0.054960 0.695708 0.716042 
1006718118306994 0.012591 0.055738 0.694473 0.717246 
1006718137213817 0.012714 0.056442 0.692552 0.719044 
1006718156120640 0.014963 0.058304 0.689905 0.721393 
1006718175027411 0.016956 0.060672 0.687730 0.723228 
1006718193934234 0.019036 0.062815 0.686634 0.724034 
1006718212841057 0.021742 0.064884 0.685938 0.724435 
1006718231747880 0.023775 0.066246 0.685752 0.724424 
1006718250654703 0.025072 0.067583 0.685785 0.724226 
1006718269561526 0.027384 0.069989 0.685501 0.724182 
1006718288468348 0.030182 0.073513 0.684793 0.724392 
1006718307375171 0.031928 0.076216 0.683988 0.724798 
1006718326281994 0.032324 0.076483 0.684239 0.724515 
1006718345188765 0.032465 0.075154 0.684895 0.724028 
1006718364095588 0.032643 0.073569 0.685274 0.723824 
1006718383002411 0.032377 0.072571 0.685376 0.723840 
1006718401909234 0.032239 0.071559 0.685586 0.723749 
1006718420816057 0.032804 0.070466 0.685860 0.723570 
1006718439722880 0.032896 0.069434 0.685841 0.723685 
1006718458629703 0.031276 0.068178 0.685860 0.723858 
1006718477536526 0.029258 0.066980 0.686000 0.723921 
1006718496443348 0.027874 0.066337 0.685646 0.724370 
1006718515350171 0.026768 0.065884 0.684851 0.725205 
1006718534256942 0.026682 0.065274 0.684212 0.725866 
1006718553163765 0.027424 0.064966 0.684119 0.725954 
1006718572070588 0.027798 0.064497 0.684372 0.725743 
1006718590977411 0.027816 0.063613 0.684396 0.725797 
1006718609884234 0.027377 0.063786 0.684206 0.725978 
1006718628791057 0.027354 0.065237 0.684167 0.725886 
1006718647697880 0.027776 0.066333 0.684226 0.725715 
1006718666604703 0.028153 0.065871 0.684993 0.725019 
1006718685511526 0.028439 0.064213 0.686096 0.724114 
1006718704418348 0.028342 0.062950 0.686811 0.723550 
1006718723325171 0.028371 0.062518 0.687500 0.722932 
1006718742231994 0.028885 0.062728 0.688577 0.721867 
1006718761138817 0.029522 0.062762 0.689896 0.720578 
1006718780045640 0.030109 0.061465 0.691320 0.719300 
1006718798952411 0.030643 0.059131 0.692634 0.718208 
1006718817859234 0.031084 0.057226 0.693507 0.717501 
1006718836766057 0.031373 0.056393 0.694244 0.716841 
1006718855672880 0.031340 0.056196 0.695031 0.716095 
1006718874579703 0.031610 0.055039 0.695916 0.715313 
1006718893486526 0.031921 0.052708 0.696703 0.714708 
1006718912393348 0.031153 0.051214 0.697054 0.714509 
1006718931300171 0.030159 0.051321 0.697305 0.714298 
1006718950206994 0.029513 0.052207 0.697996 0.713586 
1006718969113817 0.029327 0.051846 0.699288 0.712354 
1006718988020640 0.029618 0.049718 0.700204 0.711594 
1006719006927463 0.029555 0.047066 0.700661 0.711327 
1006719025834286 0.028628 0.044750 0.701084 0.711097 
1006719044741109 0.026944 0.045212 0.701441 0.710781 
1006719063647932 0.023595 0.047447 0.701893 0.710309 
1006719082554755 0.019976 0.050555 0.702879 0.709229 
1006719101461578 0.018464 0.051595 0.704141 0.707943 
1006719120368401 0.019780 0.049681 0.704910 0.707278 
1006719139275223 0.020937 0.047787 0.704931 0.707355 
1006719158182046 0.021282 0.046935 0.704866 0.707466 
1006719177088869 0.021719 0.047195 0.704985 0.707317 
1006719195995692 0.023578 0.047414 0.705327 0.706902 
1006719214902515 0.027327 0.045863 0.705716 0.706481 
1006719233809338 0.031528 0.043913 0.705439 0.706706 
1006719252716161 0.034495 0.043153 0.705084 0.706968 
1006719271622984 0.035167 0.044193 0.705215 0.706741 
1006719290529807 0.033668 0.044247 0.705745 0.706281 
1006719309436630 0.031112 0.040861 0.706249 0.706098 
1006719328343453 0.026866 0.034848 0.706382 0.706461 
1006719347250276 0.022636 0.029526 0.705676 0.707558 
1006719366157098 0.021432 0.025708 0.703562 0.709845 
1006719385063921 0.023150 0.026272 0.700781 0.712517 
1006719403970744 0.028493 0.029765 0.697799 0.715107 
1006719422877567 0.035898 0.033566 0.694767 0.717554 
1006719441784390 0.041295 0.036756 0.692192 0.719593 
1006719460691213 0.041893 0.039959 0.690557 0.720957 
1006719479598036 0.038488 0.043678 0.690538 0.720949 
1006719498504859 0.033712 0.047983 0.692068 0.719446 
1006719517411682 0.029970 0.052030 0.694701 0.716788 
1006719536318505 0.028314 0.055047 0.698095 0.713325 
1006719555225328 0.028427 0.057824 0.702218 0.709041 
1006719574132151 0.030587 0.059977 0.707047 0.703954 
1006719593038973 0.034745 0.060778 0.712010 0.698671 
1006719611945796 0.039606 0.060819 0.716542 0.693758 
1006719630852619 0.044148 0.060397 0.720787 0.689107 
1006719649759442 0.047464 0.061017 0.724380 0.685053 
1006719668666265 0.049671 0.063281 0.727446 0.681433 
1006719687573140 0.051434 0.065884 0.730050 0.678263 
1006719706479963 0.052962 0.066747 0.731946 0.676014 
1006719725386786 0.053593 0.064969 0.733087 0.674901 
1006719744293609 0.052813 0.061066 0.733398 0.674988 
1006719763200432 0.051221 0.056943 0.733218 0.675666 
1006719782107255 0.050656 0.053354 0.732957 0.676285 
1006719801014078 0.052278 0.050550 0.732553 0.676815 
1006719819920901 0.055808 0.048266 0.731780 0.677536 
1006719838827723 0.060093 0.046027 0.730454 0.678754 
1006719857734546 0.062728 0.044699 0.728798 0.680383 
1006719876641369 0.062218 0.045346 0.727821 0.681432 
1006719895548192 0.060283 0.046911 0.727815 0.681507 
1006719914455015 0.058103 0.048543 0.728189 0.681182 
1006719933361890 0.055882 0.049661 0.728775 0.680660 
1006719952268713 0.053396 0.050037 0.729328 0.680240 
1006719971175536 0.050473 0.049875 0.729738 0.680035 
1006719990082359 0.048216 0.049431 0.730288 0.679641 
1006720008989182 0.047269 0.049482 0.731181 0.678743 
1006720027896005 0.047313 0.050349 0.732370 0.677392 
1006720046802828 0.047677 0.051543 0.733674 0.675864 
1006720065709651 0.047965 0.052302 0.734940 0.674408 
1006720084616473 0.048238 0.052212 0.735878 0.673372 
1006720103523296 0.048736 0.051492 0.736475 0.672739 
1006720122430171 0.049249 0.050690 0.736703 0.672513 
1006720141336994 0.048768 0.050338 0.736604 0.672683 
1006720160243817 0.046756 0.050514 0.736247 0.673204 
1006720179150640 0.043725 0.050992 0.735553 0.674129 
1006720198057463 0.040583 0.051549 0.734840 0.675060 
1006720216964286 0.037927 0.051725 0.733917 0.676204 
1006720235871109 0.035967 0.051128 0.732352 0.678050 
1006720254777984 0.034402 0.049736 0.730172 0.680582 
1006720273684807 0.033308 0.047915 0.727760 0.683345 
1006720292591630 0.032708 0.046577 0.725363 0.686009 
1006720311498453 0.032032 0.046739 0.723261 0.688246 
1006720330405276 0.031442 0.047908 0.721684 0.689846 
1006720349312098 0.031641 0.049040 0.720342 0.691160 
1006720368218921 0.032414 0.049500 0.718960 0.692529 
1006720387125796 0.032907 0.048752 0.717453 0.694119 
1006720406032619 0.032433 0.046985 0.715817 0.695950 
1006720424939442 0.030333 0.045720 0.714329 0.697656 
1006720443846265 0.027388 0.045240 0.713508 0.698649 
1006720462753088 0.024952 0.045210 0.713355 0.698898 
1006720481659911 0.024017 0.045188 0.713450 0.698835 
1006720500566786 0.024589 0.044628 0.713467 0.698833 
1006720519473609 0.025521 0.043851 0.713165 0.699158 
1006720538380432 0.026209 0.043087 0.712635 0.699720 
1006720557287255 0.026599 0.042178 0.711855 0.700554 
1006720576194078 0.026806 0.040706 0.710932 0.701569 
1006720595100901 0.027004 0.038789 0.709802 0.702814 
1006720614007776 0.026860 0.036912 0.708556 0.704177 
1006720632914598 0.026831 0.035422 0.707467 0.705348 
1006720651821421 0.026937 0.034426 0.706503 0.706358 
1006720670728244 0.027165 0.033459 0.705721 0.707178 
1006720689635067 0.028251 0.032262 0.705189 0.707721 
1006720708541942 0.029731 0.031792 0.704792 0.708077 
1006720727448765 0.030294 0.032610 0.704533 0.708274 
1006720746355588 0.028970 0.034309 0.704527 0.708255 
1006720765262411 0.026585 0.035516 0.705047 0.707771 
1006720784169286 0.024411 0.036016 0.705846 0.707028 
1006720803076109 0.023157 0.036407 0.706661 0.706235 
1006720821982932 0.022784 0.036848 0.707537 0.705347 
1006720840889755 0.022241 0.037795 0.708280 0.704569 
1006720859796578 0.020180 0.038586 0.708932 0.703931 
1006720878703453 0.016886 0.038610 0.709700 0.703243 
1006720897610276 0.013617 0.037832 0.710688 0.702358 
1006720916517098 0.010723 0.037138 0.711738 0.701381 
1006720935423921 0.007905 0.036260 0.712822 0.700363 
1006720954330796 0.005225 0.034770 0.713838 0.699427 
1006720973237619 0.003323 0.032678 0.714506 0.698858 
1006720992144442 0.003710 0.029952 0.714799 0.698678 
1006721011051265 0.005890 0.027639 0.714580 0.698982 
1006721029958140 0.008173 0.026615 0.713999 0.699593 
1006721048864963 0.009670 0.026384 0.713348 0.700247 
1006721067771786 0.010758 0.026175 0.712645 0.700953 
1006721086678609 0.012389 0.025656 0.711908 0.701695 
1006721105585484 0.014609 0.025271 0.711298 0.702284 
1006721124492307 0.016868 0.025435 0.711049 0.702480 
1006721143399130 0.018489 0.025994 0.711373 0.702090 
1006721162305953 0.020362 0.025809 0.712308 0.701097 
1006721181212828 0.023186 0.025110 0.713301 0.700024 
1006721200119651 0.026579 0.024598 0.714175 0.699029 
1006721219026473 0.029557 0.024808 0.715204 0.697849 
1006721237933348 0.031626 0.025672 0.716391 0.696508 
1006721256840171 0.033219 0.026704 0.717467 0.695287 
1006721275746994 0.035227 0.027009 0.718261 0.694356 
1006721294653817 0.037766 0.026269 0.718667 0.693831 
1006721313560692 0.039911 0.025094 0.718626 0.693797 
1006721332467515 0.040938 0.023774 0.718496 0.693919 
1006721351374338 0.040423 0.022072 0.718724 0.693768 
1006721370281213 0.038361 0.020100 0.719416 0.693228 
1006721389188036 0.035543 0.018308 0.720511 0.692290 
1006721408094859 0.033092 0.016882 0.721829 0.691074 
1006721427001734 0.031450 0.015851 0.723012 0.689937 
1006721445908557 0.030235 0.015243 0.723852 0.689124 
1006721464815380 0.029392 0.014501 0.724254 0.688754 
1006721483722255 0.029270 0.012771 0.724066 0.688991 
1006721502629078 0.030107 0.009708 0.723062 0.690059 
1006721521535901 0.031200 0.006311 0.721148 0.692050 
1006721540442776 0.031815 0.003930 0.718523 0.694764 
1006721559349598 0.031570 0.003335 0.715569 0.697821 
1006721578256421 0.031132 0.003981 0.712791 0.700674 
1006721597163296 0.031487 0.004874 0.710407 0.703070 
1006721616070119 0.031856 0.006698 0.708223 0.705238 
1006721634976942 0.031742 0.009729 0.706497 0.706937 
1006721653883817 0.030859 0.013844 0.705538 0.707864 
1006721672790640 0.029858 0.018066 0.705319 0.708030 
1006721691697463 0.029361 0.021540 0.705608 0.707666 
1006721710604338 0.029017 0.024458 0.706311 0.706884 
1006721729511161 0.029405 0.026323 0.707450 0.705661 
1006721748417984 0.030354 0.027021 0.708758 0.704280 
1006721767324859 0.030836 0.027265 0.710011 0.702987 
1006721786231682 0.030967 0.027174 0.711313 0.701667 
1006721805138557 0.031345 0.026560 0.712771 0.700192 
1006721824045380 0.032197 0.025173 0.714142 0.698807 
1006721842952203 0.033160 0.023200 0.715213 0.697734 
1006721861859078 0.033769 0.021130 0.715912 0.697054 
1006721880765901 0.033813 0.019315 0.716292 0.696713 
1006721899672776 0.033602 0.017128 0.716509 0.696558 
1006721918579598 0.033883 0.014278 0.716365 0.696756 
1006721937486421 0.034496 0.011254 0.715547 0.697621 
1006721956393296 0.034667 0.008785 0.714219 0.699008 
1006721975300119 0.034227 0.007190 0.712679 0.700618 
1006721994206942 0.033639 0.006390 0.711024 0.702333 
1006722013113817 0.033545 0.005829 0.709367 0.704017 
1006722032020640 0.033418 0.005853 0.707658 0.705740 
1006722050927515 0.032647 0.006671 0.705934 0.707493 
1006722069834338 0.032092 0.007224 0.704507 0.708935 
1006722088741213 0.032477 0.006753 0.703143 0.710274 
1006722107648036 0.033128 0.005477 0.701503 0.711875 
1006722126554859 0.033485 0.004207 0.699390 0.713943 
1006722145461734 0.033195 0.003143 0.696893 0.716400 
1006722164368557 0.032369 0.002557 0.694126 0.719121 
1006722183275380 0.031638 0.002799 0.691327 0.721844 
1006722202182255 0.031841 0.003867 0.688702 0.724335 
1006722221089078 0.033050 0.005540 0.686326 0.726522 
1006722239995953 0.034586 0.007661 0.684102 0.728526 
1006722258902776 0.035948 0.009624 0.682032 0.730375 
1006722277809651 0.036446 0.011389 0.680151 0.732077 
1006722296716473 0.035974 0.013100 0.678664 0.733450 
1006722315623348 0.035069 0.014535 0.677737 0.734323 
1006722334530171 0.034515 0.014853 0.677208 0.734831 
1006722353436994 0.034334 0.014269 0.676688 0.735330 
1006722372343869 0.033955 0.013705 0.676056 0.735940 
1006722391250692 0.033082 0.013619 0.675621 0.736381 
1006722410157567 0.032070 0.013797 0.675486 0.736546 
1006722429064390 0.031299 0.014154 0.675501 0.736558 
1006722447971265 0.030569 0.014324 0.675571 0.736521 
1006722466878088 0.030052 0.013730 0.675742 0.736397 
1006722485784911 0.029482 0.013122 0.675823 0.736357 
1006722504691786 0.028252 0.013269 0.675943 0.736293 
1006722523598609 0.027015 0.013822 0.676428 0.735884 
1006722542505484 0.026404 0.014334 0.677234 0.735154 
1006722561412307 0.026641 0.014704 0.678119 0.734322 
1006722580319182 0.027121 0.014869 0.678865 0.733611 
1006722599226005 0.027102 0.014651 0.679534 0.732997 
1006722618132880 0.026366 0.014266 0.680255 0.732362 
1006722637039703 0.024962 0.013963 0.681160 0.731575 
1006722655946578 0.023243 0.014076 0.682187 0.730672 
1006722674853401 0.021734 0.014576 0.683234 0.729731 
1006722693760223 0.021102 0.015508 0.684169 0.728853 
1006722712667098 0.021530 0.016827 0.684912 0.728113 
1006722731573973 0.022867 0.018088 0.685453 0.727533 
1006722750480796 0.024560 0.019264 0.685772 0.727147 
1006722769387619 0.025359 0.020332 0.685945 0.726927 
1006722788294494 0.025189 0.020793 0.686259 0.726624 
1006722807201317 0.024824 0.020745 0.686741 0.726182 
1006722826108192 0.024926 0.020253 0.687159 0.725797 
1006722845015015 0.025543 0.019585 0.687305 0.725655 
1006722863921890 0.026538 0.018491 0.687163 0.725783 
1006722882828713 0.027533 0.017119 0.686740 0.726180 
1006722901735588 0.027862 0.016471 0.686140 0.726750 
1006722920642411 0.027452 0.017165 0.685764 0.727103 
1006722939549286 0.026853 0.019613 0.685786 0.727043 
1006722958456109 0.026808 0.023023 0.686210 0.726545 
1006722977362984 0.027040 0.026800 0.686990 0.725669 
1006722996269807 0.026678 0.031105 0.688064 0.724492 
1006723015176682 0.025055 0.036116 0.689683 0.722777 
1006723034083505 0.022449 0.041061 0.692038 0.720343 
1006723052990380 0.019510 0.044500 0.694879 0.717483 
1006723071897203 0.017264 0.044789 0.697597 0.714881 
1006723090804078 0.015191 0.042600 0.699621 0.713081 
1006723109710901 0.012376 0.039354 0.701104 0.711864 
1006723128617776 0.009708 0.036252 0.702468 0.710725 
1006723147524598 0.007620 0.034850 0.703627 0.709673 
1006723166431473 0.006769 0.035360 0.704669 0.708622 
1006723185338296 0.007626 0.037276 0.705655 0.707533 
1006723204245171 0.009212 0.038951 0.706616 0.706464 
1006723223152046 0.010707 0.039745 0.707411 0.705603 
1006723242058869 0.010779 0.039673 0.708074 0.704941 
1006723260965692 0.009428 0.038869 0.708914 0.704160 
1006723279872567 0.007801 0.037303 0.709978 0.703192 
1006723298779442 0.007133 0.034859 0.710991 0.702301 
1006723317686265 0.007389 0.032229 0.711509 0.701899 
1006723336593140 0.007665 0.030203 0.711655 0.701837 
1006723355499963 0.007878 0.028824 0.711615 0.701934 
1006723374406838 0.007976 0.027504 0.711492 0.702110 
1006723393313661 0.008787 0.025685 0.711139 0.702527 
1006723412220536 0.010280 0.023635 0.710408 0.703318 
1006723431127359 0.012139 0.021577 0.709293 0.704478 
1006723450034234 0.013844 0.019732 0.707870 0.705931 
1006723468941057 0.015172 0.018432 0.706301 0.707509 
1006723487847932 0.016939 0.017781 0.704807 0.708974 
1006723506754807 0.020307 0.017390 0.703229 0.710460 
1006723525661630 0.024195 0.017239 0.701633 0.711919 
1006723544568505 0.026961 0.017091 0.700097 0.713334 
1006723563475328 0.028112 0.016233 0.698775 0.714605 
1006723582382203 0.027477 0.014707 0.697699 0.715713 
1006723601289026 0.025830 0.013082 0.696971 0.716515 
1006723620195901 0.024410 0.011784 0.696786 0.716767 
1006723639102723 0.023194 0.011491 0.697039 0.716566 
1006723658009598 0.022468 0.012195 0.697831 0.715806 
1006723676916473 0.022748 0.013515 0.698978 0.714654 
1006723695823296 0.023976 0.015117 0.700007 0.713573 
1006723714730171 0.024945 0.016491 0.700821 0.712710 
1006723733636994 0.025332 0.016711 0.701545 0.711979 
1006723752543869 0.024720 0.016412 0.702117 0.711443 
1006723771450744 0.023481 0.016463 0.702623 0.710984 
1006723790357567 0.022624 0.016700 0.703290 0.710346 
1006723809264442 0.022655 0.017005 0.703993 0.709642 
1006723828171265 0.022771 0.017302 0.704701 0.708927 
1006723847078140 0.022453 0.017527 0.705609 0.708029 
1006723865984963 0.022013 0.017447 0.706780 0.706876 
1006723884891838 0.022723 0.016638 0.707940 0.705711 
1006723903798661 0.024834 0.014761 0.708792 0.704826 
1006723922705536 0.026918 0.012276 0.709287 0.704298 
1006723941612411 0.028218 0.009315 0.709572 0.704006 
1006723960519234 0.029145 0.006967 0.709525 0.704043 
1006723979426109 0.029817 0.005437 0.709424 0.704130 
1006723998332932 0.030573 0.004428 0.709584 0.703943 
1006724017239807 0.031820 0.003435 0.709973 0.703502 
1006724036146682 0.033225 0.002433 0.710340 0.703069 
1006724055053505 0.033616 0.001901 0.710697 0.702692 
1006724073960380 0.033118 0.001562 0.711326 0.702080 
1006724092867203 0.032557 0.001365 0.712153 0.701268 
1006724111774078 0.032550 0.000999 0.712970 0.700438 
1006724130680953 0.032753 0.000622 0.713675 0.699711 
1006724149587776 0.032764 0.000663 0.714094 0.699283 
1006724168494651 0.032095 0.001180 0.714265 0.699138 
1006724187401473 0.031207 0.002220 0.714370 0.699068 
1006724206308348 0.030555 0.003933 0.714415 0.699043 
1006724225215223 0.030511 0.005801 0.714432 0.699015 
1006724244122046 0.030676 0.007374 0.714525 0.698898 
1006724263028921 0.030646 0.008185 0.714608 0.698806 
1006724281935744 0.030203 0.008408 0.714516 0.698916 
1006724300842619 0.029671 0.008026 0.714571 0.698887 
1006724319749494 0.029284 0.007038 0.714904 0.698573 
1006724338656317 0.029013 0.005566 0.715167 0.698329 
1006724357563192 0.028435 0.004484 0.715115 0.698414 
1006724376470015 0.027213 0.003798 0.714997 0.698588 
1006724395376890 0.025638 0.003509 0.714897 0.698751 
1006724414283765 0.024617 0.003505 0.714674 0.699015 
1006724433190588 0.025090 0.003724 0.714312 0.699367 
1006724452097463 0.027270 0.004195 0.713707 0.699901 
1006724471004338 0.030558 0.004805 0.712825 0.700659 
1006724489911161 0.032897 0.005604 0.711785 0.701605 
1006724508818036 0.033674 0.006666 0.710894 0.702460 
1006724527724859 0.034576 0.007329 0.710332 0.702979 
1006724546631734 0.036310 0.007412 0.710172 0.703052 
1006724565538609 0.038040 0.007136 0.710278 0.702856 
1006724584445432 0.039068 0.006778 0.710573 0.702505 
1006724603352307 0.039680 0.006003 0.711162 0.701881 
1006724622259182 0.041118 0.004180 0.712089 0.700872 
1006724641166005 0.043501 0.001876 0.712908 0.699904 
1006724660072880 0.045626 0.000111 0.713455 0.699215 
1006724678979755 0.045664 -0.000586 0.713866 0.698791 
1006724697886578 0.044270 -0.000130 0.714238 0.698502 
1006724716793453 0.042580 0.000972 0.714466 0.698373 
1006724735700328 0.041125 0.002608 0.714600 0.698319 
1006724754607151 0.040156 0.004479 0.714825 0.698135 
1006724773514026 0.039523 0.006280 0.714936 0.698044 
1006724792420901 0.038947 0.007606 0.714647 0.698358 
1006724811327723 0.038390 0.008239 0.713970 0.699074 
1006724830234598 0.038349 0.008097 0.713016 0.700052 
1006724849141473 0.039208 0.006997 0.711815 0.701237 
1006724868048296 0.040605 0.005239 0.709996 0.703015 
1006724886955171 0.041362 0.003673 0.707577 0.705415 
1006724905862046 0.041437 0.003097 0.705029 0.707960 
1006724924768869 0.041123 0.003597 0.702863 0.710126 
1006724943675744 0.041034 0.004403 0.701407 0.711565 
1006724962582619 0.041273 0.005179 0.700315 0.712621 
1006724981489494 0.041274 0.005529 0.699322 0.713592 
1006725000396317 0.040683 0.005202 0.698432 0.714500 
1006725019303192 0.039214 0.004806 0.697754 0.715247 
1006725038210067 0.037616 0.004756 0.697467 0.715613 
1006725057116942 0.036578 0.004940 0.697608 0.715528 
1006725076023765 0.036396 0.005333 0.697901 0.715249 
1006725094930640 0.036866 0.005949 0.698115 0.715011 
1006725113837515 0.036896 0.006188 0.698304 0.714823 
1006725132744390 0.036243 0.005823 0.698588 0.714582 
1006725151651213 0.035322 0.004676 0.698910 0.714322 
1006725170558088 0.034074 0.003598 0.699022 0.714279 
1006725189464963 0.032503 0.002921 0.698961 0.714415 
1006725208371838 0.031361 0.001955 0.698874 0.714554 
1006725227278661 0.030789 0.000835 0.698530 0.714917 
1006725246185536 0.030445 -0.000311 0.697930 0.715519 
1006725265092411 0.030646 -0.001648 0.697165 0.716253 
1006725283999286 0.031054 -0.003259 0.696024 0.717340 
1006725302906161 0.031115 -0.004662 0.694335 0.718964 
1006725321812984 0.030208 -0.005613 0.692269 0.720985 
1006725340719859 0.028634 -0.005950 0.690224 0.723005 
1006725359626734 0.027239 -0.005742 0.688498 0.724704 
1006725378533609 0.026586 -0.004895 0.687081 0.726078 
1006725397440484 0.026683 -0.003640 0.685919 0.727179 
1006725416347307 0.026589 -0.002254 0.685042 0.728015 
1006725435254182 0.025931 -0.001082 0.684559 0.728495 
1006725454161057 0.024845 -0.000144 0.684534 0.728557 
1006725473067932 0.023984 0.000520 0.684862 0.728278 
1006725491974807 0.024103 0.000762 0.685426 0.727743 
1006725510881630 0.024905 0.001174 0.685983 0.727190 
1006725529788505 0.025112 0.001684 0.686711 0.726494 
1006725548695380 0.024866 0.001791 0.687712 0.725555 
1006725567602255 0.024788 0.001134 0.688823 0.724505 
1006725586509130 0.025642 -0.000153 0.689831 0.723516 
1006725605416005 0.027441 -0.001832 0.690589 0.722724 
1006725624322880 0.029390 -0.003327 0.691078 0.722175 
1006725643229703 0.030511 -0.003941 0.691567 0.721657 
1006725662136578 0.030642 -0.003288 0.692489 0.720770 
1006725681043453 0.030877 -0.001635 0.694041 0.719271 
1006725699950328 0.032311 0.000060 0.696013 0.717302 
1006725718857203 0.034530 0.001055 0.698051 0.715214 
1006725737764078 0.036099 0.000951 0.700096 0.713135 
1006725756670953 0.036498 -0.000161 0.702168 0.711076 
1006725775577776 0.035513 -0.001368 0.704248 0.709064 
1006725794484651 0.034261 -0.002283 0.706370 0.707009 
1006725813391526 0.034378 -0.002562 0.708198 0.705172 
1006725832298401 0.035660 -0.001813 0.709328 0.703973 
1006725851205276 0.037766 -0.000853 0.709932 0.703256 
1006725870112151 0.039240 0.000327 0.710059 0.703048 
1006725889019026 0.038682 0.002044 0.710044 0.703091 
1006725907925901 0.037111 0.004069 0.710294 0.702915 
1006725926832776 0.036200 0.005783 0.710685 0.702555 
1006725945739598 0.036725 0.007241 0.710969 0.702226 
1006725964646473 0.037912 0.008694 0.711228 0.701885 
1006725983553348 0.039163 0.009742 0.711796 0.701226 
1006726002460223 0.040209 0.010778 0.712458 0.700479 
1006726021367098 0.041109 0.011321 0.713193 0.699669 
1006726040273973 0.042760 0.010979 0.713814 0.698942 
1006726059180848 0.044728 0.010740 0.713835 0.698801 
1006726078087723 0.045804 0.010076 0.713891 0.698685 
1006726096994598 0.045481 0.009088 0.714128 0.698477 
1006726115901473 0.043766 0.008768 0.714103 0.698616 
1006726134808296 0.042064 0.009093 0.714188 0.698630 
1006726153715171 0.040917 0.010227 0.714473 0.698391 
1006726172622046 0.040344 0.010921 0.714769 0.698111 
1006726191528921 0.040636 0.011004 0.714607 0.698258 
1006726210435796 0.040733 0.010622 0.713940 0.698940 
1006726229342671 0.040367 0.009808 0.713301 0.699625 
1006726248249546 0.039229 0.008500 0.712789 0.700229 
1006726267156421 0.038519 0.007321 0.712170 0.700912 
1006726286063296 0.038113 0.006701 0.711275 0.701848 
1006726304970171 0.037748 0.007057 0.710250 0.702901 
1006726323877046 0.037384 0.008382 0.709237 0.703928 
1006726342783921 0.036888 0.010101 0.708492 0.704682 
1006726361690796 0.036956 0.011678 0.707999 0.705150 
1006726380597671 0.037794 0.013252 0.707351 0.705727 
1006726399504546 0.038258 0.015005 0.706487 0.706532 
1006726418411421 0.038170 0.016463 0.705696 0.707294 
1006726437318296 0.037813 0.017320 0.704934 0.708052 
1006726456225119 0.037525 0.017530 0.704057 0.708934 
1006726475131994 0.037418 0.017625 0.703065 0.709922 
1006726494038869 0.037363 0.018061 0.702038 0.710929 
1006726512945796 0.036784 0.019206 0.700955 0.711998 
1006726531852619 0.035854 0.020326 0.699974 0.712978 
1006726550759494 0.035311 0.020861 0.699089 0.713857 
1006726569666369 0.035307 0.020253 0.698132 0.714811 
1006726588573244 0.035169 0.019537 0.696965 0.715976 
1006726607480119 0.034008 0.019678 0.695860 0.717102 
1006726626386994 0.032351 0.020733 0.695168 0.717820 
1006726645293869 0.030657 0.022416 0.694874 0.718128 
1006726664200744 0.029717 0.023768 0.694956 0.718045 
1006726683107619 0.029777 0.024778 0.695303 0.717672 
1006726702014494 0.030063 0.026080 0.695648 0.717279 
1006726720921369 0.030624 0.027679 0.696016 0.716839 
1006726739828244 0.030862 0.029045 0.696336 0.716463 
1006726758735119 0.030815 0.029427 0.696469 0.716321 
1006726777641994 0.030514 0.028844 0.696309 0.716513 
1006726796548869 0.029842 0.028047 0.695922 0.716949 
1006726815455744 0.029162 0.027791 0.695478 0.717418 
1006726834362619 0.029020 0.028257 0.694860 0.718004 
1006726853269494 0.029171 0.028908 0.694019 0.718784 
1006726872176369 0.028953 0.029514 0.693059 0.719695 
1006726891083244 0.028041 0.029647 0.692246 0.720507 
1006726909990119 0.027732 0.029853 0.691576 0.721154 
1006726928896994 0.031979 0.033148 0.690541 0.721825 
1006726947803869 0.035566 0.037702 0.689623 0.722311 
1006726966710744 0.034138 0.041901 0.688461 0.723257 
1006726985617619 0.029753 0.043424 0.687946 0.723851 
1006727004524494 0.026613 0.042301 0.688178 0.723819 
1006727023431369 0.024257 0.040062 0.688344 0.723871 
1006727042338244 0.021609 0.037657 0.688436 0.723997 
1006727061245119 0.019820 0.034700 0.688215 0.724405 
1006727080151994 0.019127 0.031664 0.687541 0.725202 
1006727099058869 0.019347 0.029578 0.686768 0.726017 
1006727117965744 0.020032 0.028934 0.686526 0.726254 
1006727136872619 0.020754 0.029540 0.687060 0.725703 
1006727155779494 0.021941 0.030548 0.688213 0.724533 
1006727174686369 0.023291 0.031185 0.689729 0.723021 
1006727193593244 0.023817 0.031797 0.691527 0.721258 
1006727212500119 0.024162 0.031691 0.693564 0.719292 
1006727231406994 0.024979 0.030220 0.695507 0.717448 
1006727250313869 0.025788 0.028202 0.697072 0.715982 
1006727269220744 0.025815 0.027162 0.698476 0.714652 
1006727288127619 0.025150 0.028014 0.699945 0.713204 
1006727307034494 0.024793 0.030814 0.701337 0.711732 
