# Created at Thu Jun 06 10:35:43 GMT+03:00 2024 in Burnaby Canada 
1006694919763192 -0.138866 1.257841 9.724657 
1006694938669494 -0.286351 1.253713 9.721965 
1006694957575848 -0.326214 1.241989 9.722213 
1006694976482203 -0.270749 1.192394 9.730122 
1006694995388557 -0.247502 1.078305 9.744043 
1006695014294911 -0.237751 0.924125 9.760116 
1006695033201213 -0.179996 0.770355 9.774689 
1006695052107567 -0.049059 0.644715 9.785312 
1006695071013921 0.104325 0.557588 9.790231 
1006695089920276 0.227770 0.518649 9.790277 
1006695108826630 0.316386 0.527484 9.787341 
1006695127732984 0.383974 0.564597 9.782851 
1006695146639338 0.414106 0.606303 9.779126 
1006695165545692 0.372705 0.639620 9.778668 
1006695184452046 0.284361 0.674276 9.779308 
1006695203358401 0.157664 0.710722 9.779592 
1006695222264755 0.008547 0.742798 9.778476 
1006695241171161 -0.121446 0.775400 9.775192 
1006695260077515 -0.199499 0.817084 9.770514 
1006695278983869 -0.186911 0.861609 9.766938 
1006695297890223 -0.132206 0.867330 9.767325 
1006695316796578 -0.134690 0.801037 9.772951 
1006695335702984 -0.191227 0.687169 9.780676 
1006695354609338 -0.224066 0.579805 9.786930 
1006695373515692 -0.250246 0.492996 9.791053 
1006695392422098 -0.288767 0.411885 9.793740 
1006695411328453 -0.305299 0.336075 9.796133 
1006695430234859 -0.298014 0.268623 9.798439 
1006695449141213 -0.262536 0.216315 9.800748 
1006695468047619 -0.199291 0.190708 9.802771 
1006695486953973 -0.131884 0.210997 9.803493 
1006695505860380 -0.022274 0.285357 9.802472 
1006695524766734 0.155952 0.376605 9.798175 
1006695543673140 0.306142 0.446117 9.791713 
1006695562579546 0.345318 0.497411 9.787938 
1006695581485901 0.324155 0.553749 9.785636 
1006695600392307 0.327489 0.617996 9.781677 
1006695619298713 0.370222 0.678247 9.776160 
1006695638205067 0.426093 0.724303 9.770578 
1006695657111473 0.445088 0.756423 9.767298 
1006695676017880 0.418595 0.787055 9.766049 
1006695694924286 0.369124 0.820350 9.765304 
1006695713830692 0.319506 0.843990 9.765039 
1006695732737098 0.286844 0.846370 9.765846 
1006695751643505 0.284278 0.835838 9.766829 
1006695770549911 0.311248 0.825319 9.766901 
1006695789456317 0.341029 0.813250 9.766919 
1006695808362723 0.367981 0.792151 9.767674 
1006695827269130 0.375543 0.761461 9.769827 
1006695846175536 0.349073 0.736654 9.772711 
1006695865081994 0.313426 0.726709 9.774663 
1006695883988401 0.293435 0.733121 9.774805 
1006695902894807 0.279423 0.754256 9.773607 
1006695921801213 0.243903 0.787805 9.771913 
1006695940707619 0.217041 0.837787 9.768388 
1006695959614078 0.224582 0.889647 9.763630 
1006695978520484 0.245939 0.910162 9.761225 
1006695997426942 0.261681 0.905446 9.761254 
1006696016333348 0.245866 0.845853 9.767009 
1006696035239755 0.213642 0.733607 9.776838 
1006696054146213 0.187354 0.580775 9.787644 
1006696073052619 0.190418 0.421065 9.795755 
1006696091959078 0.237347 0.301748 9.799133 
1006696110865536 0.401131 0.271513 9.794681 
1006696129771942 0.667994 0.321108 9.778603 
1006696148678401 0.926088 0.393086 9.754910 
1006696167584807 1.077052 0.444956 9.737163 
1006696186491265 1.136222 0.489580 9.728293 
1006696205397723 1.158135 0.546260 9.722691 
1006696224304182 1.154141 0.598155 9.720111 
1006696243210588 1.138913 0.616603 9.720755 
1006696262117046 1.102284 0.585381 9.726905 
1006696281023505 1.047801 0.519224 9.736679 
1006696299929963 0.996556 0.443242 9.745810 
1006696318836421 0.970530 0.369119 9.751524 
1006696337742880 0.972543 0.306467 9.753492 
1006696356649338 0.968182 0.271951 9.754951 
1006696375555796 0.960912 0.281601 9.755396 
1006696394462255 0.963881 0.332709 9.753493 
1006696413368713 0.969539 0.406571 9.750133 
1006696432275171 0.946718 0.478468 9.749111 
1006696451181630 0.891137 0.539421 9.751168 
1006696470088088 0.834737 0.581637 9.753733 
1006696488994546 0.797118 0.596130 9.756004 
1006696507901005 0.749157 0.587561 9.760324 
1006696526807463 0.691097 0.568610 9.765728 
1006696545713973 0.652797 0.546810 9.769608 
1006696564620432 0.633382 0.525286 9.772067 
1006696583526890 0.626458 0.502187 9.773727 
1006696602433348 0.630306 0.471741 9.774998 
1006696621339859 0.639276 0.437670 9.775999 
1006696640246317 0.650102 0.412136 9.776395 
1006696659152828 0.642614 0.405718 9.777159 
1006696678059286 0.609334 0.422534 9.778577 
1006696696965744 0.602622 0.460377 9.777285 
1006696715872255 0.655918 0.520233 9.770850 
1006696734778713 0.750784 0.585637 9.760315 
1006696753685223 0.795505 0.612746 9.755106 
1006696772591682 0.734318 0.581684 9.761804 
1006696791498192 0.635068 0.525616 9.771940 
1006696810404703 0.560246 0.492611 9.778233 
1006696829311161 0.541166 0.510355 9.778398 
1006696848217671 0.592764 0.555249 9.772958 
1006696867124130 0.666228 0.579300 9.766829 
1006696886030640 0.687352 0.558106 9.766599 
1006696904937151 0.640507 0.507736 9.772531 
1006696923843609 0.595172 0.462740 9.777629 
1006696942750119 0.582387 0.435934 9.779631 
1006696961656630 0.588263 0.425674 9.779731 
1006696980563140 0.600291 0.436728 9.778513 
1006696999469651 0.597927 0.475485 9.776849 
1006697018376161 0.572078 0.539841 9.775055 
1006697037282619 0.524831 0.619985 9.772951 
1006697056189130 0.484109 0.708102 9.769064 
1006697075095640 0.461821 0.799580 9.763083 
1006697094002151 0.438513 0.888890 9.756432 
1006697112908661 0.414385 0.967767 9.749979 
1006697131815171 0.400116 1.025393 9.744683 
1006697150721682 0.399600 1.058046 9.741215 
1006697169628192 0.418114 1.076848 9.738376 
1006697188534703 0.440039 1.089805 9.735969 
1006697207441213 0.446836 1.096506 9.734906 
1006697226347723 0.444362 1.089359 9.735822 
1006697245254286 0.444207 1.065114 9.738511 
1006697264160796 0.462621 1.028621 9.741576 
1006697283067307 0.507666 0.970381 9.745307 
1006697301973817 0.566200 0.902697 9.748587 
1006697320880328 0.614114 0.843745 9.750966 
1006697339786890 0.647062 0.812826 9.751462 
1006697358693401 0.661528 0.828796 9.749147 
1006697377599911 0.677075 0.895194 9.742207 
1006697396506473 0.703103 0.992047 9.730974 
1006697415412984 0.722192 1.088358 9.719275 
1006697434319494 0.708360 1.168523 9.710981 
1006697453226057 0.668396 1.236758 9.705363 
1006697472132567 0.618837 1.303384 9.699928 
1006697491039078 0.585907 1.360513 9.694127 
1006697509945640 0.580832 1.394011 9.689672 
1006697528852151 0.572271 1.401195 9.689146 
1006697547758713 0.527628 1.396912 9.692298 
1006697566665223 0.445263 1.399539 9.696052 
1006697585571786 0.329645 1.417892 9.698005 
1006697604478296 0.231903 1.461130 9.694417 
1006697623384859 0.209230 1.514714 9.686705 
1006697642291421 0.213887 1.572835 9.677336 
1006697661197932 0.195757 1.621830 9.669629 
1006697680104494 0.129215 1.659122 9.664420 
1006697699011057 0.053786 1.691703 9.659484 
1006697717917567 0.014621 1.719067 9.654791 
1006697736824130 0.017795 1.728323 9.653132 
1006697755730692 0.030610 1.707509 9.656804 
1006697774637255 0.030231 1.663875 9.664419 
1006697793543765 0.015525 1.612685 9.673128 
1006697812450328 -0.013508 1.561263 9.681563 
1006697831356890 -0.040949 1.509678 9.689664 
1006697850263453 -0.054712 1.454594 9.698019 
1006697869170015 -0.079522 1.401650 9.705639 
1006697888076578 -0.108464 1.352849 9.712283 
1006697906983140 -0.135448 1.307222 9.718190 
1006697925889703 -0.165009 1.264992 9.723320 
1006697944796265 -0.201351 1.226374 9.727582 
1006697963702828 -0.230922 1.194374 9.730906 
1006697982609390 -0.257818 1.170527 9.733129 
1006698001515953 -0.278671 1.153671 9.734566 
1006698020422515 -0.295856 1.143025 9.735314 
1006698039329078 -0.324995 1.135640 9.735250 
1006698058235640 -0.342462 1.124221 9.735976 
1006698077142203 -0.338857 1.116265 9.737019 
1006698096048765 -0.329704 1.120986 9.736790 
1006698114955328 -0.328253 1.135632 9.735142 
1006698133861890 -0.331374 1.161172 9.732021 
1006698152768505 -0.331612 1.194880 9.727933 
1006698171675067 -0.338777 1.223773 9.724093 
1006698190581630 -0.346198 1.241423 9.721595 
1006698209488192 -0.340394 1.250676 9.720613 
1006698228394807 -0.312320 1.259419 9.720428 
1006698247301369 -0.286413 1.273560 9.719382 
1006698266207932 -0.275090 1.307443 9.715209 
1006698285114546 -0.290656 1.364027 9.706973 
1006698304021109 -0.334943 1.436418 9.695097 
1006698322927671 -0.369679 1.520891 9.680941 
1006698341834286 -0.390040 1.601310 9.667164 
1006698360740848 -0.419210 1.655920 9.656737 
1006698379647463 -0.453940 1.683283 9.650435 
1006698398554026 -0.476477 1.693448 9.647569 
1006698417460640 -0.468111 1.689216 9.648721 
1006698436367203 -0.439749 1.660555 9.655027 
1006698455273817 -0.426786 1.603700 9.665215 
1006698474180380 -0.455831 1.524407 9.676714 
1006698493086994 -0.505697 1.450326 9.685619 
1006698511993557 -0.544338 1.404748 9.690242 
1006698530900171 -0.578305 1.386081 9.690961 
1006698549806786 -0.615964 1.382151 9.689201 
1006698568713348 -0.654270 1.383639 9.686478 
1006698587619963 -0.679041 1.386120 9.684419 
1006698606526578 -0.671516 1.390229 9.684355 
1006698625433140 -0.654321 1.389589 9.685623 
1006698644339755 -0.651093 1.379335 9.687305 
1006698663246369 -0.658749 1.356872 9.689960 
1006698682152932 -0.652032 1.334268 9.693553 
1006698701059546 -0.631384 1.328516 9.695709 
1006698719966161 -0.607194 1.342030 9.695394 
1006698738872776 -0.596096 1.358882 9.693735 
1006698757779390 -0.604875 1.362505 9.692682 
1006698776685953 -0.611847 1.344112 9.694813 
1006698795592567 -0.608440 1.318493 9.698545 
1006698814499182 -0.591916 1.307313 9.701079 
1006698833405796 -0.560530 1.303573 9.703448 
1006698852312411 -0.541365 1.287415 9.706692 
1006698871219026 -0.590550 1.256724 9.707846 
1006698890125640 -0.727449 1.221991 9.702987 
1006698909032255 -0.922303 1.207980 9.688165 
1006698927938869 -1.112551 1.227298 9.665730 
1006698946845484 -1.218365 1.274847 9.646800 
1006698965752098 -1.205388 1.324712 9.641710 
1006698984658713 -1.149208 1.354606 9.644415 
1006699003565328 -1.114281 1.359702 9.647797 
1006699022471942 -1.106331 1.341460 9.651264 
1006699041378557 -1.088169 1.301085 9.658854 
1006699060285171 -1.023713 1.236054 9.674429 
1006699079191786 -0.936906 1.141252 9.694852 
1006699098098401 -0.856925 1.024969 9.715220 
1006699117005067 -0.796326 0.909814 9.731829 
1006699135911682 -0.755824 0.818079 9.743196 
1006699154818296 -0.731356 0.755606 9.750106 
1006699173724911 -0.690065 0.713279 9.756303 
1006699192631578 -0.652609 0.681021 9.761184 
1006699211538192 -0.637162 0.664136 9.763367 
1006699230444807 -0.636341 0.662862 9.763507 
1006699249351421 -0.633887 0.667188 9.763372 
1006699268258088 -0.620222 0.659951 9.764741 
1006699287164703 -0.604039 0.634765 9.767426 
1006699306071317 -0.581519 0.602840 9.770814 
1006699324977984 -0.523926 0.572488 9.775896 
1006699343884598 -0.425257 0.521486 9.783537 
1006699362791213 -0.325617 0.422916 9.792114 
1006699381697880 -0.241010 0.282799 9.799608 
1006699400604494 -0.183020 0.136489 9.803993 
1006699419511161 -0.125235 0.027469 9.805813 
1006699438417776 -0.052744 -0.022860 9.806481 
1006699457324442 0.019981 -0.025270 9.806598 
1006699476231057 0.060923 -0.009399 9.806456 
1006699495137723 0.050655 0.011085 9.806513 
1006699514044338 0.070981 0.048345 9.806274 
1006699532951005 0.253055 0.084721 9.803019 
1006699551857619 0.508754 0.066671 9.793219 
1006699570764286 0.695874 -0.030100 9.781884 
1006699589670901 0.830177 -0.180794 9.769775 
1006699608577567 0.912404 -0.338589 9.758241 
1006699627484234 0.955865 -0.453696 9.749404 
1006699646390848 1.019228 -0.508453 9.740279 
1006699665297515 1.111519 -0.526030 9.729245 
1006699684204130 1.211605 -0.542285 9.716395 
1006699703110796 1.271283 -0.553937 9.708109 
1006699722017463 1.308499 -0.522600 9.704902 
1006699740924130 1.395145 -0.443437 9.696769 
1006699759830744 1.517442 -0.357852 9.681927 
1006699778737411 1.617365 -0.284705 9.668167 
1006699797644078 1.636552 -0.231990 9.666348 
1006699816550744 1.596795 -0.177274 9.674150 
1006699835457359 1.534096 -0.119477 9.685177 
1006699854364026 1.488841 -0.074684 9.692686 
1006699873270692 1.440374 -0.038102 9.700220 
1006699892177359 1.348929 0.021397 9.713408 
1006699911084026 1.257623 0.117920 9.724960 
1006699929990692 1.175736 0.240546 9.732943 
1006699948897359 1.131075 0.355562 9.734713 
1006699967803973 1.131938 0.445778 9.730898 
1006699986710640 1.160795 0.520509 9.723786 
1006700005617307 1.197017 0.590939 9.715365 
1006700024523973 1.204946 0.651089 9.710540 
1006700043430640 1.145451 0.693486 9.714805 
1006700062337307 1.029751 0.729573 9.725108 
1006700081243973 0.928991 0.756184 9.733218 
1006700100150640 0.875085 0.779465 9.736378 
1006700119057307 0.854896 0.809423 9.735727 
1006700137963973 0.841132 0.837613 9.734541 
1006700156870640 0.802249 0.865308 9.735401 
1006700175777307 0.735315 0.899044 9.737629 
1006700194683973 0.661883 0.937831 9.739239 
1006700213590692 0.618350 0.969688 9.738980 
1006700232497359 0.616475 0.982391 9.737825 
1006700251404026 0.634011 0.961877 9.738748 
1006700270310692 0.632665 0.913773 9.743467 
1006700289217359 0.596496 0.869948 9.749759 
1006700308124026 0.541645 0.859538 9.753881 
1006700327030692 0.510836 0.885331 9.753237 
1006700345937411 0.514388 0.914932 9.750319 
1006700364844078 0.519157 0.917690 9.749806 
1006700383750744 0.507151 0.906395 9.751493 
1006700402657411 0.486612 0.896035 9.753497 
1006700421564130 0.464773 0.881061 9.755927 
1006700440470796 0.463725 0.866955 9.757239 
1006700459377463 0.476075 0.855069 9.757694 
1006700478284130 0.487992 0.840605 9.758362 
1006700497190848 0.498107 0.824236 9.759247 
1006700516097515 0.501560 0.815010 9.759845 
1006700535004182 0.488171 0.816197 9.760425 
1006700553910901 0.472517 0.828637 9.760148 
1006700572817567 0.457956 0.840988 9.759786 
1006700591724234 0.443748 0.850615 9.759606 
1006700610630953 0.406569 0.859086 9.760486 
1006700629537619 0.338985 0.860656 9.762927 
1006700648444286 0.271903 0.844678 9.766420 
1006700667351005 0.238391 0.800571 9.771010 
1006700686257671 0.241690 0.742855 9.775487 
1006700705164390 0.230049 0.716123 9.777762 
1006700724071057 0.245267 0.738187 9.775751 
1006700742977776 0.259055 0.772033 9.772781 
1006700761884442 0.330358 0.798448 9.768507 
1006700780791161 0.427389 0.785320 9.765807 
1006700799697828 0.493928 0.740720 9.766154 
1006700818604546 0.449822 0.667073 9.773589 
1006700837511213 0.273990 0.580616 9.785612 
1006700856417932 0.106903 0.505215 9.793044 
1006700875324598 0.069321 0.443424 9.796374 
1006700894231317 0.113110 0.380376 9.798616 
1006700913137984 0.141338 0.310389 9.800717 
1006700932044703 0.157797 0.256501 9.802024 
1006700950951421 0.225351 0.244797 9.801004 
1006700969858088 0.347682 0.272800 9.796687 
1006700988764807 0.438153 0.324069 9.791496 
1006701007671473 0.509159 0.401376 9.785194 
1006701026578192 0.617120 0.530338 9.772834 
1006701045484911 0.728682 0.705286 9.754075 
1006701064391578 0.780600 0.910978 9.732994 
1006701083298296 0.643281 1.119145 9.721321 
1006701102205015 0.379768 1.279593 9.715390 
1006701121111682 0.134496 1.393870 9.706154 
1006701140018401 0.011063 1.477469 9.694707 
1006701158925119 0.012928 1.521478 9.687895 
1006701177831838 0.067037 1.553504 9.682589 
1006701196738505 0.173437 1.592782 9.674883 
1006701215645223 0.388303 1.656825 9.657875 
1006701234551942 0.636323 1.744349 9.629264 
1006701253458661 0.812715 1.837369 9.598643 
1006701272365328 0.848983 1.931169 9.577066 
1006701291272046 0.759609 2.027695 9.564614 
1006701310178765 0.630471 2.127631 9.552281 
1006701329085484 0.552545 2.204253 9.539725 
1006701347992151 0.522503 2.201102 9.542145 
1006701366898869 0.502193 2.128170 9.559764 
1006701385805588 0.440104 2.048677 9.580169 
1006701404712307 0.347029 2.002273 9.593793 
1006701423619026 0.286484 1.982566 9.599883 
1006701442525744 0.279659 1.975708 9.601498 
1006701461432463 0.271781 1.956067 9.605744 
1006701480339130 0.226880 1.902113 9.617739 
1006701499245901 0.134744 1.831730 9.633120 
1006701518152567 0.004139 1.766636 9.646210 
1006701537059286 -0.118996 1.711902 9.655342 
1006701555966005 -0.187866 1.664106 9.662601 
1006701574872723 -0.206149 1.625835 9.668741 
1006701593779442 -0.178093 1.600710 9.673489 
1006701612686161 -0.099626 1.577665 9.678400 
1006701631592880 -0.028589 1.541144 9.684753 
1006701650499598 -0.023581 1.490687 9.692661 
1006701669406317 -0.074730 1.448172 9.698845 
1006701688313036 -0.097656 1.428707 9.701528 
1006701707219755 -0.067259 1.429496 9.701671 
1006701726126473 -0.056783 1.440481 9.700111 
1006701745033192 -0.126965 1.453724 9.697472 
1006701763939911 -0.242528 1.478283 9.691555 
1006701782846630 -0.315553 1.528391 9.681676 
1006701801753348 -0.299167 1.593400 9.671709 
1006701820660067 -0.233002 1.644611 9.664955 
1006701839566786 -0.183040 1.660664 9.663285 
1006701858473505 -0.191873 1.641473 9.666392 
1006701877380223 -0.255289 1.601961 9.671553 
1006701896286942 -0.269415 1.566929 9.676907 
1006701915193661 -0.180994 1.543307 9.682759 
1006701934100432 -0.077610 1.483985 9.693407 
1006701953007151 0.012814 1.396530 9.706696 
1006701971913869 0.074411 1.340918 9.714257 
1006701990820588 0.088393 1.350956 9.712749 
1006702009727307 0.063250 1.408555 9.704760 
1006702028634026 0.013525 1.473387 9.695325 
1006702047540744 -0.059893 1.528258 9.686652 
1006702066447463 -0.150624 1.572050 9.678655 
1006702085354234 -0.229776 1.600818 9.672381 
1006702104260953 -0.243273 1.600326 9.672133 
1006702123167671 -0.186967 1.573987 9.677706 
1006702142074390 -0.126435 1.550367 9.682497 
1006702160981109 -0.119251 1.552681 9.682218 
1006702179887880 -0.160002 1.584293 9.676508 
1006702198794598 -0.194163 1.621266 9.669756 
1006702217701317 -0.215638 1.641068 9.665959 
1006702236608036 -0.238537 1.648732 9.664118 
1006702255514755 -0.292113 1.678025 9.657603 
1006702274421526 -0.345146 1.723228 9.647888 
1006702293328244 -0.327867 1.762017 9.641482 
1006702312234963 -0.287876 1.767163 9.641818 
1006702331141734 -0.257004 1.749285 9.645948 
1006702350048453 -0.245794 1.717600 9.651934 
1006702368955171 -0.249109 1.694471 9.655935 
1006702387861890 -0.253343 1.683643 9.657720 
1006702406768661 -0.238079 1.666263 9.661121 
1006702425675380 -0.208543 1.644792 9.665483 
1006702444582098 -0.189409 1.629364 9.668489 
1006702463488869 -0.194862 1.609018 9.671787 
1006702482395588 -0.210770 1.594713 9.673822 
1006702501302307 -0.227763 1.595276 9.673346 
1006702520209078 -0.221314 1.600297 9.672666 
1006702539115796 -0.195416 1.621341 9.669719 
1006702558022515 -0.208057 1.656577 9.663481 
1006702576929286 -0.277338 1.686654 9.656534 
1006702595836005 -0.352035 1.696551 9.652366 
1006702614742776 -0.379608 1.693983 9.651772 
1006702633649494 -0.362109 1.692271 9.652744 
1006702652556213 -0.329217 1.700395 9.652495 
1006702671462984 -0.318693 1.716206 9.650050 
1006702690369703 -0.345925 1.727715 9.647058 
1006702709276473 -0.374961 1.719737 9.647398 
1006702728183192 -0.394978 1.705909 9.649055 
1006702747089911 -0.400195 1.704042 9.649170 
1006702765996682 -0.387217 1.713684 9.647991 
1006702784903401 -0.380355 1.713262 9.648339 
1006702803810171 -0.372487 1.699858 9.651017 
1006702822716890 -0.375805 1.687201 9.653109 
1006702841623661 -0.401732 1.693690 9.650928 
1006702860530380 -0.412597 1.719336 9.645933 
1006702879437151 -0.405482 1.742145 9.642142 
1006702898343869 -0.401249 1.752363 9.640468 
1006702917250640 -0.397980 1.756859 9.639785 
1006702936157359 -0.379972 1.767398 9.638585 
1006702955064130 -0.318622 1.777215 9.639003 
1006702973970848 -0.146031 1.756045 9.647039 
1006702992877619 0.119998 1.682757 9.660451 
1006703011784338 0.368533 1.587655 9.670259 
1006703030691109 0.523237 1.533058 9.671936 
1006703049597828 0.580311 1.532071 9.668837 
1006703068504598 0.593208 1.544963 9.666001 
1006703087411317 0.610826 1.536922 9.666186 
1006703106318088 0.646871 1.515438 9.667233 
1006703125224807 0.684040 1.492173 9.668293 
1006703144131578 0.711718 1.473473 9.669164 
1006703163038296 0.711995 1.461936 9.670895 
1006703181945067 0.677987 1.456637 9.674137 
1006703200851838 0.628694 1.458660 9.677161 
1006703219758557 0.581353 1.465432 9.679098 
1006703238665328 0.543358 1.456219 9.682694 
1006703257572046 0.512225 1.421744 9.689513 
1006703276478817 0.486924 1.375762 9.697452 
1006703295385588 0.464215 1.330510 9.704877 
1006703314292307 0.436432 1.292517 9.711298 
1006703333199078 0.408872 1.277476 9.714487 
1006703352105848 0.382459 1.289908 9.713921 
1006703371012567 0.345770 1.321904 9.710995 
1006703389919338 0.290948 1.355718 9.708129 
1006703408826057 0.237465 1.381378 9.705967 
1006703427732828 0.193401 1.388079 9.705989 
1006703446639598 0.178228 1.371975 9.708569 
1006703465546317 0.225081 1.340043 9.712055 
1006703484453088 0.339757 1.257338 9.719776 
1006703503359859 0.502447 1.136945 9.727553 
1006703522266578 0.667662 1.014557 9.731151 
1006703541173348 0.806525 0.926782 9.729387 
1006703560080119 0.925622 0.867670 9.724236 
1006703578986890 1.024872 0.773681 9.722214 
1006703597893609 1.054461 0.655936 9.727705 
1006703616800380 1.028913 0.551133 9.736939 
1006703635707151 0.995957 0.484233 9.743919 
1006703654613869 0.985654 0.453384 9.746451 
1006703673520640 0.988110 0.440041 9.746815 
1006703692427411 0.990692 0.424894 9.747225 
1006703711334130 0.996939 0.405407 9.747416 
1006703730240901 0.994204 0.389308 9.748353 
1006703749147671 0.976285 0.381553 9.750470 
1006703768054442 0.949728 0.390284 9.752748 
1006703786961213 0.915078 0.408088 9.755330 
1006703805867932 0.881920 0.430241 9.757433 
1006703824774703 0.849820 0.446349 9.759559 
1006703843681473 0.817816 0.450048 9.762121 
1006703862588244 0.802214 0.453447 9.763259 
1006703881494963 0.792591 0.460318 9.763724 
1006703900401734 0.780028 0.466173 9.764458 
1006703919308505 0.765974 0.467593 9.765502 
1006703938215276 0.740095 0.477932 9.766996 
1006703957121994 0.676891 0.511108 9.769901 
1006703976028765 0.572882 0.567260 9.773455 
1006703994935536 0.459327 0.628196 9.775723 
1006704013842307 0.381850 0.679608 9.775619 
1006704032749078 0.349035 0.732435 9.773029 
1006704051655796 0.306360 0.802756 9.768936 
1006704070562567 0.227825 0.891782 9.763360 
1006704089469338 0.117679 0.985513 9.756295 
1006704108376109 0.008012 1.059436 9.749251 
1006704127282880 -0.072947 1.106662 9.743734 
1006704146189598 -0.139102 1.106419 9.743042 
1006704165096369 -0.150973 1.090552 9.744655 
1006704184003140 -0.126262 1.069422 9.747347 
1006704202909911 -0.097060 1.055301 9.749222 
1006704221816682 -0.083009 1.058246 9.749031 
1006704240723453 -0.092257 1.093420 9.745066 
1006704259630223 -0.126528 1.158944 9.737106 
1006704278536994 -0.183540 1.232501 9.727160 
1006704297443713 -0.243014 1.298655 9.717243 
1006704316350484 -0.277592 1.353328 9.708854 
1006704335257255 -0.279363 1.398004 9.702470 
1006704354164026 -0.266760 1.427007 9.698603 
1006704373070796 -0.253087 1.435422 9.697726 
1006704391977567 -0.247596 1.422346 9.699794 
1006704410884338 -0.245579 1.390970 9.704394 
1006704429791057 -0.224307 1.357412 9.709661 
1006704448697828 -0.197731 1.329185 9.714143 
1006704467604598 -0.180063 1.303052 9.718025 
1006704486511369 -0.159766 1.280339 9.721398 
1006704505418140 -0.141184 1.264126 9.723806 
1006704524324911 -0.143784 1.250688 9.725508 
1006704543231682 -0.153571 1.232414 9.727690 
1006704562138453 -0.144783 1.216310 9.729851 
1006704581045223 -0.098764 1.224366 9.729418 
1006704599951994 -0.024943 1.272619 9.723693 
1006704618858713 0.041292 1.351982 9.712920 
1006704637765484 0.073549 1.434183 9.700933 
1006704656672255 0.059095 1.494885 9.691863 
1006704675579026 0.017837 1.520922 9.687975 
1006704694485796 -0.008411 1.518380 9.688387 
1006704713392567 -0.001544 1.504941 9.690487 
1006704732299338 0.006750 1.480634 9.694228 
1006704751206109 -0.029455 1.436119 9.700881 
1006704770112880 -0.126131 1.374106 9.709085 
1006704789019651 -0.224562 1.301390 9.717321 
1006704807926421 -0.228931 1.242360 9.724944 
1006704826833192 -0.147671 1.205508 9.731153 
1006704845739963 -0.044467 1.176461 9.735725 
1006704864646734 0.039630 1.146245 9.739350 
1006704883553505 0.066574 1.124822 9.741700 
1006704902460276 0.007373 1.124517 9.741960 
1006704921367046 -0.093603 1.153954 9.738070 
1006704940273817 -0.150215 1.190618 9.732947 
1006704959180588 -0.135175 1.196412 9.732456 
1006704978087359 -0.098369 1.165438 9.736655 
1006704996994130 -0.104805 1.119482 9.741980 
1006705015900848 -0.167403 1.075484 9.746061 
1006705034807671 -0.250472 1.051712 9.746874 
1006705053714390 -0.328981 1.064775 9.743121 
1006705072621161 -0.393217 1.107004 9.736032 
1006705091527932 -0.442578 1.151173 9.728788 
1006705110434703 -0.467269 1.177370 9.724498 
1006705129341473 -0.473859 1.190761 9.722548 
1006705148248244 -0.477894 1.206933 9.720356 
1006705167155015 -0.483880 1.238858 9.716043 
1006705186061786 -0.506704 1.288614 9.708405 
1006705204968557 -0.545917 1.345328 9.698580 
1006705223875328 -0.568797 1.394099 9.690373 
1006705242782098 -0.556569 1.421064 9.687167 
1006705261688869 -0.516860 1.424317 9.688890 
1006705280595640 -0.478618 1.411173 9.692775 
1006705299502463 -0.468845 1.390183 9.696286 
1006705318409234 -0.477244 1.377000 9.697757 
1006705337316005 -0.479277 1.372727 9.698263 
1006705356222776 -0.467382 1.359331 9.700729 
1006705375129546 -0.443810 1.327286 9.706272 
1006705394036317 -0.407341 1.273063 9.715131 
1006705412943088 -0.369345 1.207860 9.724970 
1006705431849859 -0.342070 1.141282 9.734005 
1006705450756630 -0.329571 1.070294 9.742496 
1006705469663401 -0.334964 1.011608 9.748581 
1006705488570171 -0.347151 1.002617 9.749084 
1006705507476942 -0.348197 1.051197 9.743928 
1006705526383713 -0.342691 1.127258 9.735617 
1006705545290484 -0.357364 1.193317 9.727213 
1006705564197255 -0.384379 1.233125 9.721217 
1006705583104026 -0.401857 1.251034 9.718222 
1006705602010796 -0.408430 1.265554 9.716066 
1006705620917567 -0.422424 1.281574 9.713367 
1006705639824338 -0.439198 1.291994 9.711244 
1006705658731109 -0.448126 1.297099 9.710155 
1006705677637880 -0.452857 1.301114 9.709397 
1006705696544651 -0.453779 1.308642 9.708344 
1006705715451421 -0.443013 1.321060 9.707158 
1006705734358192 -0.443052 1.328686 9.706116 
1006705753264963 -0.445671 1.330603 9.705733 
1006705772171734 -0.447360 1.331530 9.705529 
1006705791078557 -0.458333 1.335567 9.704461 
1006705809985328 -0.462725 1.350419 9.702198 
1006705828892098 -0.452946 1.365578 9.700537 
1006705847798869 -0.444254 1.361995 9.701443 
1006705866705640 -0.436525 1.332254 9.705923 
1006705885612411 -0.410130 1.287068 9.713168 
1006705904519182 -0.355679 1.239419 9.721508 
1006705923425953 -0.291102 1.200323 9.728559 
1006705942332723 -0.221816 1.189442 9.731723 
1006705961239494 -0.164521 1.208735 9.730482 
1006705980146265 -0.144672 1.232918 9.727762 
1006705999053036 -0.136198 1.262587 9.724079 
1006706017959807 -0.115427 1.304941 9.718756 
1006706036866578 -0.088010 1.350397 9.712831 
1006706055773348 -0.082539 1.382818 9.708316 
1006706074680119 -0.110135 1.388838 9.707183 
1006706093586942 -0.146122 1.374187 9.708793 
1006706112493713 -0.169502 1.352296 9.711485 
1006706131400484 -0.167830 1.340109 9.713204 
1006706150307255 -0.166767 1.335709 9.713828 
1006706169214026 -0.188327 1.317019 9.715985 
1006706188120796 -0.217194 1.279079 9.720451 
1006706207027567 -0.247765 1.235594 9.725344 
1006706225934338 -0.280892 1.203366 9.728484 
1006706244841109 -0.295903 1.183199 9.730513 
1006706263747880 -0.302756 1.159522 9.733151 
1006706282654703 -0.318320 1.139488 9.735022 
1006706301561473 -0.356593 1.137048 9.733980 
1006706320468244 -0.417321 1.147642 9.730321 
1006706339375015 -0.478797 1.161873 9.725801 
1006706358281786 -0.543305 1.166478 9.721858 
1006706377188557 -0.595955 1.156922 9.719915 
1006706396095328 -0.609126 1.150800 9.719826 
1006706415002098 -0.604567 1.160604 9.718945 
1006706433908869 -0.614404 1.176149 9.716458 
1006706452815692 -0.638063 1.179914 9.714477 
1006706471722463 -0.655646 1.179229 9.713389 
1006706490629234 -0.660446 1.182361 9.712684 
1006706509536005 -0.655267 1.184475 9.712776 
1006706528442776 -0.645975 1.184679 9.713374 
1006706547349546 -0.651617 1.178130 9.713794 
1006706566256317 -0.686889 1.148740 9.714884 
1006706585163088 -0.690993 1.101697 9.720040 
1006706604069859 -0.636999 1.037239 9.730814 
1006706622976682 -0.547601 0.955648 9.744602 
1006706641883453 -0.472624 0.855627 9.757813 
1006706660790223 -0.426931 0.760473 9.767794 
1006706679696994 -0.417778 0.689097 9.773484 
1006706698603765 -0.427263 0.646732 9.775969 
1006706717510536 -0.423300 0.651121 9.775850 
1006706736417307 -0.407521 0.698916 9.773220 
1006706755324130 -0.391542 0.758912 9.769398 
1006706774230901 -0.377798 0.811324 9.765726 
1006706793137671 -0.383083 0.840839 9.763023 
1006706812044442 -0.388016 0.858210 9.761316 
1006706830951213 -0.365223 0.884846 9.759818 
1006706849857984 -0.327213 0.914702 9.758413 
1006706868764755 -0.292495 0.932619 9.757820 
1006706887671578 -0.261824 0.936798 9.758291 
1006706906578348 -0.226995 0.943045 9.758562 
1006706925485119 -0.186896 0.959499 9.757808 
1006706944391890 -0.170166 0.967328 9.757341 
1006706963298661 -0.185524 0.958048 9.757977 
1006706982205432 -0.219118 0.953297 9.757746 
1006707001112255 -0.255695 0.970222 9.755186 
1006707020019026 -0.289738 0.999624 9.751266 
1006707038925796 -0.324130 1.019364 9.748139 
1006707057832567 -0.355267 1.001165 9.748940 
1006707076739338 -0.367078 0.950620 9.753562 
1006707095646109 -0.352538 0.900372 9.758864 
1006707114552932 -0.336173 0.876639 9.761603 
1006707133459703 -0.335618 0.886919 9.760693 
1006707152366473 -0.356425 0.919190 9.756968 
1006707171273244 -0.388080 0.957377 9.752088 
1006707190180015 -0.419501 0.989485 9.747581 
1006707209086786 -0.461911 1.005959 9.743976 
1006707227993609 -0.511370 1.011562 9.740925 
1006707246900380 -0.529641 1.025506 9.738491 
1006707265807151 -0.509401 1.049678 9.736996 
1006707284713921 -0.489254 1.063528 9.736526 
1006707303620692 -0.478678 1.057944 9.737659 
1006707322527515 -0.462213 1.042110 9.740161 
1006707341434286 -0.427815 1.033987 9.742599 
1006707360341057 -0.387669 1.033787 9.744300 
1006707379247828 -0.353136 1.027728 9.746254 
1006707398154651 -0.327455 1.010123 9.748990 
1006707417061421 -0.307135 0.982818 9.752441 
1006707435968192 -0.291509 0.942560 9.756894 
1006707454874963 -0.270593 0.898612 9.761642 
1006707473781786 -0.243127 0.857489 9.766063 
1006707492688557 -0.199252 0.823994 9.769939 
1006707511595328 -0.165591 0.800736 9.772502 
1006707530502098 -0.182071 0.783393 9.773614 
1006707549408869 -0.247587 0.768326 9.773371 
1006707568315692 -0.340414 0.757112 9.771453 
1006707587222463 -0.393464 0.760839 9.769172 
1006707606129234 -0.386696 0.773262 9.768466 
1006707625036005 -0.369700 0.781625 9.768458 
1006707643942828 -0.363682 0.793172 9.767754 
1006707662849598 -0.392475 0.787702 9.767081 
1006707681756369 -0.455093 0.776349 9.765274 
1006707700663192 -0.514231 0.768758 9.762938 
1006707719569963 -0.560914 0.765396 9.760633 
1006707738476734 -0.602268 0.760840 9.758524 
1006707757383505 -0.612905 0.766273 9.757436 
1006707776290328 -0.608046 0.783345 9.756384 
1006707795197098 -0.623909 0.786641 9.755117 
1006707814103869 -0.646370 0.781363 9.754080 
1006707833010640 -0.644155 0.778537 9.754452 
1006707851917463 -0.615767 0.779528 9.756207 
1006707870824234 -0.572426 0.769771 9.759620 
1006707889731005 -0.523902 0.755527 9.763457 
1006707908637776 -0.476028 0.758529 9.765675 
1006707927544598 -0.433594 0.771562 9.766631 
1006707946451369 -0.387599 0.780234 9.767876 
1006707965358140 -0.347243 0.765878 9.770529 
1006707984264963 -0.311656 0.717480 9.775401 
1006708003171734 -0.266480 0.646089 9.781714 
1006708022078505 -0.226461 0.563775 9.787812 
1006708040985328 -0.190327 0.486442 9.792729 
1006708059892098 -0.151312 0.421941 9.796400 
1006708078798869 -0.095785 0.376426 9.798955 
1006708097705640 -0.042641 0.349669 9.800322 
1006708116612463 -0.005365 0.339181 9.800780 
1006708135519234 0.003167 0.336258 9.800883 
1006708154426005 -0.034228 0.328705 9.801080 
1006708173332828 -0.105751 0.313161 9.801079 
1006708192239598 -0.170021 0.291482 9.800842 
1006708211146369 -0.196995 0.273956 9.800843 
1006708230053140 -0.193347 0.277203 9.800824 
1006708248959963 -0.164748 0.310770 9.800340 
1006708267866734 -0.118750 0.376095 9.798716 
1006708286773505 -0.089446 0.458333 9.795526 
1006708305680328 -0.095008 0.541936 9.791203 
1006708324587098 -0.128520 0.608814 9.786890 
1006708343493869 -0.163511 0.648421 9.783823 
1006708362400692 -0.186544 0.671313 9.781867 
1006708381307463 -0.213139 0.693174 9.779799 
1006708400214234 -0.257062 0.706178 9.777812 
1006708419121005 -0.305137 0.672118 9.778831 
1006708438027828 -0.319872 0.609108 9.782488 
1006708456934598 -0.308700 0.570140 9.785195 
1006708475841369 -0.321252 0.592485 9.783463 
1006708494748192 -0.378825 0.656277 9.777330 
1006708513654963 -0.461740 0.693252 9.771213 
1006708532561734 -0.507878 0.675182 9.770188 
1006708551468557 -0.494518 0.629187 9.773943 
1006708570375328 -0.453645 0.578773 9.779040 
1006708589282098 -0.390816 0.530520 9.784488 
1006708608188921 -0.335331 0.485655 9.788875 
1006708627095692 -0.314794 0.471773 9.790236 
1006708646002463 -0.328777 0.499103 9.788422 
1006708664909234 -0.348223 0.523322 9.786484 
1006708683816057 -0.337467 0.513768 9.787367 
1006708702722828 -0.293618 0.482563 9.790368 
1006708721629598 -0.251611 0.455313 9.792843 
1006708740536421 -0.238585 0.439971 9.793870 
1006708759443192 -0.255293 0.431139 9.793842 
1006708778349963 -0.288685 0.417927 9.793488 
1006708797256786 -0.299840 0.410473 9.793467 
1006708816163557 -0.276838 0.418397 9.793809 
1006708835070328 -0.258799 0.426245 9.793964 
1006708853977151 -0.257469 0.429467 9.793858 
1006708872883921 -0.265609 0.436254 9.793341 
1006708891790692 -0.256342 0.447196 9.793095 
1006708910697515 -0.236943 0.466667 9.792674 
1006708929604286 -0.207106 0.491625 9.792130 
1006708948511057 -0.171965 0.503391 9.792212 
1006708967417880 -0.134987 0.497864 9.793075 
1006708986324651 -0.093476 0.492125 9.793848 
1006709005231421 -0.068811 0.486712 9.794323 
1006709024138244 -0.057978 0.497046 9.793874 
1006709043045015 -0.042038 0.526462 9.792418 
1006709061951786 -0.026709 0.561796 9.790508 
1006709080858609 -0.003109 0.602958 9.788096 
1006709099765380 0.016164 0.639224 9.785782 
1006709118672151 0.014392 0.661913 9.784276 
1006709137578973 0.002812 0.688240 9.782469 
1006709156485744 -0.031254 0.730583 9.779348 
1006709175392515 -0.098472 0.784154 9.774754 
1006709194299338 -0.167453 0.833053 9.769768 
1006709213206109 -0.202958 0.864189 9.766390 
1006709232112880 -0.199907 0.877767 9.765242 
1006709251019703 -0.089129 0.866888 9.767853 
1006709269926473 0.179540 0.844275 9.768590 
1006709288833244 0.395592 0.816475 9.764591 
1006709307740067 0.457049 0.812736 9.762220 
1006709326646838 0.345254 0.846569 9.763940 
1006709345553609 0.147744 0.929171 9.761415 
1006709364460432 0.014061 1.043572 9.750956 
1006709383367203 -0.050297 1.149355 9.738935 
1006709402273973 -0.064944 1.205584 9.732047 
1006709421180796 0.014496 1.185871 9.734675 
1006709440087567 0.201866 1.076145 9.745335 
1006709458994338 0.373778 0.936698 9.754654 
1006709477901161 0.414537 0.864021 9.759714 
1006709496807932 0.399112 0.865367 9.760238 
1006709515714703 0.376408 0.892449 9.758700 
1006709534621526 0.325580 0.927863 9.757226 
1006709553528296 0.246897 0.956742 9.756745 
1006709572435067 0.190260 0.954321 9.758251 
1006709591341890 0.184717 0.931840 9.760530 
1006709610248661 0.181537 0.915756 9.762112 
1006709629155484 0.160212 0.924016 9.761706 
1006709648062255 0.136066 0.951719 9.759411 
1006709666969026 0.121627 0.984644 9.756334 
1006709685875848 0.130756 1.023515 9.752215 
1006709704782619 0.152035 1.059627 9.748050 
1006709723689390 0.164541 1.067198 9.747021 
1006709742596213 0.149761 1.048753 9.749260 
1006709761502984 0.138140 1.032335 9.751184 
1006709780409755 0.146620 1.028420 9.751474 
1006709799316578 0.169774 1.033495 9.750562 
1006709818223348 0.197672 1.043632 9.748956 
1006709837130119 0.211068 1.054754 9.747478 
1006709856036942 0.223401 1.068806 9.745673 
1006709874943713 0.246204 1.068255 9.745183 
1006709893850484 0.275147 1.042841 9.747162 
1006709912757307 0.307611 1.001572 9.750519 
1006709931664078 0.335315 0.971260 9.752671 
1006709950570901 0.354564 0.964456 9.752666 
1006709969477671 0.369893 0.968618 9.751684 
1006709988384442 0.395605 0.961775 9.751353 
1006710007291265 0.448665 0.954088 9.749810 
1006710026198036 0.499689 0.967993 9.745957 
1006710045104807 0.527305 0.999045 9.741367 
1006710064011630 0.541743 1.033832 9.736944 
1006710082918401 0.547146 1.074341 9.732256 
1006710101825223 0.567934 1.122556 9.725621 
1006710120731994 0.588418 1.154577 9.720654 
1006710139638765 0.592299 1.130053 9.723299 
1006710158545588 0.584220 1.051992 9.732543 
1006710177452359 0.559845 0.968580 9.742630 
1006710196359130 0.525045 0.927824 9.748531 
1006710215265953 0.478565 0.944820 9.749291 
1006710234172723 0.432006 0.988698 9.747115 
1006710253079494 0.404093 1.014041 9.745708 
1006710271986317 0.396996 1.016526 9.745740 
1006710290893088 0.369925 1.044665 9.743830 
1006710309799911 0.320102 1.111186 9.738234 
1006710328706682 0.269477 1.192000 9.730206 
1006710347613453 0.256918 1.256212 9.722465 
1006710366520276 0.268450 1.276359 9.719527 
1006710385427046 0.279469 1.264715 9.720739 
1006710404333817 0.270840 1.252755 9.722532 
1006710423240640 0.255211 1.254145 9.722776 
1006710442147411 0.242523 1.261199 9.722188 
1006710461054234 0.254321 1.259416 9.722118 
1006710479961005 0.276800 1.233020 9.724888 
1006710498867776 0.287651 1.185303 9.730504 
1006710517774598 0.280591 1.143924 9.735662 
1006710536681369 0.263060 1.128373 9.737965 
1006710555588140 0.236870 1.125749 9.738941 
1006710574494963 0.212001 1.103807 9.742025 
1006710593401734 0.215783 1.042676 9.748674 
1006710612308505 0.276128 0.968543 9.754796 
1006710631215328 0.367405 0.924703 9.756041 
1006710650122098 0.425125 0.922708 9.753884 
1006710669028921 0.445933 0.934554 9.751827 
1006710687935692 0.469052 0.902624 9.753751 
1006710706842463 0.496424 0.889496 9.753602 
1006710725749286 0.521857 0.922420 9.749214 
1006710744656057 0.530924 0.993731 9.741715 
1006710763562828 0.531226 1.060925 9.734610 
1006710782469651 0.513875 1.088513 9.732495 
1006710801376421 0.494607 1.079308 9.734518 
1006710820283244 0.482263 1.061635 9.737082 
1006710839190015 0.473972 1.058267 9.737855 
1006710858096786 0.469848 1.069304 9.736849 
1006710877003609 0.473724 1.079209 9.735567 
1006710895910380 0.472002 1.077733 9.735815 
1006710914817151 0.465943 1.063679 9.737653 
1006710933723973 0.468708 1.041813 9.739883 
1006710952630744 0.490642 1.026313 9.740448 
1006710971537567 0.535426 1.017237 9.739042 
1006710990444338 0.574692 1.006295 9.737941 
1006711009351109 0.589826 0.997752 9.737914 
1006711028257932 0.585438 0.991969 9.738770 
1006711047164703 0.579966 0.981219 9.740187 
1006711066071473 0.585277 0.966948 9.741296 
1006711084978296 0.601723 0.963192 9.740666 
1006711103885067 0.632097 0.956270 9.739425 
1006711122791890 0.654785 0.946398 9.738890 
1006711141698661 0.647008 0.947955 9.739258 
1006711160605432 0.624110 0.956455 9.739921 
1006711179512255 0.603548 0.954825 9.741376 
1006711198419026 0.585466 0.940282 9.743895 
1006711217325796 0.594806 0.907040 9.746479 
1006711236232619 0.605315 0.876151 9.748658 
1006711255139390 0.582925 0.870987 9.750485 
1006711274046213 0.539866 0.866669 9.753349 
1006711292952984 0.493068 0.852988 9.757032 
1006711311859755 0.456204 0.835465 9.760342 
1006711330766578 0.426613 0.821216 9.762889 
1006711349673348 0.398332 0.810667 9.764965 
1006711368580119 0.359528 0.810804 9.766459 
1006711387486942 0.325718 0.811985 9.767547 
1006711406393713 0.330980 0.801106 9.768269 
1006711425300536 0.370743 0.782827 9.768322 
1006711444207307 0.393015 0.768557 9.768586 
1006711463114078 0.377300 0.771383 9.768981 
1006711482020901 0.359567 0.780044 9.768963 
1006711500927671 0.345654 0.782864 9.769239 
1006711519834494 0.338705 0.786444 9.769195 
1006711538741265 0.329507 0.807538 9.767789 
1006711557648036 0.313152 0.832280 9.766250 
1006711576554859 0.303675 0.830911 9.766665 
1006711595461630 0.300392 0.811792 9.768375 
1006711614368453 0.288856 0.796130 9.770012 
1006711633275223 0.272383 0.780889 9.771714 
1006711652181994 0.256955 0.767788 9.773170 
1006711671088817 0.258579 0.752452 9.774321 
1006711689995588 0.273452 0.739662 9.774893 
1006711708902411 0.289130 0.728990 9.775242 
1006711727809182 0.288823 0.716852 9.776149 
1006711746715953 0.272973 0.701685 9.777705 
1006711765622776 0.263343 0.685371 9.779126 
1006711784529546 0.260488 0.686024 9.779157 
1006711803436369 0.248084 0.703069 9.778269 
1006711822343140 0.225328 0.710589 9.778275 
1006711841249911 0.210580 0.698067 9.779507 
1006711860156734 0.204258 0.689990 9.780213 
1006711879063505 0.181418 0.702479 9.779776 
1006711897970328 0.144133 0.699018 9.780643 
1006711916877098 0.120368 0.651099 9.784272 
1006711935783869 0.136137 0.585402 9.788216 
1006711954690692 0.182174 0.556504 9.789152 
1006711973597463 0.206061 0.579669 9.787334 
1006711992504286 0.199183 0.617309 9.785174 
1006712011411057 0.181379 0.635615 9.784349 
1006712030317828 0.212694 0.599544 9.785995 
1006712049224651 0.263664 0.506035 9.790035 
1006712068131421 0.275334 0.430334 9.793335 
1006712087038244 0.327595 0.409185 9.792631 
1006712105945015 0.394919 0.432515 9.789145 
1006712124851838 0.471722 0.478583 9.783600 
1006712143758609 0.558120 0.526971 9.776564 
1006712162665380 0.640929 0.596949 9.767459 
1006712181572203 0.697544 0.684352 9.757842 
1006712200478973 0.690612 0.763679 9.752447 
1006712219385744 0.626548 0.822237 9.752013 
1006712238292567 0.533472 0.861381 9.754169 
1006712257199338 0.414372 0.885159 9.757826 
1006712276106161 0.309070 0.903095 9.760086 
1006712295012932 0.249113 0.919749 9.760246 
1006712313919703 0.205200 0.920513 9.761195 
1006712332826526 0.165199 0.891337 9.764662 
1006712351733296 0.128877 0.838065 9.769924 
1006712370640119 0.098693 0.781377 9.774974 
1006712389546890 0.072602 0.741392 9.778316 
1006712408453661 0.044827 0.724345 9.779759 
1006712427360484 0.021953 0.719183 9.780218 
1006712446267255 0.003705 0.716636 9.780431 
1006712465174078 -0.029105 0.695618 9.781904 
1006712484080848 -0.069694 0.647974 9.784971 
1006712502987619 -0.102389 0.591110 9.788282 
1006712521894442 -0.124142 0.540658 9.790948 
1006712540801213 -0.128108 0.518997 9.792068 
1006712559708036 -0.125003 0.530600 9.791488 
1006712578614807 -0.128308 0.549142 9.790421 
1006712597521630 -0.121115 0.564486 9.789641 
1006712616428401 -0.094250 0.579960 9.789032 
1006712635335171 -0.069920 0.592102 9.788509 
1006712654241994 -0.067925 0.594424 9.788382 
1006712673148765 -0.072859 0.582443 9.789067 
1006712692055588 -0.063188 0.563462 9.790245 
1006712710962359 -0.049003 0.543576 9.791451 
1006712729869130 -0.047313 0.522908 9.792585 
1006712748775953 -0.054329 0.501428 9.793672 
1006712767682723 -0.053030 0.486317 9.794440 
1006712786589546 -0.051864 0.483392 9.794592 
1006712805496317 -0.063710 0.486946 9.794347 
1006712824403140 -0.080568 0.492212 9.793958 
1006712843309911 -0.088041 0.504459 9.793271 
1006712862216682 -0.085201 0.520586 9.792452 
1006712881123505 -0.069796 0.534211 9.791841 
1006712900030276 -0.046218 0.546314 9.791312 
1006712918937098 -0.023888 0.558196 9.790721 
1006712937843869 -0.005204 0.567999 9.790186 
1006712956750692 0.000408 0.563713 9.790436 
1006712975657463 0.009856 0.545651 9.791453 
1006712994564234 0.024668 0.520652 9.792789 
1006713013471057 0.044267 0.506104 9.793482 
1006713032377828 0.051598 0.501382 9.793689 
1006713051284651 0.040749 0.498669 9.793879 
1006713070191421 0.027667 0.501372 9.793785 
1006713089098244 0.020130 0.508317 9.793446 
1006713108005015 0.006124 0.510288 9.793364 
1006713126911786 -0.009355 0.497104 9.794038 
1006713145818609 -0.008315 0.471710 9.795295 
1006713164725380 0.006699 0.450789 9.796282 
1006713183632203 0.019266 0.441744 9.796677 
1006713202538973 0.027071 0.442695 9.796616 
1006713221445796 0.023757 0.446331 9.796460 
1006713240352567 0.010655 0.439033 9.796811 
1006713259259338 -0.007164 0.407139 9.798193 
1006713278166161 -0.006738 0.363372 9.799914 
1006713297072932 0.017244 0.335745 9.800885 
1006713315979755 0.048045 0.337559 9.800721 
1006713334886526 0.070809 0.359095 9.799818 
1006713353793348 0.086692 0.378306 9.798966 
1006713372700119 0.105924 0.387293 9.798428 
1006713391606890 0.120206 0.396149 9.797909 
1006713410513713 0.116303 0.407161 9.797504 
1006713429420484 0.099721 0.414780 9.797367 
1006713448327307 0.076991 0.409767 9.797783 
1006713467234078 0.054698 0.392309 9.798648 
1006713486140901 0.039735 0.368530 9.799643 
1006713505047671 0.035779 0.350206 9.800329 
1006713523954494 0.043901 0.344289 9.800507 
1006713542861265 0.056070 0.346410 9.800369 
1006713561768036 0.063895 0.349493 9.800212 
1006713580674859 0.065853 0.351342 9.800134 
1006713599581630 0.066368 0.352587 9.800085 
1006713618488453 0.063787 0.348072 9.800263 
1006713637395223 0.058840 0.336444 9.800701 
1006713656302046 0.069004 0.330776 9.800828 
1006713675208817 0.078601 0.339753 9.800447 
1006713694115588 0.070907 0.362152 9.799704 
1006713713022411 0.055837 0.390582 9.798709 
1006713731929182 0.041514 0.413232 9.797853 
1006713750836005 0.023832 0.418721 9.797678 
1006713769742776 0.016973 0.419505 9.797659 
1006713788649598 0.025521 0.428256 9.797262 
1006713807556369 0.026044 0.440693 9.796708 
1006713826463192 0.013367 0.451207 9.796256 
1006713845369963 0.003293 0.454949 9.796091 
1006713864276734 -0.003121 0.443201 9.796630 
1006713883183557 0.002815 0.422241 9.797555 
1006713902090328 0.025052 0.412007 9.797959 
1006713920997151 0.040159 0.417076 9.797695 
1006713939903921 0.037501 0.428401 9.797217 
1006713958810744 0.030506 0.437025 9.796861 
1006713977717515 0.039244 0.442145 9.796599 
1006713996624338 0.051592 0.444916 9.796417 
1006714015531109 0.052328 0.441590 9.796563 
1006714034437880 0.034922 0.421039 9.797545 
1006714053344703 0.014102 0.389074 9.798919 
1006714072251473 -0.002969 0.361511 9.799984 
1006714091158296 -0.010874 0.347157 9.800498 
1006714110065067 -0.021090 0.335703 9.800879 
1006714128971890 -0.033321 0.320749 9.801347 
1006714147878661 -0.033200 0.308052 9.801755 
1006714166785484 -0.021032 0.297223 9.802122 
1006714185692255 -0.015307 0.282779 9.802560 
1006714204599026 -0.017093 0.263346 9.803099 
1006714223505848 -0.008082 0.243238 9.803630 
1006714242412619 0.005877 0.222545 9.804124 
1006714261319442 0.020792 0.207404 9.804434 
1006714280226213 0.037718 0.206866 9.804395 
1006714299133036 0.046355 0.218749 9.804101 
1006714318039807 0.033699 0.228061 9.803940 
1006714336946578 0.007741 0.221084 9.804155 
1006714355853401 -0.014103 0.196056 9.804680 
1006714374760171 -0.023054 0.166658 9.805206 
1006714393666994 -0.035767 0.150192 9.805435 
1006714412573765 -0.064140 0.153460 9.805240 
1006714431480588 -0.087905 0.181451 9.804577 
1006714450387359 -0.100013 0.229237 9.803460 
1006714469294182 -0.113483 0.277900 9.802055 
1006714488200953 -0.127251 0.319875 9.800605 
1006714507107723 -0.141806 0.347546 9.799463 
1006714526014546 -0.160799 0.354256 9.798930 
1006714544921317 -0.169276 0.348799 9.798984 
1006714563828140 -0.157424 0.344890 9.799319 
1006714582734911 -0.135131 0.347200 9.799570 
1006714601641734 -0.123419 0.343580 9.799852 
1006714620548505 -0.130597 0.323861 9.800431 
1006714639455276 -0.165510 0.306451 9.800464 
1006714658362098 -0.242363 0.337071 9.797859 
1006714677268869 -0.352677 0.427000 9.790999 
1006714696175692 -0.464174 0.514796 9.782122 
1006714715082463 -0.542763 0.551505 9.776075 
1006714733989286 -0.569915 0.557103 9.774212 
1006714752896057 -0.573826 0.581637 9.772554 
1006714771802880 -0.543598 0.602643 9.773009 
1006714790709651 -0.486494 0.590255 9.776774 
1006714809616421 -0.432320 0.549770 9.781678 
1006714828523244 -0.423193 0.534469 9.782926 
1006714847430015 -0.452841 0.573112 9.779410 
1006714866336838 -0.477377 0.637651 9.774246 
1006714885243609 -0.463019 0.687630 9.771549 
1006714904150432 -0.421462 0.698619 9.772650 
1006714923057203 -0.383324 0.673598 9.775976 
1006714941963973 -0.369476 0.637411 9.778935 
1006714960870796 -0.369890 0.613577 9.780444 
1006714979777567 -0.366767 0.603712 9.781176 
1006714998684390 -0.351403 0.594200 9.782322 
1006715017591161 -0.333725 0.571737 9.784279 
1006715036497984 -0.327798 0.544712 9.786022 
1006715055404755 -0.329352 0.529746 9.786791 
1006715074311526 -0.336252 0.524559 9.786836 
1006715093218348 -0.339464 0.517015 9.787127 
1006715112125119 -0.345272 0.503462 9.787630 
1006715131031942 -0.351065 0.492406 9.787986 
1006715149938713 -0.347806 0.488606 9.788293 
1006715168845536 -0.329033 0.491375 9.788803 
1006715187752307 -0.312224 0.495343 9.789155 
1006715206659130 -0.303647 0.502656 9.789051 
1006715225565901 -0.294332 0.519208 9.788472 
1006715244472671 -0.273011 0.542103 9.787848 
1006715263379494 -0.258160 0.558209 9.787346 
1006715282286265 -0.263335 0.558473 9.787194 
1006715301193088 -0.268932 0.543482 9.787885 
1006715320099859 -0.252462 0.527296 9.789208 
1006715339006682 -0.221698 0.518659 9.790415 
1006715357913453 -0.202828 0.510401 9.791258 
1006715376820276 -0.202517 0.503355 9.791630 
1006715395727046 -0.205965 0.505886 9.791427 
1006715414633817 -0.208333 0.509720 9.791178 
1006715433540640 -0.209901 0.499568 9.791668 
1006715452447411 -0.211578 0.475571 9.792827 
1006715471354234 -0.224122 0.444477 9.794009 
1006715490261005 -0.235515 0.412774 9.795129 
1006715509167828 -0.239709 0.389472 9.795981 
1006715528074598 -0.262400 0.381576 9.795710 
1006715546981421 -0.295105 0.396978 9.794168 
1006715565888192 -0.319027 0.416757 9.792595 
1006715584795015 -0.331684 0.423486 9.791885 
1006715603701786 -0.336854 0.421148 9.791811 
1006715622608609 -0.342513 0.417848 9.791756 
1006715641515380 -0.355908 0.415902 9.791361 
1006715660422203 -0.362238 0.418503 9.791018 
1006715679328973 -0.355951 0.424472 9.790991 
1006715698235796 -0.350602 0.424974 9.791163 
1006715717142567 -0.348675 0.415011 9.791659 
1006715736049390 -0.340525 0.399696 9.792583 
1006715754956161 -0.325410 0.389248 9.793517 
1006715773862984 -0.312633 0.393306 9.793771 
1006715792769755 -0.311146 0.405037 9.793341 
1006715811676578 -0.317146 0.408051 9.793023 
1006715830583348 -0.322226 0.393055 9.793470 
1006715849490171 -0.322908 0.366800 9.794467 
1006715868396994 -0.317523 0.343402 9.795490 
1006715887303765 -0.314152 0.333458 9.795943 
1006715906210588 -0.326319 0.333305 9.795550 
1006715925117359 -0.347825 0.331118 9.794885 
1006715944024182 -0.364916 0.322302 9.794557 
1006715962930953 -0.376452 0.314144 9.794385 
1006715981837776 -0.368564 0.319360 9.794517 
1006716000744546 -0.348721 0.335526 9.794703 
1006716019651369 -0.337264 0.358071 9.794306 
1006716038558140 -0.346829 0.368314 9.793592 
1006716057464963 -0.362522 0.352836 9.793593 
1006716076371786 -0.350861 0.335888 9.794614 
1006716095278557 -0.318952 0.335836 9.795707 
1006716114185380 -0.300285 0.348542 9.795853 
1006716133092151 -0.303236 0.359692 9.795360 
1006716151998973 -0.314107 0.356759 9.795124 
1006716170905744 -0.306777 0.355889 9.795387 
1006716189812567 -0.290353 0.371109 9.795323 
1006716208719390 -0.265968 0.394728 9.795093 
1006716227626161 -0.242783 0.406692 9.795206 
1006716246532984 -0.232130 0.405898 9.795497 
1006716265439755 -0.222009 0.410190 9.795552 
1006716284346578 -0.206166 0.426981 9.795181 
1006716303253401 -0.197340 0.447247 9.794458 
1006716322160171 -0.184168 0.467704 9.793759 
1006716341066994 -0.167569 0.486687 9.793132 
1006716359973765 -0.168073 0.491416 9.792888 
1006716378880588 -0.184638 0.478523 9.793227 
1006716397787411 -0.192966 0.460592 9.793927 
1006716416694182 -0.183889 0.442297 9.794945 
1006716435601005 -0.159255 0.421447 9.796295 
1006716454507828 -0.135122 0.397406 9.797663 
1006716473414598 -0.113608 0.375902 9.798785 
1006716492321421 -0.073181 0.356345 9.799901 
1006716511228192 0.035124 0.285079 9.802443 
1006716530135015 0.191227 0.206426 9.802612 
1006716549041838 0.332657 0.153667 9.799802 
1006716567948609 0.406827 0.185940 9.796443 
1006716586855432 0.396640 0.292582 9.794256 
1006716605762255 0.344175 0.403141 9.792314 
1006716624669026 0.300658 0.465964 9.790959 
1006716643575848 0.304156 0.484952 9.789928 
1006716662482671 0.333020 0.486220 9.788926 
1006716681389442 0.354078 0.487627 9.788117 
1006716700296265 0.358757 0.488973 9.787880 
1006716719203088 0.360056 0.490559 9.787752 
1006716738109859 0.367239 0.492653 9.787381 
1006716757016682 0.388758 0.490520 9.786656 
1006716775923505 0.427292 0.490727 9.785039 
1006716794830276 0.457993 0.498057 9.783280 
1006716813737098 0.467529 0.507013 9.782370 
1006716832643921 0.460733 0.513454 9.782355 
1006716851550692 0.441204 0.518036 9.783014 
1006716870457515 0.423012 0.530934 9.783126 
1006716889364286 0.414018 0.557933 9.782008 
1006716908271109 0.401562 0.594629 9.780367 
1006716927177932 0.370168 0.632490 9.779229 
1006716946084755 0.331777 0.656621 9.779016 
1006716964991526 0.306834 0.657087 9.779799 
1006716983898348 0.302471 0.645948 9.780677 
1006717002805171 0.312798 0.641755 9.780629 
1006717021711942 0.309012 0.648799 9.780284 
1006717040618765 0.276278 0.654393 9.780890 
1006717059525588 0.232579 0.655513 9.781953 
1006717078432359 0.197781 0.661362 9.782324 
1006717097339182 0.184831 0.689704 9.780621 
1006717116246005 0.176699 0.732546 9.777655 
1006717135152828 0.148534 0.772033 9.775085 
1006717154059598 0.111476 0.802288 9.773142 
1006717172966421 0.072727 0.814272 9.772515 
1006717191873244 0.041648 0.811602 9.772920 
1006717210780015 0.031134 0.801593 9.773785 
1006717229686838 0.034453 0.785588 9.775073 
1006717248593661 0.035203 0.768759 9.776408 
1006717267500432 0.030110 0.767818 9.776499 
1006717286407255 0.006129 0.772812 9.776151 
1006717305314078 -0.018078 0.771068 9.776273 
1006717324220901 -0.023844 0.767771 9.776520 
1006717343127671 -0.021461 0.768992 9.776429 
1006717362034494 -0.008661 0.775824 9.775910 
1006717380941317 0.011170 0.781233 9.775476 
1006717399848140 0.034565 0.788891 9.774806 
1006717418754911 0.056251 0.794711 9.774235 
1006717437661734 0.072833 0.794280 9.774160 
1006717456568557 0.082262 0.785623 9.774784 
1006717475475328 0.098993 0.779888 9.775090 
1006717494382151 0.128707 0.792780 9.773705 
1006717513288973 0.145610 0.822805 9.770987 
1006717532195796 0.137546 0.855801 9.768269 
1006717551102567 0.123367 0.880195 9.766291 
1006717570009390 0.115847 0.896136 9.764933 
1006717588916213 0.095951 0.917611 9.763154 
1006717607823036 0.138305 0.942152 9.760308 
1006717626729859 0.172746 0.969169 9.757113 
1006717645636630 0.181257 0.989825 9.754885 
1006717664543453 0.152239 1.000286 9.754313 
1006717683450276 0.115750 1.004875 9.754343 
1006717702357098 0.099247 1.002904 9.754728 
1006717721263921 0.097135 0.995880 9.755469 
1006717740170692 0.099792 0.982717 9.756777 
1006717759077515 0.094135 0.965528 9.758549 
1006717777984338 0.084984 0.950722 9.760086 
1006717796891161 0.062734 0.932223 9.762039 
1006717815797984 0.022149 0.912407 9.764088 
1006717834704755 -0.010394 0.907009 9.764610 
1006717853611578 -0.022526 0.925815 9.762825 
1006717872518401 -0.029623 0.953596 9.760131 
1006717891425223 -0.078841 0.962169 9.759017 
1006717910332046 -0.148540 0.955969 9.758814 
1006717929238869 -0.210794 0.950253 9.758225 
1006717948145640 -0.258470 0.949215 9.757180 
1006717967052463 -0.265854 0.950160 9.756889 
1006717985959286 -0.264127 0.942636 9.757668 
1006718004866109 -0.283553 0.927689 9.758554 
1006718023772932 -0.303251 0.930445 9.757700 
1006718042679755 -0.328763 0.958902 9.754118 
1006718061586526 -0.384539 1.001636 9.747781 
1006718080493348 -0.457013 1.012376 9.743543 
1006718099400171 -0.554512 0.973623 9.742431 
1006718118306994 -0.612606 0.936330 9.742607 
1006718137213817 -0.623296 0.945961 9.740999 
1006718156120640 -0.622456 1.000640 9.735587 
1006718175027411 -0.631904 1.058905 9.728813 
1006718193934234 -0.635653 1.116264 9.722155 
1006718212841057 -0.629393 1.181840 9.714809 
1006718231747880 -0.621481 1.228799 9.709491 
1006718250654703 -0.622758 1.265159 9.704738 
1006718269561526 -0.625927 1.329944 9.695868 
1006718288468348 -0.639083 1.416175 9.682790 
1006718307375171 -0.655126 1.476336 9.672726 
1006718326281994 -0.653042 1.485750 9.671426 
1006718345188765 -0.631132 1.470573 9.675199 
1006718364095588 -0.605689 1.452215 9.679597 
1006718383002411 -0.595054 1.435183 9.682796 
1006718401909234 -0.582287 1.419870 9.685829 
1006718420816057 -0.558743 1.413459 9.688153 
1006718439722880 -0.543028 1.400917 9.690868 
1006718458629703 -0.547211 1.361158 9.696298 
1006718477536526 -0.557346 1.316620 9.701870 
1006718496443348 -0.567631 1.288100 9.705101 
1006718515350171 -0.577568 1.265707 9.707460 
1006718534256942 -0.571226 1.255820 9.709120 
1006718553163765 -0.557041 1.262176 9.709120 
1006718572070588 -0.544938 1.261409 9.709906 
1006718590977411 -0.532169 1.249862 9.712108 
1006718609884234 -0.540842 1.245793 9.712152 
1006718628791057 -0.561723 1.264833 9.708504 
1006718647697880 -0.571406 1.285545 9.705218 
1006718666604703 -0.558454 1.285309 9.706003 
1006718685511526 -0.529280 1.267985 9.709915 
1006718704418348 -0.511544 1.250183 9.713175 
1006718723325171 -0.503889 1.245277 9.714204 
1006718742231994 -0.498009 1.256124 9.713111 
1006718761138817 -0.487549 1.266473 9.712298 
1006718780045640 -0.458896 1.258187 9.714771 
1006718798952411 -0.416665 1.234934 9.719656 
1006718817859234 -0.382501 1.215817 9.723470 
1006718836766057 -0.365689 1.208963 9.724972 
1006718855672880 -0.362042 1.206222 9.725448 
1006718874579703 -0.340727 1.194722 9.727638 
1006718893486526 -0.302660 1.167700 9.732176 
1006718912393348 -0.291797 1.136735 9.736173 
1006718931300171 -0.306528 1.124407 9.737152 
1006718950206994 -0.326650 1.127777 9.736108 
1006718969113817 -0.322150 1.120827 9.737061 
1006718988020640 -0.287143 1.096153 9.740964 
1006719006927463 -0.250480 1.059122 9.746071 
1006719025834286 -0.230482 1.014607 9.751299 
1006719044741109 -0.259609 0.997624 9.752319 
1006719063647932 -0.336194 0.981898 9.751576 
1006719082554755 -0.427853 0.974818 9.748695 
1006719101461578 -0.461404 0.968935 9.747751 
1006719120368401 -0.415705 0.961256 9.750568 
1006719139275223 -0.373503 0.951180 9.753263 
1006719158182046 -0.357035 0.944163 9.754561 
1006719177088869 -0.354415 0.953872 9.753713 
1006719195995692 -0.331208 0.982805 9.751656 
1006719214902515 -0.257254 1.013460 9.750750 
1006719233809338 -0.172461 1.044584 9.749332 
1006719252716161 -0.121326 1.075068 9.746790 
1006719271622984 -0.126169 1.098727 9.744088 
1006719290529807 -0.146892 1.078847 9.746019 
1006719309436630 -0.134913 0.996866 9.754919 
1006719328343453 -0.110639 0.855052 9.768676 
1006719347250276 -0.096448 0.722793 9.779502 
1006719366157098 -0.062170 0.653127 9.784679 
1006719385063921 -0.048964 0.684613 9.782601 
1006719403970744 -0.027502 0.807002 9.773351 
1006719422877567 0.016771 0.962612 9.759276 
1006719441784390 0.041868 1.081824 9.746707 
1006719460691213 0.002364 1.133591 9.740911 
1006719479598036 -0.096346 1.135802 9.740177 
1006719498504859 -0.219475 1.127018 9.739202 
1006719517411682 -0.323115 1.130252 9.735940 
1006719536318505 -0.382468 1.149827 9.731496 
1006719555225328 -0.412616 1.191712 9.725223 
1006719574132151 -0.403934 1.254050 9.717746 
1006719593038973 -0.347650 1.324872 9.710522 
1006719611945796 -0.270951 1.393644 9.703336 
1006719630852619 -0.192188 1.450514 9.696878 
1006719649759442 -0.145488 1.504634 9.689443 
1006719668666265 -0.137061 1.566729 9.679718 
1006719687573140 -0.139976 1.627601 9.669628 
1006719706479963 -0.124668 1.660432 9.664255 
1006719725386786 -0.089429 1.643550 9.667531 
1006719744293609 -0.048750 1.577573 9.678805 
1006719763200432 -0.018003 1.497677 9.691596 
1006719782107255 0.020516 1.438907 9.700491 
1006719801014078 0.080090 1.420268 9.702928 
1006719819920901 0.159594 1.434359 9.699874 
1006719838827723 0.248177 1.459406 9.694273 
1006719857734546 0.300148 1.476004 9.690289 
1006719876641369 0.282094 1.478864 9.690395 
1006719895548192 0.233492 1.475425 9.692214 
1006719914455015 0.181288 1.469567 9.694220 
1006719933361890 0.135775 1.455862 9.697032 
1006719952268713 0.096229 1.428151 9.701624 
1006719971175536 0.057174 1.387025 9.707898 
1006719990082359 0.031698 1.350739 9.713130 
1006720008989182 0.019160 1.338876 9.714805 
1006720027896005 0.010679 1.351822 9.713025 
1006720046802828 0.002819 1.373699 9.709961 
1006720065709651 -0.000420 1.388372 9.707873 
1006720084616473 0.006663 1.390659 9.707543 
1006720103523296 0.024555 1.386843 9.708061 
1006720122430171 0.042997 1.382030 9.708683 
1006720141336994 0.040426 1.370679 9.710303 
1006720160243817 0.008191 1.346776 9.713728 
1006720179150640 -0.043407 1.313766 9.718154 
1006720198057463 -0.097611 1.280280 9.722230 
1006720216964286 -0.140065 1.247565 9.725963 
1006720235871109 -0.163327 1.212714 9.730007 
1006720254777984 -0.171220 1.171482 9.734921 
1006720273684807 -0.166762 1.130346 9.739861 
1006720292591630 -0.161359 1.102731 9.743118 
1006720311498453 -0.176538 1.095409 9.743680 
1006720330405276 -0.203156 1.103537 9.742244 
1006720349312098 -0.217746 1.121778 9.739845 
1006720368218921 -0.215276 1.138282 9.737986 
1006720387125796 -0.200653 1.134007 9.738795 
1006720406032619 -0.185988 1.102348 9.742722 
1006720424939442 -0.200626 1.055603 9.747606 
1006720443846265 -0.236647 1.008394 9.751796 
1006720462753088 -0.270614 0.974570 9.754352 
1006720481659911 -0.283290 0.961512 9.755288 
1006720500566786 -0.267609 0.961536 9.755727 
1006720519473609 -0.244340 0.963337 9.756161 
1006720538380432 -0.224988 0.961920 9.756766 
1006720557287255 -0.208164 0.954368 9.757881 
1006720576194078 -0.186349 0.936450 9.760057 
1006720595100901 -0.158744 0.912242 9.762838 
1006720614007776 -0.136517 0.883940 9.765777 
1006720632914598 -0.117731 0.862701 9.767921 
1006720651821421 -0.103676 0.850221 9.769174 
1006720670728244 -0.088070 0.839902 9.770220 
1006720689635067 -0.057069 0.838360 9.770583 
1006720708541942 -0.030544 0.852359 9.769491 
1006720727448765 -0.034401 0.871444 9.767794 
1006720746355588 -0.076291 0.876510 9.767102 
1006720765262411 -0.125394 0.860174 9.768047 
1006720784169286 -0.161493 0.837117 9.769522 
1006720803076109 -0.183344 0.825362 9.770135 
1006720821982932 -0.193574 0.826542 9.769838 
1006720840889755 -0.213321 0.832378 9.768931 
1006720859796578 -0.252138 0.815137 9.769461 
1006720878703453 -0.297500 0.770346 9.771819 
1006720897610276 -0.331350 0.714907 9.774942 
1006720916517098 -0.361201 0.665930 9.777344 
1006720935423921 -0.387571 0.615529 9.779636 
1006720954330796 -0.403814 0.558485 9.782403 
1006720973237619 -0.401344 0.503487 9.785490 
1006720992144442 -0.358437 0.470748 9.788784 
1006721011051265 -0.296365 0.468112 9.790988 
1006721029958140 -0.250751 0.484856 9.791447 
1006721048864963 -0.227068 0.501953 9.791163 
1006721067771786 -0.209494 0.513754 9.790942 
1006721086678609 -0.180107 0.528733 9.790730 
1006721105585484 -0.144274 0.553773 9.789939 
1006721124492307 -0.115204 0.587116 9.788382 
1006721143399130 -0.099980 0.617273 9.786693 
1006721162305953 -0.070417 0.640570 9.785453 
1006721181212828 -0.020385 0.669630 9.783739 
1006721200119651 0.035062 0.708957 9.780927 
1006721219026473 0.075068 0.752543 9.777445 
1006721237933348 0.093669 0.792743 9.774107 
1006721256840171 0.103297 0.828790 9.771020 
1006721275746994 0.128434 0.860220 9.768004 
1006721294653817 0.174845 0.884207 9.765142 
1006721313560692 0.221056 0.896782 9.763058 
1006721332467515 0.253331 0.892191 9.762694 
1006721351374338 0.269483 0.861182 9.765047 
1006721370281213 0.267994 0.805197 9.769863 
1006721389188036 0.253684 0.741322 9.775299 
1006721408094859 0.239670 0.687537 9.779583 
1006721427001734 0.231492 0.650357 9.782322 
1006721445908557 0.223228 0.625068 9.784163 
1006721464815380 0.221624 0.603048 9.785582 
1006721483722255 0.243100 0.576906 9.786647 
1006721502629078 0.295567 0.545151 9.787024 
1006721521535901 0.355630 0.512744 9.786777 
1006721540442776 0.394802 0.488903 9.786495 
1006721559349598 0.397435 0.478898 9.786884 
1006721578256421 0.380528 0.483495 9.787329 
1006721597163296 0.371513 0.502091 9.786740 
1006721616070119 0.349845 0.533668 9.785867 
1006721634976942 0.304949 0.574918 9.785032 
1006721653883817 0.234814 0.620008 9.784214 
1006721672790640 0.162174 0.664553 9.782763 
1006721691697463 0.107361 0.705615 9.780643 
1006721710604338 0.062882 0.741112 9.778405 
1006721729511161 0.043681 0.772217 9.776102 
1006721748417984 0.048708 0.794904 9.774260 
1006721767324859 0.053477 0.804843 9.773420 
1006721786231682 0.058048 0.805277 9.773358 
1006721805138557 0.073438 0.801771 9.773544 
1006721824045380 0.105952 0.793871 9.773890 
1006721842952203 0.147660 0.779228 9.774527 
1006721861859078 0.185271 0.758367 9.775528 
1006721880765901 0.211107 0.733407 9.776909 
1006721899672776 0.238206 0.699761 9.778750 
1006721918579598 0.280947 0.663639 9.780134 
1006721937486421 0.330144 0.629928 9.780827 
1006721956393296 0.365180 0.598342 9.781566 
1006721975300119 0.379634 0.570829 9.782660 
1006721994206942 0.381088 0.552501 9.783655 
1006722013113817 0.386219 0.544284 9.783915 
1006722032020640 0.382814 0.543804 9.784075 
1006722050927515 0.359451 0.545394 9.784872 
1006722069834338 0.342987 0.546044 9.785428 
1006722088741213 0.353815 0.545572 9.785069 
1006722107648036 0.379329 0.537891 9.784537 
1006722126554859 0.400418 0.526598 9.784311 
1006722145461734 0.409550 0.509384 9.784844 
1006722164368557 0.404612 0.491360 9.785972 
1006722183275380 0.389350 0.485875 9.786864 
1006722202182255 0.375161 0.504598 9.786471 
1006722221089078 0.365944 0.545514 9.784624 
1006722239995953 0.354579 0.596982 9.782038 
1006722258902776 0.343010 0.643695 9.779488 
1006722277809651 0.322667 0.675231 9.778054 
1006722296716473 0.290389 0.691871 9.777903 
1006722315623348 0.256818 0.698282 9.778386 
1006722334530171 0.244367 0.694721 9.778959 
1006722353436994 0.249892 0.684566 9.779536 
1006722372343869 0.252411 0.671846 9.780353 
1006722391250692 0.241682 0.658257 9.781548 
1006722410157567 0.225567 0.646073 9.782744 
1006722429064390 0.210209 0.639679 9.783507 
1006722447971265 0.198129 0.631383 9.784298 
1006722466878088 0.199992 0.616011 9.785240 
1006722485784911 0.201271 0.599733 9.786224 
1006722504691786 0.182934 0.583910 9.787542 
1006722523598609 0.158907 0.573279 9.788589 
1006722542505484 0.144043 0.571104 9.788947 
1006722561412307 0.142550 0.579264 9.788489 
1006722580319182 0.147167 0.588215 9.787888 
1006722599226005 0.150588 0.584905 9.788034 
1006722618132880 0.146855 0.569057 9.789024 
1006722637039703 0.133131 0.544707 9.790606 
1006722655946578 0.109266 0.521436 9.792169 
1006722674853401 0.082634 0.506386 9.793218 
1006722693760223 0.061478 0.509757 9.793200 
1006722712667098 0.048919 0.533506 9.792005 
1006722731573973 0.049311 0.569469 9.789977 
1006722750480796 0.055608 0.609380 9.787540 
1006722769387619 0.051298 0.635090 9.785929 
1006722788294494 0.042713 0.638855 9.785725 
1006722807201317 0.038897 0.632987 9.786122 
1006722826108192 0.047628 0.627795 9.786418 
1006722845015015 0.065590 0.627556 9.786330 
1006722863921890 0.094445 0.626984 9.786131 
1006722882828713 0.127025 0.622723 9.786035 
1006722901735588 0.140181 0.618794 9.786104 
1006722920642411 0.124445 0.622371 9.786090 
1006722939549286 0.081515 0.646721 9.784963 
1006722958456109 0.032734 0.691882 9.782158 
1006722977362984 -0.017093 0.745969 9.778222 
1006722996269807 -0.081965 0.798848 9.773716 
1006723015176682 -0.173065 0.843709 9.768756 
1006723034083505 -0.275419 0.874501 9.763698 
1006723052990380 -0.360316 0.881027 9.760345 
1006723071897203 -0.391788 0.854877 9.761458 
1006723090804078 -0.387351 0.797000 9.766532 
1006723109710901 -0.379272 0.713943 9.773272 
1006723128617776 -0.371586 0.634787 9.779026 
1006723147524598 -0.379917 0.587012 9.781691 
1006723166431473 -0.397901 0.582786 9.781228 
1006723185338296 -0.411727 0.621737 9.778256 
1006723204245171 -0.412040 0.667476 9.775229 
1006723223152046 -0.401489 0.699627 9.773418 
1006723242058869 -0.398833 0.700008 9.773500 
1006723260965692 -0.405722 0.670656 9.775274 
1006723279872567 -0.405845 0.627041 9.778165 
1006723298779442 -0.380699 0.584351 9.781818 
1006723317686265 -0.340561 0.551473 9.785208 
1006723336593140 -0.308766 0.527081 9.787605 
1006723355499963 -0.286876 0.510765 9.789137 
1006723374406838 -0.267447 0.493652 9.790565 
1006723393313661 -0.231345 0.479325 9.792196 
1006723412220536 -0.182800 0.471124 9.793622 
1006723431127359 -0.129262 0.467894 9.794629 
1006723450034234 -0.080987 0.465630 9.795254 
1006723468941057 -0.045597 0.465874 9.795471 
1006723487847932 -0.013101 0.481339 9.794822 
1006723506754807 0.037766 0.522829 9.792631 
1006723525661630 0.092240 0.575069 9.789340 
1006723544568505 0.131098 0.611888 9.786664 
1006723563475328 0.157762 0.616492 9.785982 
1006723582382203 0.169554 0.586972 9.787599 
1006723601289026 0.169243 0.541831 9.790208 
1006723620195901 0.167936 0.504209 9.792240 
1006723639102723 0.155584 0.483067 9.793509 
1006723658009598 0.136308 0.482341 9.793833 
1006723676916473 0.122423 0.504127 9.792918 
1006723695823296 0.117610 0.543094 9.790895 
1006723714730171 0.112352 0.575378 9.789112 
1006723733636994 0.115203 0.583670 9.788588 
1006723752543869 0.111396 0.570943 9.789382 
1006723771450744 0.094014 0.554296 9.790521 
1006723790357567 0.079406 0.545566 9.791141 
1006723809264442 0.076124 0.550119 9.790913 
1006723828171265 0.074149 0.555762 9.790608 
1006723847078140 0.067343 0.554367 9.790736 
1006723865984963 0.063261 0.547044 9.791176 
1006723884891838 0.085216 0.545545 9.791093 
1006723903798661 0.141183 0.548510 9.790280 
1006723922705536 0.204891 0.542620 9.789483 
1006723941612411 0.264091 0.519262 9.789331 
1006723960519234 0.309377 0.499397 9.789039 
1006723979426109 0.339791 0.487433 9.788633 
1006723998332932 0.364361 0.483727 9.787933 
1006724017239807 0.395705 0.486882 9.786559 
1006724036146682 0.429350 0.492049 9.784883 
1006724055053505 0.442381 0.489804 9.784415 
1006724073960380 0.440528 0.477829 9.785090 
1006724092867203 0.435967 0.466867 9.785825 
1006724111774078 0.441446 0.461144 9.785851 
1006724130680953 0.449923 0.458198 9.785603 
1006724149587776 0.449792 0.458648 9.785587 
1006724168494651 0.433446 0.456635 9.786419 
1006724187401473 0.406813 0.458977 9.787453 
1006724206308348 0.374220 0.474033 9.788035 
1006724225215223 0.348004 0.499592 9.787731 
1006724244122046 0.328830 0.523836 9.787127 
1006724263028921 0.317336 0.534748 9.786916 
1006724281935744 0.308011 0.531855 9.787373 
1006724300842619 0.305832 0.519193 9.788120 
1006724319749494 0.314175 0.499912 9.788859 
1006724338656317 0.330714 0.475448 9.789533 
1006724357563192 0.337392 0.452398 9.790398 
1006724376470015 0.329572 0.426122 9.791843 
1006724395376890 0.311402 0.400561 9.793516 
1006724414283765 0.297008 0.386618 9.794524 
1006724433190588 0.300433 0.396341 9.794031 
1006724452097463 0.324132 0.433069 9.791719 
1006724471004338 0.361197 0.487104 9.787884 
1006724489911161 0.382147 0.530922 9.784809 
1006724508818036 0.377684 0.556892 9.783538 
1006724527724859 0.380654 0.578829 9.782149 
1006724546631734 0.403554 0.603934 9.779714 
1006724565538609 0.431566 0.623800 9.777270 
1006724584445432 0.451090 0.632761 9.775813 
1006724603352307 0.470829 0.629968 9.775062 
1006724622259182 0.516810 0.623615 9.773147 
1006724641166005 0.582497 0.623378 9.769466 
1006724660072880 0.636927 0.627263 9.765821 
1006724678979755 0.647393 0.617654 9.765744 
1006724697886578 0.621948 0.604670 9.768210 
1006724716793453 0.583371 0.596855 9.771071 
1006724735700328 0.540679 0.599806 9.773345 
1006724754607151 0.501664 0.612642 9.774630 
1006724773514026 0.468212 0.629169 9.775240 
1006724792420901 0.441719 0.640063 9.775765 
1006724811327723 0.424625 0.641753 9.776411 
1006724830234598 0.425125 0.639784 9.776519 
1006724849141473 0.451143 0.636930 9.775539 
1006724868048296 0.493192 0.632831 9.773775 
1006724886955171 0.523204 0.623236 9.772831 
1006724905862046 0.529991 0.618201 9.772785 
1006724924768869 0.516804 0.622351 9.773228 
1006724943675744 0.503046 0.633248 9.773246 
1006724962582619 0.494508 0.648005 9.772714 
1006724981489494 0.488726 0.653496 9.772639 
1006725000396317 0.484406 0.641385 9.773657 
1006725019303192 0.469227 0.615876 9.776037 
1006725038210067 0.447826 0.593015 9.778456 
1006725057116942 0.431135 0.580922 9.779931 
1006725076023765 0.423372 0.583574 9.780112 
1006725094930640 0.421351 0.598460 9.779299 
1006725113837515 0.418577 0.602030 9.779200 
1006725132744390 0.414977 0.587738 9.780222 
1006725151651213 0.418691 0.558968 9.781750 
1006725170558088 0.416743 0.526686 9.783625 
1006725189464963 0.404647 0.495483 9.785763 
1006725208371838 0.402475 0.466325 9.787286 
1006725227278661 0.410127 0.443159 9.788043 
1006725246185536 0.421119 0.423001 9.788468 
1006725265092411 0.442190 0.407979 9.788177 
1006725283999286 0.469787 0.392420 9.787527 
1006725302906161 0.489464 0.375275 9.787235 
1006725321812984 0.489522 0.350955 9.788135 
1006725340719859 0.472004 0.325490 9.789875 
1006725359626734 0.449447 0.309626 9.791451 
1006725378533609 0.427976 0.312633 9.792317 
1006725397440484 0.410880 0.331594 9.792426 
1006725416347307 0.389439 0.349379 9.792685 
1006725435254182 0.363622 0.355979 9.793440 
1006725454161057 0.335619 0.353090 9.794542 
1006725473067932 0.314738 0.349577 9.795362 
1006725491974807 0.313156 0.354280 9.795245 
1006725510881630 0.318348 0.371003 9.794457 
1006725529788505 0.314233 0.380512 9.794226 
1006725548695380 0.309910 0.378008 9.794460 
1006725567602255 0.318769 0.367556 9.794574 
1006725586509130 0.349111 0.361810 9.793753 
1006725605416005 0.397638 0.364162 9.791816 
1006725624322880 0.445484 0.371192 9.789492 
1006725643229703 0.469629 0.378391 9.788088 
1006725662136578 0.462659 0.388507 9.788023 
1006725681043453 0.443382 0.413342 9.787899 
1006725699950328 0.440227 0.455391 9.786174 
1006725718857203 0.457958 0.498812 9.783244 
1006725737764078 0.482376 0.517969 9.781075 
1006725756670953 0.504884 0.506803 9.780522 
1006725775577776 0.509548 0.474995 9.781878 
1006725794484651 0.506318 0.443457 9.783525 
1006725813391526 0.512937 0.439885 9.783342 
1006725832298401 0.521137 0.467142 9.781646 
1006725851205276 0.537614 0.509032 9.778663 
1006725870112151 0.541977 0.545638 9.776447 
1006725889019026 0.510508 0.561877 9.777221 
1006725907925901 0.460903 0.568327 9.779313 
1006725926832776 0.424906 0.579421 9.780293 
1006725945739598 0.412376 0.606775 9.779169 
1006725964646473 0.409173 0.643186 9.776977 
1006725983553348 0.412756 0.674629 9.774707 
1006726002460223 0.413795 0.703026 9.772661 
1006726021367098 0.419673 0.722495 9.770991 
1006726040273973 0.448146 0.739899 9.768423 
1006726059180848 0.479027 0.763401 9.765149 
1006726078087723 0.503257 0.768764 9.763510 
1006726096994598 0.512528 0.750365 9.764459 
1006726115901473 0.492841 0.722483 9.767574 
1006726134808296 0.464614 0.703746 9.770326 
1006726153715171 0.433287 0.703787 9.771763 
1006726172622046 0.416046 0.705503 9.772388 
1006726191528921 0.418841 0.710750 9.771888 
1006726210435796 0.424763 0.707119 9.771895 
1006726229342671 0.430147 0.691131 9.772804 
1006726248249546 0.431686 0.657605 9.775048 
1006726267156421 0.437379 0.631790 9.776499 
1006726286063296 0.439446 0.618129 9.777279 
1006726304970171 0.428565 0.618709 9.777726 
1006726323877046 0.404306 0.632731 9.777862 
1006726342783921 0.372983 0.650189 9.777962 
1006726361690796 0.351675 0.673275 9.777188 
1006726380597671 0.340903 0.706975 9.775190 
1006726399504546 0.322187 0.738070 9.773527 
1006726418411421 0.299930 0.757383 9.772758 
1006726437318296 0.282285 0.764591 9.772722 
1006726456225119 0.274429 0.763835 9.773005 
1006726475131994 0.270571 0.764044 9.773096 
1006726494038869 0.262635 0.769661 9.772872 
1006726512945796 0.237512 0.777722 9.772877 
1006726531852619 0.207998 0.780425 9.773335 
1006726550759494 0.192089 0.780424 9.773661 
1006726569666369 0.199516 0.772314 9.774156 
1006726588573244 0.206408 0.760927 9.774904 
1006726607480119 0.187384 0.746878 9.776372 
1006726626386994 0.149189 0.738144 9.777694 
1006726645293869 0.102090 0.737296 9.778361 
1006726664200744 0.070323 0.742466 9.778251 
1006726683107619 0.057298 0.757040 9.777218 
1006726702014494 0.043281 0.778760 9.775583 
1006726720921369 0.028901 0.808408 9.773231 
1006726739828244 0.013351 0.830368 9.771423 
1006726758735119 0.007509 0.834913 9.771042 
1006726777641994 0.011374 0.822739 9.772069 
1006726796548869 0.012932 0.802462 9.773755 
1006726815455744 0.006737 0.789419 9.774822 
1006726834362619 -0.002425 0.793769 9.774473 
1006726853269494 -0.010461 0.804728 9.773571 
1006726872176369 -0.023050 0.809883 9.773123 
1006726891083244 -0.038237 0.798783 9.773990 
1006726909990119 -0.046084 0.797184 9.774086 
1006726928896994 -0.036169 0.901698 9.765040 
1006726947803869 -0.053072 1.013811 9.753962 
1006726966710744 -0.133425 1.050055 9.749358 
1006726985617619 -0.215051 1.008317 9.752305 
1006727004524494 -0.241316 0.948768 9.757664 
1006727023431369 -0.241287 0.885253 9.763632 
1006727042338244 -0.242949 0.815319 9.769678 
1006727061245119 -0.225489 0.749996 9.775329 
1006727080151994 -0.192453 0.699043 9.779810 
1006727099058869 -0.160583 0.673909 9.782149 
1006727117965744 -0.142410 0.674929 9.782360 
1006727136872619 -0.140780 0.693463 9.781088 
1006727155779494 -0.137945 0.724134 9.778906 
1006727174686369 -0.127151 0.752148 9.776937 
1006727193593244 -0.126774 0.768181 9.775695 
1006727212500119 -0.118413 0.771962 9.775502 
1006727231406994 -0.084498 0.763728 9.776501 
1006727250313869 -0.043461 0.747710 9.778008 
1006727269220744 -0.027070 0.733953 9.779108 
1006727288127619 -0.046594 0.736390 9.778852 
1006727307034494 -0.089104 0.769964 9.775970 
