# Created at Thu Jun 06 10:35:43 GMT+03:00 2024 in Burnaby Canada 
1006694938669494 -0.019547 0.859767 0.139579 
1006694957575848 -0.058030 0.270911 0.125835 
1006694976482203 -0.257472 -0.290458 -0.003054 
1006694995388557 -0.609626 -0.136219 -0.038789 
1006695014294911 -0.817924 -0.056809 -0.022907 
1006695033201213 -0.802042 -0.310005 -0.043370 
1006695052107567 -0.648720 -0.693922 -0.175924 
1006695071013921 -0.441643 -0.811205 -0.418125 
1006695089920276 -0.196082 -0.670099 -0.731795 
1006695108826630 0.043370 -0.519831 -0.907414 
1006695127732984 0.181422 -0.425150 -0.849689 
1006695146639338 0.192722 -0.218683 -0.713470 
1006695165545692 0.153323 0.178367 -0.533270 
1006695184452046 0.181116 0.443475 -0.369563 
1006695203358401 0.215629 0.663075 -0.244644 
1006695222264755 0.206772 0.785244 -0.225403 
1006695241171161 0.212575 0.672237 -0.253196 
1006695260077515 0.243117 0.393080 -0.171953 
1006695278983869 0.237314 -0.073607 -0.031764 
1006695297890223 0.019547 -0.291374 0.050395 
1006695316796578 -0.372311 0.032069 0.151185 
1006695335702984 -0.613291 0.330468 0.196693 
1006695354609338 -0.602906 0.231206 0.226013 
1006695373515692 -0.502116 0.203718 0.249837 
1006695392422098 -0.475239 0.255945 0.281295 
1006695411328453 -0.436756 0.117894 0.273965 
1006695430234859 -0.361927 -0.025656 0.338104 
1006695449141213 -0.268162 -0.174397 0.388499 
1006695468047619 -0.118199 -0.314586 0.299621 
1006695486953973 0.134692 -0.326192 0.094070 
1006695505860380 0.425150 -0.552817 -0.142633 
1006695524766734 0.517082 -0.941316 -0.292901 
1006695543673140 0.378420 -0.801126 -0.393386 
1006695562579546 0.253196 -0.205856 -0.455692 
1006695581485901 0.276408 0.110258 -0.426982 
1006695600392307 0.330774 -0.035735 -0.284960 
1006695619298713 0.305118 -0.245866 -0.141717 
1006695638205067 0.220516 -0.300842 -0.008246 
1006695657111473 0.156682 -0.080937 0.158209 
1006695676017880 0.167983 0.183254 0.260832 
1006695694924286 0.193944 0.303591 0.207688 
1006695713830692 0.136524 0.286182 0.103844 
1006695732737098 0.016798 0.178978 0.045814 
1006695751643505 -0.055893 0.012522 0.011301 
1006695770549911 -0.059863 -0.147214 -0.018631 
1006695789456317 -0.073302 -0.169510 -0.062001 
1006695808362723 -0.127667 -0.160347 -0.076050 
1006695827269130 -0.179284 -0.053755 -0.045508 
1006695846175536 -0.148130 0.135914 0.004276 
1006695865081994 -0.060779 0.189974 0.098652 
1006695883988401 0.034513 0.116977 0.163402 
1006695902894807 0.111480 0.093154 0.123697 
1006695921801213 0.178062 0.211048 0.061696 
1006695940707619 0.262970 0.161875 0.006108 
1006695959614078 0.268467 -0.030237 -0.049173 
1006695978520484 0.087046 -0.105677 -0.067804 
1006695997426942 -0.202496 -0.052838 -0.051922 
1006696016333348 -0.478293 0.088267 0.015882 
1006696035239755 -0.687509 0.145382 0.108425 
1006696054146213 -0.826171 0.090100 0.133470 
1006696073052619 -0.846329 -0.016798 0.053755 
1006696091959078 -0.623675 -0.259610 -0.094987 
1006696110865536 -0.145992 -0.890615 -0.326803 
1006696129771942 0.257778 -1.455420 -0.595882 
1006696148678401 0.332912 -1.401055 -0.610847 
1006696167584807 0.224181 -0.805097 -0.384834 
1006696186491265 0.208604 -0.306340 -0.261748 
1006696205397723 0.280379 -0.100790 -0.213186 
1006696224304182 0.263581 0.045814 -0.090711 
1006696243210588 0.102011 0.110869 0.069637 
1006696262117046 -0.139884 0.231511 0.225403 
1006696281023505 -0.306645 0.335050 0.319473 
1006696299929963 -0.349099 0.317335 0.337799 
1006696318836421 -0.340242 0.168899 0.255640 
1006696337742880 -0.291680 0.004276 0.077272 
1006696356649338 -0.157599 0.026572 -0.109342 
1006696375555796 0.071164 0.032375 -0.210742 
1006696394462255 0.285877 -0.028710 -0.237009 
1006696413368713 0.393386 -0.047341 -0.266635 
1006696432275171 0.372617 0.103539 -0.262359 
1006696451181630 0.311838 0.279768 -0.187836 
1006696470088088 0.219905 0.295650 -0.014049 
1006696488994546 0.080632 0.214713 0.096514 
1006696507901005 -0.048257 0.274576 -0.033902 
1006696526807463 -0.119726 0.317946 -0.201580 
1006696545713973 -0.144465 0.210742 -0.209215 
1006696564620432 -0.145382 0.112396 -0.130721 
1006696583526890 -0.145992 0.051617 0.007941 
1006696602433348 -0.169205 0.006719 0.192722 
1006696621339859 -0.170732 -0.011912 0.279157 
1006696640246317 -0.113618 -0.021380 0.227846 
1006696659152828 -0.010079 0.072385 0.088267 
1006696678059286 0.105066 0.194249 -0.054365 
1006696696965744 0.201580 0.031153 -0.101706 
1006696715872255 0.313670 -0.304813 -0.091627 
1006696734778713 0.355208 -0.525634 0.056503 
1006696753685223 0.178673 -0.229679 0.368646 
1006696772591682 -0.107509 0.367730 0.590384 
1006696791498192 -0.236703 0.577556 0.541211 
1006696810404703 -0.121864 0.439505 0.295650 
1006696829311161 0.131027 0.121559 -0.006719 
1006696848217671 0.255029 -0.272132 -0.126445 
1006696867124130 0.124918 -0.390637 -0.115450 
1006696886030640 -0.125529 -0.102622 -0.069331 
1006696904937151 -0.277630 0.263581 -0.018020 
1006696923843609 -0.240368 0.253196 0.032069 
1006696942750119 -0.136524 0.077578 0.072080 
1006696961656630 -0.046119 -0.024434 0.085824 
1006696980563140 0.066888 -0.050395 0.090711 
1006696999469651 0.218378 0.031459 0.056503 
1006697018376161 0.354291 0.153017 -0.014966 
1006697037282619 0.435840 0.257167 -0.044897 
1006697056189130 0.482264 0.219905 0.024434 
1006697075095640 0.513112 0.133165 0.149047 
1006697094002151 0.507614 0.154544 0.212880 
1006697112908661 0.448667 0.161264 0.169510 
1006697131815171 0.328330 0.101095 0.119421 
1006697150721682 0.190279 0.028404 0.130110 
1006697169628192 0.113618 -0.066277 0.141717 
1006697188534703 0.079716 -0.081243 0.089489 
1006697207441213 0.037873 -0.015577 -0.030848 
1006697226347723 -0.042454 0.016493 -0.127667 
1006697245254286 -0.132554 -0.007636 -0.225097 
1006697264160796 -0.201885 -0.124918 -0.381169 
1006697283067307 -0.302675 -0.291374 -0.489900 
1006697301973817 -0.429731 -0.345129 -0.485318 
1006697320880328 -0.418125 -0.235787 -0.406824 
1006697339786890 -0.190890 -0.144771 -0.294428 
1006697358693401 0.148436 -0.063223 -0.191195 
1006697377599911 0.440726 -0.079410 -0.116672 
1006697396506473 0.565950 -0.166761 -0.056809 
1006697415412984 0.525939 -0.107204 0.051006 
1006697434319494 0.434007 0.131638 0.150574 
1006697453226057 0.401632 0.347572 0.128278 
1006697472132567 0.398578 0.359789 0.004887 
1006697491039078 0.310310 0.147520 -0.060474 
1006697509945640 0.132859 -0.022296 -0.029932 
1006697528852151 -0.014966 0.030848 -0.057420 
1006697547758713 -0.061696 0.214713 -0.132554 
1006697566665223 -0.030848 0.406213 -0.124307 
1006697585571786 0.057114 0.575113 -0.040010 
1006697604478296 0.188141 0.488067 0.088573 
1006697623384859 0.297177 0.172259 0.260526 
1006697642291421 0.328636 0.051311 0.341158 
1006697661197932 0.282822 0.175313 0.273354 
1006697680104494 0.220821 0.413849 0.120031 
1006697699011057 0.194555 0.433702 -0.007330 
1006697717917567 0.163707 0.222959 -0.044286 
1006697736824130 0.063528 -0.016798 -0.049479 
1006697755730692 -0.103539 -0.073302 -0.071775 
1006697774637255 -0.231206 -0.009468 -0.143855 
1006697793543765 -0.275187 0.057725 -0.215018 
1006697812450328 -0.279157 0.131638 -0.224792 
1006697831356890 -0.282211 0.126140 -0.170732 
1006697850263453 -0.299315 0.063223 -0.098346 
1006697869170015 -0.308172 0.118199 -0.062612 
1006697888076578 -0.281906 0.146298 -0.054671 
1006697906983140 -0.254418 0.154544 -0.018631 
1006697925889703 -0.230289 0.193944 0.004887 
1006697944796265 -0.204328 0.215324 0.001222 
1006697963702828 -0.168594 0.174091 -0.024128 
1006697982609390 -0.134081 0.165845 -0.038178 
1006698001515953 -0.081854 0.121864 -0.062306 
1006698020422515 -0.037873 0.090711 -0.080937 
1006698039329078 -0.022601 0.104149 -0.065666 
1006698058235640 -0.034818 0.043676 0.000000 
1006698077142203 -0.020463 -0.003665 0.007330 
1006698096048765 0.025961 0.004276 -0.073607 
1006698114955328 0.076967 0.004276 -0.160958 
1006698133861890 0.120948 -0.009774 -0.162180 
1006698152768505 0.146909 -0.014049 -0.080021 
1006698171675067 0.139579 0.036956 -0.003971 
1006698190581630 0.102011 0.037262 0.016187 
1006698209488192 0.059252 -0.017104 -0.011301 
1006698228394807 0.048257 -0.125835 -0.079105 
1006698247301369 0.078494 -0.159431 -0.151185 
1006698266207932 0.191501 -0.116061 -0.144160 
1006698285114546 0.319473 0.019853 -0.016187 
1006698304021109 0.445919 0.207993 0.099874 
1006698322927671 0.527161 0.205856 0.130416 
1006698341834286 0.506087 0.142327 0.073302 
1006698360740848 0.372006 0.169816 -0.003054 
1006698379647463 0.206772 0.214102 -0.066277 
1006698398554026 0.067499 0.130110 -0.132248 
1006698417460640 -0.061696 -0.069942 -0.144160 
1006698436367203 -0.216851 -0.207993 -0.106287 
1006698455273817 -0.378114 -0.133776 -0.075745 
1006698474180380 -0.514028 0.115756 -0.034207 
1006698493086994 -0.491732 0.267551 -0.001833 
1006698511993557 -0.330774 0.206466 0.049479 
1006698530900171 -0.174702 0.163707 0.141106 
1006698549806786 -0.085519 0.180811 0.231511 
1006698568713348 -0.062001 0.220210 0.323749 
1006698587619963 -0.027488 0.195166 0.382696 
1006698606526578 0.020769 0.067193 0.397051 
1006698625433140 0.034818 0.027488 0.291985 
1006698644339755 -0.013744 0.040927 0.167372 
1006698663246369 -0.101401 0.069026 0.180811 
1006698682152932 -0.120642 0.043370 0.230289 
1006698701059546 -0.033597 0.018325 0.196082 
1006698719966161 0.087657 -0.024739 0.118199 
1006698738872776 0.107815 0.004276 0.096819 
1006698757779390 0.010995 0.103233 0.146298 
1006698776685953 -0.103539 0.117894 0.201885 
1006698795592567 -0.115145 0.092543 0.161875 
1006698814499182 -0.040621 0.033902 0.091627 
1006698833405796 -0.009774 -0.069942 0.051006 
1006698852312411 -0.065361 -0.032375 -0.013439 
1006698871219026 -0.156682 0.276103 -0.075440 
1006698890125640 -0.180200 0.752564 -0.102928 
1006698909032255 -0.067804 1.068983 -0.094376 
1006698927938869 0.107509 1.050046 -0.027488 
1006698946845484 0.251058 0.601074 0.097736 
1006698965752098 0.267551 -0.044592 0.176840 
1006698984658713 0.168594 -0.280684 0.088267 
1006699003565328 0.042759 -0.178062 -0.099568 
1006699022471942 -0.080632 -0.048257 -0.200358 
1006699041378557 -0.205550 -0.109342 -0.157904 
1006699060285171 -0.348488 -0.354291 -0.069942 
1006699079191786 -0.511585 -0.470658 -0.058336 
1006699098098401 -0.622453 -0.434618 -0.116061 
1006699117005067 -0.610236 -0.331690 -0.186308 
1006699135911682 -0.480431 -0.222959 -0.234871 
1006699154818296 -0.323749 -0.139579 -0.221738 
1006699173724911 -0.222959 -0.227541 -0.130721 
1006699192631578 -0.167678 -0.198831 -0.087657 
1006699211538192 -0.080326 -0.077272 -0.125529 
1006699230444807 0.004581 0.004887 -0.154239 
1006699249351421 0.034513 -0.005803 -0.189057 
1006699268258088 -0.027183 -0.069026 -0.220210 
1006699287164703 -0.124918 -0.080632 -0.258999 
1006699306071317 -0.160347 -0.113007 -0.326498 
1006699324977984 -0.145076 -0.312143 -0.415682 
1006699343884598 -0.249837 -0.554955 -0.483180 
1006699362791213 -0.513723 -0.568699 -0.488067 
1006699381697880 -0.753785 -0.481042 -0.409573 
1006699400604494 -0.797461 -0.328025 -0.219905 
1006699419511161 -0.588246 -0.318862 -0.018936 
1006699438417776 -0.261748 -0.387583 0.065666 
1006699457324442 0.000916 -0.382085 0.026877 
1006699476231057 0.099874 -0.213186 -0.017104 
1006699495137723 0.120948 0.064750 -0.046730 
1006699514044338 0.213186 -0.097430 -0.146603 
1006699532951005 0.218378 -0.973385 -0.347572 
1006699551857619 -0.087962 -1.377842 -0.637725 
1006699570764286 -0.561063 -1.008509 -0.864654 
1006699589670901 -0.879315 -0.728130 -0.844496 
1006699608577567 -0.910773 -0.448362 -0.616650 
1006699627484234 -0.663991 -0.238536 -0.336882 
1006699646390848 -0.314281 -0.351848 -0.024434 
1006699665297515 -0.078188 -0.518609 0.143855 
1006699684204130 -0.053755 -0.555871 0.073607 
1006699703110796 -0.047952 -0.313975 -0.152406 
1006699722017463 0.145687 -0.173786 -0.433702 
1006699740924130 0.366203 -0.429120 -0.730573 
1006699759830744 0.356735 -0.608404 -0.970025 
1006699778737411 0.280073 -0.506698 -0.569004 
1006699797644078 0.248920 -0.064750 -0.014355 
1006699816550744 0.277019 0.237925 -0.195166 
1006699835457359 0.347572 0.315808 0.040010 
1006699854364026 0.316724 0.232122 0.429120 
1006699873270692 0.268467 0.284349 0.477988 
1006699892177359 0.394913 0.525023 0.399494 
1006699911084026 0.585802 0.525023 0.267857 
1006699929990692 0.705529 0.469436 0.142022 
1006699948897359 0.647193 0.259305 0.063834 
1006699967803973 0.510057 0.001527 0.092543 
1006699986710640 0.428509 -0.143855 0.131943 
1006700005617307 0.403159 -0.170426 0.098041 
1006700024523973 0.330163 -0.002443 -0.108425 
1006700043430640 0.189974 0.338409 -0.441337 
1006700062337307 0.139884 0.604739 -0.562896 
1006700081243973 0.098652 0.506698 -0.428509 
1006700100150640 0.101706 0.263275 -0.188141 
1006700119057307 0.158209 0.101706 0.022296 
1006700137963973 0.163707 0.092238 0.109036 
1006700156870640 0.158820 0.235787 0.026877 
1006700175777307 0.185087 0.376893 -0.101095 
1006700194683973 0.204328 0.393996 -0.150268 
1006700213590692 0.166456 0.231511 -0.049479 
1006700232497359 0.069026 0.017409 0.017409 
1006700251404026 -0.105371 -0.083686 -0.045508 
1006700270310692 -0.259305 0.011912 -0.203412 
1006700289217359 -0.246477 0.183254 -0.340242 
1006700308124026 -0.068109 0.266940 -0.290152 
1006700327030692 0.132859 0.149963 -0.040927 
1006700345937411 0.166761 -0.007025 0.159737 
1006700364844078 0.028710 0.004887 0.165234 
1006700383750744 -0.051922 0.091627 0.012217 
1006700402657411 -0.054060 0.117588 -0.142327 
1006700421564130 -0.081243 0.104760 -0.166761 
1006700440470796 -0.078494 -0.004887 -0.061085 
1006700459377463 -0.061696 -0.061390 0.045814 
1006700478284130 -0.069942 -0.046730 0.052533 
1006700497190848 -0.076967 -0.039400 -0.083686 
1006700516097515 -0.041843 -0.030848 -0.286793 
1006700535004182 0.002443 0.036651 -0.352459 
1006700553910901 0.055893 0.049173 -0.194249 
1006700572817567 0.060168 0.066582 0.063223 
1006700591724234 0.056503 0.093460 0.241896 
1006700610630953 0.058947 0.236398 0.276408 
1006700629537619 0.027794 0.403159 0.197609 
1006700648444286 -0.067499 0.386972 0.077272 
1006700667351005 -0.224486 0.184781 0.028710 
1006700686257671 -0.303897 -0.010384 0.091627 
1006700705164390 -0.138357 0.076967 0.132248 
1006700724071057 0.124613 -0.081854 0.187225 
1006700742977776 0.193944 -0.048562 0.256861 
1006700761884442 0.163096 -0.375976 0.173786 
1006700780791161 -0.039094 -0.512806 0.423623 
1006700799697828 -0.228151 -0.333217 0.464855 
1006700818604546 -0.390637 0.269078 0.463328 
1006700837511213 -0.454470 0.989573 0.590995 
1006700856417932 -0.388193 0.945286 0.786466 
1006700875324598 -0.303286 0.239758 0.896113 
1006700894231317 -0.298704 -0.209215 0.805708 
1006700913137984 -0.332912 -0.132248 0.586719 
1006700932044703 -0.253807 -0.069331 0.393386 
1006700950951421 -0.030848 -0.345434 0.196693 
1006700969858088 0.175924 -0.643222 -0.072080 
1006700988764807 0.283433 -0.476461 -0.323749 
1006701007671473 0.410795 -0.385750 -0.450194 
1006701026578192 0.671932 -0.596798 -0.434007 
1006701045484911 0.921768 -0.615429 -0.478599 
1006701064391578 1.053712 -0.294428 -0.570226 
1006701083298296 1.062874 0.720800 -0.505782 
1006701102205015 0.842053 1.426405 -0.096514 
1006701121111682 0.619399 1.368374 0.300231 
1006701140018401 0.458746 0.748593 0.542127 
1006701158925119 0.268467 0.086740 0.561369 
1006701177831838 0.193944 -0.230595 0.355513 
1006701196738505 0.229984 -0.535713 0.276714 
1006701215645223 0.370173 -1.118156 0.422706 
1006701234551942 0.511585 -1.240631 0.705223 
1006701253458661 0.590078 -0.783717 0.830447 
1006701272365328 0.595576 -0.053755 0.457525 
1006701291272046 0.570226 0.548235 0.089489 
1006701310178765 0.575113 0.716829 0.013133 
1006701329085484 0.444086 0.437367 0.076967 
1006701347992151 -0.001222 0.173175 0.049784 
1006701366898869 -0.395524 0.109036 0.080021 
1006701385805588 -0.420263 0.371395 0.233038 
1006701404712307 -0.236092 0.561674 0.314586 
1006701423619026 -0.085213 0.408657 0.440421 
1006701442525744 -0.015577 0.148436 0.592216 
1006701461432463 -0.085213 0.198220 0.725687 
1006701480339130 -0.265719 0.426371 0.752564 
1006701499245901 -0.354291 0.646276 0.594354 
1006701518152567 -0.338715 0.794712 0.335966 
1006701537059286 -0.299315 0.707667 0.139884 
1006701555966005 -0.272132 0.406519 0.144465 
1006701574872723 -0.224181 0.149963 0.252280 
1006701593779442 -0.153628 -0.088267 0.315808 
1006701612686161 -0.144465 -0.362843 0.303897 
1006701631592880 -0.217462 -0.324665 0.269689 
1006701650499598 -0.292901 0.042454 0.313975 
1006701669406317 -0.244950 0.358873 0.441948 
1006701688313036 -0.110869 0.225097 0.641695 
1006701707219755 0.011301 -0.040010 0.772722 
1006701726126473 0.073607 0.075440 0.724159 
1006701745033192 0.079716 0.509141 0.590384 
1006701763939911 0.131638 0.741874 0.454776 
1006701782846630 0.268467 0.490816 0.400105 
1006701801753348 0.346350 0.002443 0.445919 
1006701820660067 0.268773 -0.262664 0.459968 
1006701839566786 0.076967 -0.177757 0.384528 
1006701858473505 -0.115145 0.133776 0.294123 
1006701877380223 -0.219294 0.412322 0.222959 
1006701896286942 -0.186003 0.129500 0.190584 
1006701915193661 -0.126751 -0.430953 0.175924 
1006701934100432 -0.324360 -0.518609 0.110869 
1006701953007151 -0.472185 -0.458441 0.048562 
1006701971913869 -0.298093 -0.310005 -0.026877 
1006701990820588 0.061696 -0.069026 -0.126445 
1006702009727307 0.315197 0.134692 -0.164623 
1006702028634026 0.342991 0.277630 -0.114534 
1006702047540744 0.282517 0.424844 -0.029932 
1006702066447463 0.227846 0.527772 0.021380 
1006702085354234 0.152712 0.463633 0.025350 
1006702104260953 -0.003665 0.099263 0.012522 
1006702123167671 -0.139273 -0.295650 -0.037567 
1006702142074390 -0.123697 -0.318862 -0.056809 
1006702160981109 0.016187 -0.023212 -0.072691 
1006702179887880 0.178367 0.236703 -0.069026 
1006702198794598 0.230900 0.277936 -0.055893 
1006702217701317 0.167372 0.203718 -0.087962 
1006702236608036 0.135914 0.204939 -0.149352 
1006702255514755 0.237314 0.403770 -0.139579 
1006702274421526 0.356124 0.318862 -0.180200 
1006702293328244 0.239758 -0.128583 -0.249531 
1006702312234963 0.043676 -0.247088 -0.265413 
1006702331141734 -0.089184 -0.203107 -0.329858 
1006702350048453 -0.164929 -0.106593 -0.362538 
1006702368955171 -0.123086 -0.022907 -0.308172 
1006702387861890 -0.059558 -0.006719 -0.204939 
1006702406768661 -0.093765 -0.098041 -0.106287 
1006702425675380 -0.117894 -0.157599 -0.051311 
1006702444582098 -0.077883 -0.104760 -0.114839 
1006702463488869 -0.066888 0.015271 -0.227541 
1006702482395588 -0.056809 0.036956 -0.317946 
1006702501302307 -0.026877 -0.000916 -0.345434 
1006702520209078 0.027488 -0.091016 -0.292901 
1006702539115796 0.108731 -0.179895 -0.184476 
1006702558022515 0.178673 0.057725 -0.095598 
1006702576929286 0.153628 0.375671 -0.071775 
1006702595836005 0.049784 0.406213 -0.041232 
1006702614742776 -0.014355 0.150574 -0.012828 
1006702633649494 -0.011606 -0.086435 0.040621 
1006702652556213 0.037873 -0.153017 0.101401 
1006702671462984 0.076661 -0.016187 0.120948 
1006702690369703 0.055282 0.188752 0.091322 
1006702709276473 -0.041843 0.180811 0.058030 
1006702728183192 -0.070553 0.130721 0.083075 
1006702747089911 0.029321 0.038483 0.115756 
1006702765996682 0.093154 -0.034818 0.096819 
1006702784903401 0.010079 0.018936 0.058336 
1006702803810171 -0.079716 -0.003360 -0.008857 
1006702822716890 -0.068415 0.014966 -0.048257 
1006702841623661 0.020158 0.095903 -0.002138 
1006702860530380 0.096819 0.023823 0.084602 
1006702879437151 0.079105 -0.024128 0.134997 
1006702898343869 0.029321 0.025350 0.114228 
1006702917250640 0.027794 -0.001833 0.054671 
1006702936157359 0.040621 -0.110869 0.032680 
1006702955064130 -0.013439 -0.383918 0.066582 
1006702973970848 -0.194860 -1.006371 0.116672 
1006702992877619 -0.464855 -1.521697 0.069942 
1006703011784338 -0.586719 -1.411134 0.038789 
1006703030691109 -0.378725 -0.847551 0.053755 
1006703049597828 -0.069026 -0.303286 0.044592 
1006703068504598 0.031459 -0.083991 0.042759 
1006703087411317 -0.058336 -0.152101 0.058947 
1006703106318088 -0.125529 -0.238230 0.118504 
1006703125224807 -0.138357 -0.207993 0.187225 
1006703144131578 -0.093460 -0.113007 0.250753 
1006703163038296 -0.034818 0.054671 0.286182 
1006703181945067 0.004276 0.243423 0.320084 
1006703200851838 0.046730 0.335050 0.350932 
1006703219758557 0.073607 0.324971 0.313059 
1006703238665328 -0.021685 0.266635 0.222348 
1006703257572046 -0.170426 0.217462 0.121864 
1006703276478817 -0.241285 0.174091 0.066582 
1006703295385588 -0.237620 0.152712 0.067499 
1006703314292307 -0.194555 0.183865 0.122780 
1006703333199078 -0.063223 0.191501 0.160042 
1006703352105848 0.089489 0.186003 0.131943 
1006703371012567 0.193639 0.237314 0.064444 
1006703389919338 0.200358 0.324971 0.012828 
1006703408826057 0.152712 0.311532 -0.015577 
1006703427732828 0.046730 0.256556 -0.018325 
1006703446639598 -0.074218 0.094681 0.007025 
1006703465546317 -0.153934 -0.245866 0.010995 
1006703484453088 -0.345434 -0.600768 -0.062306 
1006703503359859 -0.589773 -0.868319 -0.199442 
1006703522266578 -0.671321 -0.911995 -0.259610 
1006703541173348 -0.569310 -0.808456 -0.187225 
1006703560080119 -0.463633 -0.696671 -0.026877 
1006703578986890 -0.516471 -0.521969 0.137746 
1006703597893609 -0.619094 -0.132248 0.334744 
1006703616800380 -0.518915 0.176840 0.489289 
1006703635707151 -0.299926 0.217767 0.440726 
1006703654613869 -0.115756 0.088878 0.213491 
1006703673520640 -0.048562 0.008857 -0.105982 
1006703692427411 -0.093765 -0.011606 -0.365287 
1006703711334130 -0.143244 -0.043981 -0.443170 
1006703730240901 -0.125529 -0.000916 -0.348183 
1006703749147671 -0.060168 0.081854 -0.159431 
1006703768054442 0.047952 0.141411 -0.002749 
1006703786961213 0.108425 0.197609 0.056503 
1006703805867932 0.129194 0.198220 -0.010995 
1006703824774703 0.087351 0.188141 -0.138051 
1006703843681473 0.014966 0.175313 -0.196998 
1006703862588244 0.009774 0.081854 -0.160347 
1006703881494963 0.030848 0.058030 -0.078799 
1006703900401734 0.030542 0.081548 -0.050700 
1006703919308505 0.009468 0.089795 -0.087046 
1006703938215276 0.056198 0.151185 -0.124307 
1006703957121994 0.180200 0.354902 -0.121559 
1006703976028765 0.306340 0.581527 -0.127056 
1006703994935536 0.337188 0.627951 -0.200663 
1006704013842307 0.284655 0.416292 -0.300842 
1006704032749078 0.284044 0.167678 -0.340547 
1006704051655796 0.373228 0.224792 -0.298704 
1006704070562567 0.477988 0.424539 -0.257778 
1006704089469338 0.509141 0.591911 -0.277630 
1006704108376109 0.404992 0.581527 -0.324665 
1006704127282880 0.266940 0.410795 -0.383307 
1006704146189598 0.070858 0.253196 -0.404686 
1006704165096369 -0.068720 0.015577 -0.372922 
1006704184003140 -0.103233 -0.174702 -0.299926 
1006704202909911 -0.069026 -0.185087 -0.213186 
1006704221816682 0.024128 -0.091016 -0.143855 
1006704240723453 0.199136 0.045203 -0.107204 
1006704259630223 0.360400 0.187530 -0.098346 
1006704278536994 0.404992 0.312448 -0.092543 
1006704297443713 0.367425 0.323138 -0.089489 
1006704316350484 0.301759 0.187530 -0.079410 
1006704335257255 0.239758 0.015882 -0.051311 
1006704354164026 0.146298 -0.052227 -0.014049 
1006704373070796 0.031153 -0.050089 0.017104 
1006704391977567 -0.080021 -0.003971 0.033902 
1006704410884338 -0.173786 0.013439 0.054976 
1006704429791057 -0.185392 -0.087351 0.068720 
1006704448697828 -0.153934 -0.113312 0.068720 
1006704467604598 -0.137441 -0.068109 0.043065 
1006704486511369 -0.114839 -0.091016 -0.019242 
1006704505418140 -0.081243 -0.089184 -0.091322 
1006704524324911 -0.068720 0.018020 -0.131638 
1006704543231682 -0.091627 0.050089 -0.122475 
1006704562138453 -0.072691 -0.053755 -0.102011 
1006704581045223 0.060779 -0.251058 -0.093460 
1006704599951994 0.279463 -0.402548 -0.150268 
1006704618858713 0.441643 -0.368646 -0.235787 
1006704637765484 0.445613 -0.191195 -0.292596 
1006704656672255 0.321611 0.055893 -0.319168 
1006704675579026 0.135914 0.193944 -0.280990 
1006704694485796 -0.013133 0.116366 -0.193639 
1006704713392567 -0.065972 -0.054976 -0.120948 
1006704732299338 -0.113618 -0.066277 -0.169816 
1006704751206109 -0.213797 0.149047 -0.402243 
1006704770112880 -0.304507 0.430036 -0.686592 
1006704789019651 -0.359789 0.405603 -0.756229 
1006704807926421 -0.305424 -0.093154 -0.575113 
1006704826833192 -0.220516 -0.503033 -0.236092 
1006704845739963 -0.197609 -0.561063 0.080326 
1006704864646734 -0.200052 -0.419347 0.225708 
1006704883553505 -0.142938 -0.098041 0.184781 
1006704902460276 -0.021685 0.360094 0.087046 
1006704921367046 0.137746 0.574807 0.082159 
1006704940273817 0.170732 0.339631 0.222348 
1006704959180588 0.003971 -0.021380 0.417209 
1006704978087359 -0.178978 -0.122169 0.476155 
1006704996994130 -0.238536 0.107815 0.407435 
1006705015900848 -0.216851 0.399800 0.303897 
1006705034807671 -0.104760 0.493870 0.175619 
1006705053714390 0.100179 0.456608 0.113007 
1006705072621161 0.267551 0.372311 0.073607 
1006705091527932 0.284349 0.280379 -0.041538 
1006705110434703 0.184781 0.130416 -0.207993 
1006705129341473 0.107509 0.015577 -0.329247 
1006705148248244 0.112396 -0.007025 -0.321000 
1006705167155015 0.186003 0.011301 -0.211964 
1006705186061786 0.275187 0.118810 -0.079105 
1006705204968557 0.307256 0.226013 0.055893 
1006705223875328 0.258694 0.153323 0.125224 
1006705242782098 0.140800 -0.035429 0.115145 
1006705261688869 0.016493 -0.193333 0.075134 
1006705280595640 -0.071164 -0.191501 0.054671 
1006705299502463 -0.113618 -0.036956 0.074523 
1006705318409234 -0.075440 0.066888 0.124002 
1006705337316005 -0.033902 0.041538 0.182338 
1006705356222776 -0.086740 -0.027183 0.236398 
1006705375129546 -0.187225 -0.088573 0.271216 
1006705394036317 -0.310005 -0.153628 0.285571 
1006705412943088 -0.369868 -0.163402 0.257778 
1006705431849859 -0.373228 -0.112090 0.247393 
1006705450756630 -0.393386 -0.035735 0.248920 
1006705469663401 -0.320084 0.051617 0.208604 
1006705488570171 -0.051006 0.083075 0.173175 
1006705507476942 0.256250 0.023823 0.174702 
1006705526383713 0.397662 -0.003360 0.188446 
1006705545290484 0.335661 0.117894 0.208910 
1006705564197255 0.188446 0.196082 0.233955 
1006705583104026 0.073302 0.147825 0.234565 
1006705602010796 0.062001 0.087046 0.207077 
1006705620917567 0.073913 0.124918 0.191806 
1006705639824338 0.044286 0.140189 0.189668 
1006705658731109 0.020158 0.096208 0.169205 
1006705677637880 0.023518 0.068109 0.137441 
1006705696544651 0.048257 0.043065 0.098957 
1006705715451421 0.076356 -0.027183 0.037873 
1006705734358192 0.053755 0.021074 -0.017409 
1006705753264963 0.023518 0.028099 -0.046424 
1006705772171734 0.020463 0.018631 -0.072080 
1006705791078557 0.042454 0.062612 -0.107204 
1006705809985328 0.100179 0.020769 -0.139884 
1006705828892098 0.094987 -0.057420 -0.138051 
1006705847798869 -0.009163 -0.050395 -0.125835 
1006705866705640 -0.150574 -0.046424 -0.125835 
1006705885612411 -0.235787 -0.146603 -0.124613 
1006705904519182 -0.252891 -0.296872 -0.112396 
1006705923425953 -0.209826 -0.347267 -0.074523 
1006705942332723 -0.058641 -0.364676 -0.042759 
1006705961239494 0.100790 -0.246171 -0.055282 
1006705980146265 0.177146 -0.072996 -0.109953 
1006705999053036 0.221432 -0.055282 -0.202496 
1006706017959807 0.237314 -0.157599 -0.270605 
1006706036866578 0.182338 -0.214102 -0.273965 
1006706055773348 0.087657 -0.119726 -0.209521 
1006706074680119 -0.034207 0.052838 -0.078799 
1006706093586942 -0.098346 0.125835 0.020463 
1006706112493713 -0.080937 0.088878 0.042454 
1006706131400484 -0.030237 0.004276 -0.020769 
1006706150307255 -0.041232 0.023823 -0.096819 
1006706169214026 -0.159737 0.126751 -0.090405 
1006706188120796 -0.257778 0.164318 -0.046424 
1006706207027567 -0.251364 0.181116 -0.021074 
1006706225934338 -0.150879 0.170426 -0.004581 
1006706244841109 -0.060474 0.071164 0.019547 
1006706263747880 -0.072385 0.044286 -0.005498 
1006706282654703 -0.067499 0.094376 -0.057420 
1006706301561473 -0.001527 0.199136 -0.041843 
1006706320468244 0.054976 0.307256 0.028404 
1006706339375015 0.075440 0.350626 0.103844 
1006706358281786 0.021380 0.378114 0.179589 
1006706377188557 -0.051311 0.315808 0.219600 
1006706396095328 -0.032069 0.105677 0.227235 
1006706415002098 0.054365 0.012828 0.196082 
1006706433908869 0.085213 0.086435 0.152101 
1006706452815692 0.015882 0.159431 0.137746 
1006706471722463 -0.016187 0.127362 0.137746 
1006706490629234 -0.002443 0.058947 0.168594 
1006706509536005 -0.014355 0.008246 0.208299 
1006706528442776 -0.027488 -0.014355 0.207688 
1006706547349546 -0.064444 0.061696 0.221127 
1006706566256317 -0.191806 0.224486 0.310005 
1006706585163088 -0.295650 0.068109 0.429120 
1006706604069859 -0.388499 -0.237314 0.488372 
1006706622976682 -0.470963 -0.431564 0.455081 
1006706641883453 -0.561979 -0.357346 0.430647 
1006706660790223 -0.532353 -0.201885 0.421485 
1006706679696994 -0.396134 -0.011606 0.449889 
1006706698603765 -0.237009 0.089184 0.512806 
1006706717510536 0.016798 0.020769 0.529605 
1006706736417307 0.254723 -0.036956 0.512501 
1006706755324130 0.321611 -0.031764 0.445919 
1006706774230901 0.278241 -0.019853 0.336882 
1006706793137671 0.156682 0.073607 0.280379 
1006706812044442 0.090405 0.067804 0.271827 
1006706830951213 0.134081 -0.080326 0.287404 
1006706849857984 0.149047 -0.157599 0.331690 
1006706868764755 0.087657 -0.136524 0.363760 
1006706887671578 0.016493 -0.110258 0.358567 
1006706906578348 0.032986 -0.135914 0.281906 
1006706925485119 0.086129 -0.173786 0.204328 
1006706944391890 0.033902 -0.049784 0.209215 
1006706963298661 -0.057114 0.125224 0.253196 
1006706982205432 -0.022907 0.221738 0.265108 
1006707001112255 0.100179 0.235482 0.233649 
1006707020019026 0.163096 0.221432 0.167678 
1006707038925796 0.106898 0.220210 0.097736 
1006707057832567 -0.094376 0.192417 0.004276 
1006707076739338 -0.263581 0.071775 -0.098652 
1006707095646109 -0.260221 -0.080632 -0.140189 
1006707114552932 -0.116977 -0.091322 -0.146298 
1006707133459703 0.068415 -0.008246 -0.146603 
1006707152366473 0.184781 0.109953 -0.129194 
1006707171273244 0.213186 0.176840 -0.131638 
1006707190180015 0.180200 0.242812 -0.178062 
1006707209086786 0.126140 0.290152 -0.245866 
1006707227993609 0.069637 0.267857 -0.291680 
1006707246900380 0.062917 0.057420 -0.237009 
1006707265807151 0.073302 -0.117588 -0.113618 
1006707284713921 0.041538 -0.077272 -0.021380 
1006707303620692 -0.008552 -0.002138 0.001833 
1006707322527515 -0.028099 -0.015882 -0.041843 
1006707341434286 0.005803 -0.109953 -0.120337 
1006707360341057 0.018325 -0.172564 -0.156071 
1006707379247828 -0.036651 -0.155766 -0.129805 
1006707398154651 -0.105371 -0.099568 -0.087962 
1006707417061421 -0.132554 -0.068109 -0.071469 
1006707435968192 -0.143244 -0.071469 -0.076661 
1006707454874963 -0.126140 -0.138357 -0.102622 
1006707473781786 -0.110563 -0.188446 -0.119726 
1006707492688557 -0.084602 -0.259610 -0.149047 
1006707511595328 -0.076356 -0.186003 -0.195471 
1006707530502098 -0.102317 0.075440 -0.222654 
1006707549408869 -0.069637 0.282822 -0.245255 
1006707568315692 0.002749 0.348183 -0.231817 
1006707587222463 0.065666 0.146909 -0.183865 
1006707606129234 0.062917 -0.094376 -0.175313 
1006707625036005 -0.015882 -0.091016 -0.189057 
1006707643942828 -0.042759 -0.007025 -0.175008 
1006707662849598 -0.038178 0.161875 -0.129194 
1006707681756369 -0.065972 0.350015 -0.090100 
1006707700663192 -0.045814 0.331995 -0.051311 
1006707719569963 -0.024434 0.269078 0.010384 
1006707738476734 -0.029932 0.244950 0.058336 
1006707757383505 -0.000611 0.134081 0.075745 
1006707776290328 0.021685 0.069026 0.089795 
1006707795197098 -0.001527 0.113007 0.132554 
1006707814103869 -0.052533 0.148130 0.273354 
1006707833010640 -0.045508 0.025961 0.440115 
1006707851917463 -0.022907 -0.102928 0.532659 
1006707870824234 -0.067499 -0.178062 0.511279 
1006707889731005 -0.077272 -0.210131 0.375671 
1006707908637776 0.023518 -0.218378 0.202801 
1006707927544598 0.074829 -0.205856 0.073913 
1006707946451369 0.031764 -0.233038 0.099568 
1006707965358140 -0.108425 -0.192111 0.252585 
1006707984264963 -0.291985 -0.155155 0.367425 
1006708003171734 -0.405908 -0.202190 0.377809 
1006708022078505 -0.451416 -0.178673 0.298093 
1006708040985328 -0.415682 -0.167678 0.192111 
1006708059892098 -0.343296 -0.193639 0.113923 
1006708078798869 -0.244950 -0.286487 0.043676 
1006708097705640 -0.149047 -0.276103 -0.033597 
1006708116612463 -0.067804 -0.190584 -0.078494 
1006708135519234 -0.029626 -0.033902 -0.113618 
1006708154426005 -0.053755 0.210437 -0.151796 
1006708173332828 -0.092543 0.384528 -0.153323 
1006708192239598 -0.115450 0.332912 -0.076050 
1006708211146369 -0.081548 0.126751 0.037567 
1006708230053140 0.036040 -0.033902 0.123391 
1006708248959963 0.198831 -0.155766 0.161875 
1006708267866734 0.368952 -0.238841 0.124002 
1006708286773505 0.455997 -0.141411 0.090405 
1006708305680328 0.457830 0.054365 0.064139 
1006708324587098 0.367730 0.203107 0.013133 
1006708343493869 0.218989 0.200969 -0.032680 
1006708362400692 0.124307 0.130110 -0.040927 
1006708381307463 0.116061 0.149963 0.015882 
1006708400214234 0.071164 0.250142 0.107815 
1006708419121005 -0.171648 0.272132 0.121864 
1006708438027828 -0.320695 0.085824 0.047646 
1006708456934598 -0.193028 -0.055587 -0.019242 
1006708475841369 0.128278 0.079410 -0.034207 
1006708494748192 0.349710 0.327109 -0.063223 
1006708513654963 0.212269 0.449889 -0.140495 
1006708532561734 -0.086740 0.235787 -0.164623 
1006708551468557 -0.246477 -0.083075 -0.090711 
1006708570375328 -0.268162 -0.222959 -0.040010 
1006708589282098 -0.246477 -0.342074 -0.076050 
1006708608188921 -0.226930 -0.303897 -0.131027 
1006708627095692 -0.071775 -0.111785 -0.108120 
1006708646002463 0.143855 0.079716 -0.014660 
1006708664909234 0.129500 0.111785 0.065055 
1006708683816057 -0.053144 -0.049784 0.098957 
1006708702722828 -0.174702 -0.220516 0.138968 
1006708721629598 -0.149047 -0.202190 0.144160 
1006708740536421 -0.073607 -0.044592 0.085213 
1006708759443192 -0.032069 0.113923 -0.022296 
1006708778349963 -0.053449 0.195166 -0.138357 
1006708797256786 -0.029626 0.065972 -0.177451 
1006708816163557 0.045814 -0.120642 -0.120031 
1006708835070328 0.045814 -0.091016 -0.048868 
1006708853977151 0.025045 0.004276 -0.036040 
1006708872883921 0.047646 0.057420 -0.076967 
1006708891790692 0.103539 0.005498 -0.127667 
1006708910697515 0.137135 -0.067499 -0.176229 
1006708929604286 0.105677 -0.142633 -0.161569 
1006708948511057 0.003971 -0.167372 -0.093460 
1006708967417880 -0.061696 -0.160347 -0.038483 
1006708986324651 -0.014966 -0.151490 -0.046730 
1006709005231421 0.051006 -0.063834 -0.120948 
1006709024138244 0.147214 -0.016798 -0.215324 
1006709043045015 0.225708 -0.064139 -0.271827 
1006709061951786 0.219905 -0.100179 -0.284960 
1006709080858609 0.196693 -0.143549 -0.242201 
1006709099765380 0.154850 -0.091627 -0.194860 
1006709118672151 0.119421 0.037567 -0.191195 
1006709137578973 0.178673 0.098346 -0.238841 
1006709156485744 0.271216 0.181116 -0.313365 
1006709175392515 0.304813 0.302064 -0.321306 
1006709194299338 0.245255 0.281295 -0.233344 
1006709213206109 0.131638 0.096819 -0.128583 
1006709232112880 0.024739 -0.085824 -0.049173 
1006709251019703 -0.053449 -0.618177 0.019547 
1006709269926473 -0.116977 -1.477105 0.123391 
1006709288833244 -0.145382 -1.148393 0.258694 
1006709307740067 -0.006108 -0.296872 0.246782 
1006709326646838 0.201580 0.645055 0.226319 
1006709345553609 0.454776 1.108993 0.229679 
1006709364460432 0.626424 0.772111 0.255640 
1006709383367203 0.586108 0.396134 0.204328 
1006709402273973 0.322222 0.110563 0.053449 
1006709421180796 -0.089184 -0.418125 -0.166456 
1006709440087567 -0.578778 -1.016144 -0.367730 
1006709458994338 -0.762032 -0.946508 -0.557093 
1006709477901161 -0.426982 -0.243423 -0.593744 
1006709496807932 -0.018631 0.048257 -0.481042 
1006709515714703 0.130416 0.093765 -0.322833 
1006709534621526 0.175008 0.256861 -0.197609 
1006709553528296 0.132859 0.416903 -0.072080 
1006709572435067 -0.022296 0.303591 -0.025656 
1006709591341890 -0.118504 0.023823 -0.131332 
1006709610248661 -0.092238 -0.000916 -0.220210 
1006709629155484 0.036345 0.093154 -0.215018 
1006709648062255 0.147520 0.113618 -0.179895 
1006709666969026 0.179284 0.065055 -0.174397 
1006709685875848 0.205550 -0.059252 -0.168594 
1006709704782619 0.184476 -0.118504 -0.131027 
1006709723689390 0.034818 -0.076050 -0.144771 
1006709742596213 -0.102622 0.063223 -0.121864 
1006709761502984 -0.089184 0.063223 -0.024739 
1006709780409755 -0.012217 -0.027794 0.042454 
1006709799316578 0.042454 -0.107509 0.032680 
1006709818223348 0.068109 -0.139273 -0.003665 
1006709837130119 0.067804 -0.068415 -0.026572 
1006709856036942 0.074218 -0.057420 0.037567 
1006709874943713 -0.000916 -0.098652 0.110869 
1006709893850484 -0.128278 -0.128278 0.113618 
1006709912757307 -0.208910 -0.150574 0.100790 
1006709931664078 -0.149352 -0.122780 0.119726 
1006709950570901 -0.001527 -0.076661 0.156682 
1006709969477671 0.047035 -0.068415 0.196082 
1006709988384442 -0.003665 -0.125835 0.181727 
1006710007291265 0.018631 -0.230900 0.078494 
1006710026198036 0.094987 -0.223876 0.004887 
1006710045104807 0.129194 -0.129194 0.038789 
1006710064011630 0.120948 -0.067193 0.080326 
1006710082918401 0.149352 0.008246 0.072385 
1006710101825223 0.186614 -0.028099 0.013133 
1006710120731994 0.065666 -0.045203 -0.039705 
1006710139638765 -0.224181 0.018631 -0.054671 
1006710158545588 -0.443781 0.070858 -0.055587 
1006710177452359 -0.440115 0.147520 -0.032375 
1006710196359130 -0.217156 0.198525 0.041232 
1006710215265953 0.097736 0.265413 0.135303 
1006710234172723 0.246171 0.273660 0.183560 
1006710253079494 0.151490 0.170426 0.130721 
1006710271986317 0.027794 0.047646 0.029321 
1006710290893088 0.159126 0.143855 -0.042148 
1006710309799911 0.365287 0.264802 -0.024739 
1006710328706682 0.448973 0.276408 -0.011301 
1006710347613453 0.360094 0.065972 -0.069942 
1006710366520276 0.116672 -0.065972 -0.110563 
1006710385427046 -0.054976 -0.055282 -0.112090 
1006710404333817 -0.056809 0.047646 -0.119421 
1006710423240640 0.012828 0.083686 -0.066888 
1006710442147411 0.047035 0.079410 0.009163 
1006710461054234 0.001222 -0.049479 0.016493 
1006710479961005 -0.133165 -0.108731 0.021074 
1006710498867776 -0.245561 -0.041538 0.031153 
1006710517774598 -0.211659 0.058336 0.030237 
1006710536681369 -0.081548 0.110258 0.072691 
1006710555588140 -0.015882 0.165234 0.212880 
1006710574494963 -0.116977 0.164929 0.288931 
1006710593401734 -0.318557 0.009163 0.243728 
1006710612308505 -0.385750 -0.306951 0.099874 
1006710631215328 -0.238536 -0.482264 0.074829 
1006710650122098 -0.018020 -0.300537 0.109953 
1006710669028921 0.031153 -0.099874 0.118504 
1006710687935692 -0.087351 -0.026877 0.010079 
1006710706842463 -0.058030 -0.144465 -0.193028 
1006710725749286 0.172259 -0.151796 -0.241590 
1006710744656057 0.376587 -0.052227 -0.132248 
1006710763562828 0.358567 0.006719 -0.047341 
1006710782469651 0.147520 0.108731 0.018631 
1006710801376421 -0.045814 0.125835 0.046730 
1006710820283244 -0.085519 0.083381 -0.004581 
1006710839190015 -0.009774 0.047341 -0.068720 
1006710858096786 0.068720 0.015577 -0.100179 
1006710877003609 0.061085 -0.030542 -0.103233 
1006710895910380 -0.004581 0.002138 -0.077272 
1006710914817151 -0.073302 0.030542 -0.063528 
1006710933723973 -0.113007 -0.018020 -0.132859 
1006710952630744 -0.084602 -0.127056 -0.222043 
1006710971537567 -0.055282 -0.258999 -0.299926 
1006710990444338 -0.072691 -0.236703 -0.328025 
1006711009351109 -0.065055 -0.104149 -0.280073 
1006711028257932 -0.046424 0.011301 -0.208604 
1006711047164703 -0.067499 0.025656 -0.163707 
1006711066071473 -0.086129 -0.031153 -0.153628 
1006711084978296 -0.065972 -0.072080 -0.140495 
1006711103885067 -0.054671 -0.115756 -0.155461 
1006711122791890 -0.055587 -0.100484 -0.193639 
1006711141698661 -0.028099 0.022601 -0.163096 
1006711160605432 -0.006719 0.129805 -0.096208 
1006711179512255 -0.048868 0.133165 -0.054976 
1006711198419026 -0.092543 0.116366 -0.046424 
1006711217325796 -0.132554 -0.008246 -0.122780 
1006711236232619 -0.131027 -0.048868 -0.220516 
1006711255139390 -0.059252 0.084602 -0.204634 
1006711274046213 -0.036040 0.207993 -0.150879 
1006711292952984 -0.053144 0.210131 -0.126445 
1006711311859755 -0.060474 0.127667 -0.148130 
1006711330766578 -0.054060 0.038178 -0.153323 
1006711349673348 -0.054671 0.021380 -0.135608 
1006711368580119 -0.034207 0.103844 -0.093154 
1006711387486942 -0.010995 0.121253 -0.061085 
1006711406393713 -0.039094 -0.038483 -0.102928 
1006711425300536 -0.087962 -0.206466 -0.166761 
1006711444207307 -0.091933 -0.156377 -0.149047 
1006711463114078 -0.003971 0.056503 -0.039705 
1006711482020901 0.085213 0.126140 0.000611 
1006711500927671 0.069331 0.084602 -0.015271 
1006711519834494 0.055282 0.013744 -0.015882 
1006711538741265 0.114534 -0.000305 0.026572 
1006711557648036 0.133776 0.052227 0.086435 
1006711576554859 0.030237 0.055282 0.078188 
1006711595461630 -0.059252 0.015271 0.016493 
1006711614368453 -0.064750 0.016798 0.000916 
1006711633275223 -0.059558 0.036956 0.020463 
1006711652181994 -0.063528 0.045203 0.040621 
1006711671088817 -0.068109 -0.000916 0.029015 
1006711689995588 -0.070553 -0.060779 0.006108 
1006711708902411 -0.075440 -0.074523 0.012828 
1006711727809182 -0.081243 0.000611 0.049479 
1006711746715953 -0.074218 0.096819 0.073913 
1006711765622776 -0.052533 0.074829 0.037873 
1006711784529546 0.004581 0.036345 0.012217 
1006711803436369 0.042759 0.065361 0.047952 
1006711822343140 -0.005803 0.120948 0.117894 
1006711841249911 -0.063834 0.094987 0.115756 
1006711860156734 -0.049173 0.072080 0.069637 
1006711879063505 -0.010995 0.174702 0.102622 
1006711897970328 -0.073607 0.255029 0.199747 
1006711916877098 -0.196082 0.209521 0.193333 
1006711935783869 -0.234260 0.018631 0.047646 
1006711954690692 -0.109953 -0.202190 -0.075440 
1006711973597463 0.075745 -0.189363 -0.033902 
1006711992504286 0.112090 -0.060779 0.121559 
1006712011411057 0.002749 0.052533 0.244033 
1006712030317828 -0.215629 -0.126445 0.187836 
1006712049224651 -0.446835 -0.356124 0.053449 
1006712068131421 -0.397356 -0.093765 0.018325 
1006712087038244 -0.116366 -0.297483 -0.007025 
1006712105945015 0.134692 -0.359484 0.128889 
1006712124851838 0.244950 -0.412933 0.402854 
1006712143758609 0.284044 -0.441337 0.650552 
1006712162665380 0.433091 -0.400716 0.694228 
1006712181572203 0.540600 -0.244339 0.507614 
1006712200478973 0.471880 0.093154 0.180505 
1006712219385744 0.335050 0.383918 -0.047341 
1006712238292567 0.222043 0.523191 -0.153934 
1006712257199338 0.141411 0.648109 -0.160347 
1006712276106161 0.110258 0.579999 -0.034818 
1006712295012932 0.103233 0.354291 0.088267 
1006712313919703 0.020158 0.278852 0.147214 
1006712332826526 -0.138051 0.265719 0.160042 
1006712351733296 -0.266024 0.241590 0.105982 
1006712370640119 -0.283739 0.202496 0.022296 
1006712389546890 -0.194860 0.171953 -0.087657 
1006712408453661 -0.075134 0.167678 -0.197304 
1006712427360484 -0.020769 0.132248 -0.219600 
1006712446267255 -0.019242 0.109953 -0.139884 
1006712465174078 -0.118810 0.196693 -0.028099 
1006712484080848 -0.253807 0.245255 -0.004581 
1006712502987619 -0.294734 0.195471 -0.098652 
1006712521894442 -0.255640 0.125224 -0.198831 
1006712540801213 -0.104455 0.017409 -0.242201 
1006712559708036 0.070858 -0.026266 -0.185698 
1006712578614807 0.108120 0.011301 -0.102622 
1006712597521630 0.087351 -0.040010 -0.088573 
1006712616428401 0.080326 -0.142633 -0.112701 
1006712635335171 0.055587 -0.129194 -0.121864 
1006712654241994 0.001833 -0.010995 -0.078188 
1006712673148765 -0.074829 0.029321 -0.006414 
1006712692055588 -0.112701 -0.042759 0.040316 
1006712710962359 -0.113618 -0.064444 0.049173 
1006712729869130 -0.113312 0.004276 0.034207 
1006712748775953 -0.115145 0.051311 -0.002443 
1006712767682723 -0.082464 0.005192 -0.043370 
1006712786589546 -0.018325 0.002443 -0.044286 
1006712805496317 0.018936 0.072385 -0.002749 
1006712824403140 0.032069 0.101401 0.028404 
1006712843309911 0.073607 0.050395 0.029626 
1006712862216682 0.095292 -0.005192 0.024739 
1006712881123505 0.079105 -0.070553 0.029932 
1006712900030276 0.067804 -0.110563 0.024434 
1006712918937098 0.064750 -0.102317 0.010384 
1006712937843869 0.032986 -0.051311 0.009468 
1006712956750692 -0.027794 0.004887 0.038789 
1006712975657463 -0.061696 -0.017409 0.042759 
1006712994564234 -0.061696 -0.050395 -0.000611 
1006713013471057 -0.018936 -0.073607 -0.047341 
1006713032377828 0.020463 -0.008246 -0.079105 
1006713051284651 0.028710 0.090711 -0.096208 
1006713070191421 0.027794 0.107509 -0.126751 
1006713089098244 0.011912 0.073302 -0.138051 
1006713108005015 -0.027794 0.073607 -0.105371 
1006713126911786 -0.099874 0.059252 -0.036040 
1006713145818609 -0.147825 -0.012828 0.021991 
1006713164725380 -0.110258 -0.061085 0.019853 
1006713183632203 -0.043981 -0.044592 0.000916 
1006713202538973 -0.009774 -0.011606 -0.010079 
1006713221445796 -0.003665 0.036651 -0.017409 
1006713240352567 -0.030848 0.053449 -0.023212 
1006713259259338 -0.124307 0.039094 -0.024128 
1006713278166161 -0.175313 -0.056198 -0.032375 
1006713297072932 -0.096819 -0.172259 -0.083381 
1006713315979755 0.011301 -0.168594 -0.127362 
1006713334886526 0.063223 -0.081243 -0.149047 
1006713353793348 0.033597 -0.033291 -0.156071 
1006713372700119 -0.018020 -0.047646 -0.148130 
1006713391606890 -0.014966 -0.019242 -0.132859 
1006713410513713 0.009468 0.075440 -0.113007 
1006713429420484 0.015577 0.133776 -0.094070 
1006713448327307 0.001833 0.136830 -0.091322 
1006713467234078 -0.012217 0.110258 -0.104760 
1006713486140901 -0.018325 0.061696 -0.137441 
1006713505047671 -0.011606 -0.005803 -0.171953 
1006713523954494 0.003665 -0.058336 -0.179895 
1006713542861265 0.002443 -0.060474 -0.161569 
1006713561768036 -0.016493 -0.024739 -0.146603 
1006713580674859 -0.031764 0.010079 -0.139273 
1006713599581630 -0.030542 0.021074 -0.136830 
1006713618488453 -0.042454 0.024434 -0.141717 
1006713637395223 -0.072385 0.004887 -0.138968 
1006713656302046 -0.046119 -0.065361 -0.122169 
1006713675208817 0.039094 -0.047952 -0.122169 
1006713694115588 0.110258 0.043370 -0.124613 
1006713713022411 0.122780 0.098652 -0.117283 
1006713731929182 0.092238 0.094376 -0.120948 
1006713750836005 0.027183 0.066277 -0.112090 
1006713769742776 -0.000305 -0.010384 -0.057420 
1006713788649598 0.036956 -0.062612 0.000305 
1006713807556369 0.076050 0.006108 0.018325 
1006713826463192 0.082770 0.068109 0.021074 
1006713845369963 0.055893 0.041538 0.035735 
1006713864276734 -0.005192 0.006108 0.045203 
1006713883183557 -0.044897 -0.069637 0.045508 
1006713902090328 -0.002443 -0.142327 0.037567 
1006713920997151 0.064750 -0.097430 0.036651 
1006713939903921 0.076661 0.014660 0.043065 
1006713958810744 0.047035 0.027488 0.039705 
1006713977717515 0.010384 -0.053449 0.051006 
1006713996624338 -0.028404 -0.051617 0.071775 
1006714015531109 -0.064444 0.037262 0.106593 
1006714034437880 -0.110258 0.128889 0.108731 
1006714053344703 -0.133776 0.124002 0.083381 
1006714072251473 -0.106287 0.085213 0.077272 
1006714091158296 -0.050395 0.051617 0.090405 
1006714110065067 -0.034513 0.071164 0.098346 
1006714128971890 -0.058947 0.083075 0.109953 
1006714147878661 -0.066888 0.023212 0.119726 
1006714166785484 -0.066888 -0.024739 0.127667 
1006714185692255 -0.083075 0.008246 0.133776 
1006714204599026 -0.100484 0.025350 0.148130 
1006714223505848 -0.092543 -0.032069 0.164012 
1006714242412619 -0.081548 -0.052227 0.151185 
1006714261319442 -0.063834 -0.045814 0.113312 
1006714280226213 -0.023823 -0.040927 0.082159 
1006714299133036 -0.003054 0.014660 0.072385 
1006714318039807 -0.037567 0.108731 0.100484 
1006714336946578 -0.109953 0.158515 0.151185 
1006714355853401 -0.152712 0.111174 0.158820 
1006714374760171 -0.124918 0.036956 0.114534 
1006714393666994 -0.029626 0.050700 0.036956 
1006714412573765 0.081243 0.107815 -0.022601 
1006714431480588 0.185698 0.065361 -0.038483 
1006714450387359 0.245866 0.017409 -0.003360 
1006714469294182 0.224792 0.051006 0.058947 
1006714488200953 0.175619 0.085824 0.107509 
1006714507107723 0.124918 0.108425 0.119726 
1006714526014546 0.051617 0.121253 0.106287 
1006714544921317 -0.012217 0.056198 0.110258 
1006714563828140 -0.023212 -0.039400 0.133470 
1006714582734911 0.000916 -0.082464 0.159126 
1006714601641734 -0.028710 -0.012828 0.193333 
1006714620548505 -0.094987 0.096208 0.216851 
1006714639455276 -0.076356 0.232733 0.245255 
1006714658362098 0.155461 0.446224 0.318251 
1006714677268869 0.453554 0.652690 0.438283 
1006714696175692 0.501811 0.699420 0.479210 
1006714715082463 0.308478 0.532353 0.355208 
1006714733989286 0.151490 0.256861 0.136830 
1006714752896057 0.147520 0.041538 -0.065972 
1006714771802880 0.124918 -0.156071 -0.191501 
1006714790709651 -0.059863 -0.312143 -0.240368 
1006714809616421 -0.217767 -0.300231 -0.204634 
1006714828523244 -0.088267 -0.050700 -0.085213 
1006714847430015 0.203412 0.167067 0.036956 
1006714866336838 0.347572 0.147520 0.084908 
1006714885243609 0.274576 -0.060474 0.025961 
1006714904150432 0.066888 -0.213491 -0.075440 
1006714923057203 -0.132859 -0.200358 -0.113923 
1006714941963973 -0.200663 -0.065666 -0.052838 
1006714960870796 -0.131638 0.016493 0.017409 
1006714979777567 -0.046424 -0.002443 0.021991 
1006714998684390 -0.038178 -0.071775 -0.039400 
1006715017591161 -0.107815 -0.088267 -0.117588 
1006715036497984 -0.138051 -0.026877 -0.151796 
1006715055404755 -0.077578 0.015271 -0.138051 
1006715074311526 -0.024739 0.045203 -0.125529 
1006715093218348 -0.052533 0.033902 -0.131332 
1006715112125119 -0.091933 0.036651 -0.110563 
1006715131031942 -0.070553 0.051006 -0.078188 
1006715149938713 0.002749 -0.001527 -0.082159 
1006715168845536 0.052533 -0.072996 -0.109647 
1006715187752307 0.057725 -0.063834 -0.163096 
1006715206659130 0.059863 -0.041843 -0.194555 
1006715225565901 0.070247 -0.052227 -0.173481 
1006715244472671 0.077272 -0.096208 -0.137135 
1006715263379494 0.045814 -0.058336 -0.109647 
1006715282286265 -0.013439 0.050700 -0.081548 
1006715301193088 -0.052227 0.065361 -0.091322 
1006715320099859 -0.023823 -0.068720 -0.152712 
1006715339006682 0.019547 -0.170121 -0.209521 
1006715357913453 0.003360 -0.116061 -0.223265 
1006715376820276 -0.007330 -0.021380 -0.210437 
1006715395727046 0.036956 -0.017104 -0.190890 
1006715414633817 0.042148 -0.032375 -0.168899 
1006715433540640 -0.031459 -0.040621 -0.161569 
1006715452447411 -0.114228 -0.031459 -0.175924 
1006715471354234 -0.157904 0.027183 -0.193639 
1006715490261005 -0.167067 0.015577 -0.210742 
1006715509167828 -0.136524 -0.032069 -0.212269 
1006715528074598 -0.068415 0.064750 -0.176229 
1006715546981421 0.023823 0.150574 -0.133165 
1006715565888192 0.039094 0.125835 -0.114839 
1006715584795015 -0.024434 0.058336 -0.116061 
1006715603701786 -0.074523 0.015577 -0.087962 
1006715622608609 -0.062306 0.020769 -0.043065 
1006715641515380 -0.022296 0.051922 -0.003054 
1006715660422203 0.018936 0.028710 0.030848 
1006715679328973 0.047035 -0.010384 0.036651 
1006715698235796 0.032986 -0.007941 0.022296 
1006715717142567 -0.016493 0.004887 0.021074 
1006715736049390 -0.032680 -0.032680 0.015882 
1006715754956161 0.004887 -0.081548 -0.001222 
1006715773862984 0.060474 -0.073302 0.002443 
1006715792769755 0.067499 0.007025 0.032375 
1006715811676578 0.018325 0.056809 0.030848 
1006715830583348 -0.057420 0.032986 0.001833 
1006715849490171 -0.126140 -0.014049 -0.015882 
1006715868396994 -0.144160 -0.053144 0.012522 
1006715887303765 -0.088573 -0.026572 0.054671 
1006715906210588 -0.028710 0.076050 0.067193 
1006715925117359 -0.017104 0.127667 0.036956 
1006715944024182 -0.040316 0.086740 -0.013744 
1006715962930953 -0.056503 0.014049 -0.022296 
1006715981837776 -0.032375 -0.068415 0.043370 
1006716000744546 0.013133 -0.077883 0.098041 
1006716019651369 0.056809 -0.002138 0.101706 
1006716038558140 0.021991 0.106287 0.096208 
1006716057464963 -0.074523 0.109036 0.100790 
1006716076371786 -0.058641 -0.041843 0.111174 
1006716095278557 0.053144 -0.118199 0.106593 
1006716114185380 0.127667 -0.029321 0.058641 
1006716133092151 0.110869 0.063223 0.018936 
1006716151998973 0.030237 0.090405 0.027488 
1006716170905744 0.040927 0.003054 0.027794 
1006716189812567 0.130721 -0.062917 0.013133 
1006716208719390 0.157293 -0.107815 0.007330 
1006716227626161 0.085213 -0.112090 0.008857 
1006716246532984 0.012217 -0.045508 0.004276 
1006716265439755 0.021685 -0.037567 -0.016493 
1006716284346578 0.076050 -0.049173 -0.048257 
1006716303253401 0.087046 -0.032986 -0.078188 
1006716322160171 0.051311 -0.080021 -0.070553 
1006716341066994 0.004887 -0.078188 -0.021685 
1006716359973765 -0.055587 0.022907 0.018631 
1006716378880588 -0.113007 0.106593 0.032986 
1006716397787411 -0.115756 0.063223 0.040927 
1006716416694182 -0.098041 -0.027794 0.036345 
1006716435601005 -0.090100 -0.100484 0.005498 
1006716454507828 -0.094070 -0.106898 -0.034513 
1006716473414598 -0.097736 -0.096819 -0.054365 
1006716492321421 -0.074218 -0.207688 -0.059252 
1006716511228192 -0.212880 -0.576334 -0.171648 
1006716530135015 -0.399800 -0.838693 -0.381474 
1006716549041838 -0.278546 -0.756229 -0.482569 
1006716567948609 0.162791 -0.390942 -0.478904 
1006716586855432 0.559842 0.054060 -0.396440 
1006716605762255 0.584886 0.273660 -0.223876 
1006716624669026 0.331385 0.230595 -0.011912 
1006716643575848 0.100790 -0.009163 0.127667 
1006716662482671 0.014966 -0.136219 0.120031 
1006716681389442 0.018936 -0.096819 0.007330 
1006716700296265 0.013133 -0.018325 -0.082770 
1006716719203088 0.005498 -0.004887 -0.043370 
1006716738109859 0.009468 -0.034513 0.072080 
1006716757016682 -0.001833 -0.109036 0.180200 
1006716775923505 0.017104 -0.190890 0.215324 
1006716794830276 0.054365 -0.139884 0.140800 
1006716813737098 0.057114 -0.028099 0.005803 
1006716832643921 0.035124 0.049173 -0.116061 
1006716851550692 0.019853 0.105371 -0.152406 
1006716870457515 0.064444 0.093154 -0.094681 
1006716889364286 0.142633 0.051311 -0.012828 
1006716908271109 0.197915 0.079105 0.000611 
1006716927177932 0.201885 0.183865 -0.042148 
1006716946084755 0.125529 0.215629 -0.076967 
1006716964991526 -0.003360 0.136219 -0.065361 
1006716983898348 -0.066582 0.027488 0.006108 
1006717002805171 -0.025961 -0.043676 0.055282 
1006717021711942 0.025350 0.032986 0.047952 
1006717040618765 0.044592 0.155766 0.034207 
1006717059525588 0.049173 0.172564 0.049173 
1006717078432359 0.080326 0.108120 0.080021 
1006717097339182 0.164318 0.023212 0.113312 
1006717116246005 0.212880 0.049479 0.127056 
1006717135152828 0.186614 0.168594 0.119115 
1006717154059598 0.138968 0.227846 0.107815 
1006717172966421 0.048562 0.260526 0.064750 
1006717191873244 -0.025350 0.198831 0.006719 
1006717210780015 -0.076661 0.064444 -0.009468 
1006717229686838 -0.128889 -0.004887 0.017104 
1006717248593661 -0.133165 0.030542 0.059252 
1006717267500432 -0.039705 0.104760 0.072080 
1006717286407255 0.043370 0.204634 0.035124 
1006717305314078 0.041538 0.176840 -0.017104 
1006717324220901 0.018936 0.061696 -0.047646 
1006717343127671 0.027794 0.003971 -0.030848 
1006717362034494 0.058641 -0.056503 -0.000916 
1006717380941317 0.066277 -0.082159 0.023212 
1006717399848140 0.070247 -0.077578 0.019547 
1006717418754911 0.070553 -0.054671 0.003360 
1006717437661734 0.060779 -0.046424 -0.035735 
1006717456568557 0.042759 -0.058030 -0.081548 
1006717475475328 0.058336 -0.128278 -0.086435 
1006717494382151 0.142327 -0.172259 -0.083381 
1006717513288973 0.233649 -0.084297 -0.119726 
1006717532195796 0.236398 0.038789 -0.179284 
1006717551102567 0.161569 0.038483 -0.207077 
1006717570009390 0.098041 -0.067499 -0.204328 
1006717588916213 0.073607 -0.185087 -0.172870 
1006717607823036 0.105677 -0.251364 0.089489 
1006717626729859 0.124002 -0.171343 0.323444 
1006717645636630 0.106898 -0.005803 0.408351 
1006717664543453 0.062306 0.213797 0.399494 
1006717683450276 0.040927 0.254418 0.266329 
1006717702357098 0.005498 0.131027 0.098346 
1006717721263921 -0.029015 0.038789 0.015271 
1006717740170692 -0.069637 0.013133 0.032680 
1006717759077515 -0.091016 0.064139 0.083991 
1006717777984338 -0.071469 0.086435 0.083686 
1006717796891161 -0.084908 0.150268 0.000000 
1006717815797984 -0.091627 0.237009 -0.093154 
1006717834704755 -0.016187 0.185698 -0.136219 
1006717853611578 0.103233 0.064444 -0.115450 
1006717872518401 0.145687 0.043676 0.017715 
1006717891425223 0.054365 0.293818 0.018631 
1006717910332046 -0.026877 0.393080 -0.086129 
1006717929238869 -0.020769 0.341464 -0.149352 
1006717948145640 0.006108 0.252280 -0.216545 
1006717967052463 0.016798 0.035124 -0.247088 
1006717985959286 -0.030542 -0.019242 -0.279463 
1006718004866109 -0.074218 0.092543 -0.275798 
1006718023772932 0.008246 0.093765 -0.206161 
1006718042679755 0.137746 0.133776 -0.123391 
1006718061586526 0.212575 0.306951 -0.049173 
1006718080493348 0.048257 0.388804 -0.160347 
1006718099400171 -0.196387 0.530826 -0.241590 
1006718118306994 -0.164318 0.304202 -0.327414 
1006718137213817 0.094681 0.033902 -0.393080 
1006718156120640 0.312143 -0.032375 -0.301759 
1006718175027411 0.321916 0.033291 -0.151185 
1006718193934234 0.321306 0.015271 -0.091933 
1006718212841057 0.357346 -0.023212 -0.016493 
1006718231747880 0.261137 -0.028099 0.014966 
1006718250654703 0.220821 0.014049 -0.027794 
1006718269561526 0.370479 0.021074 -0.071469 
1006718288468348 0.477377 0.065055 -0.094070 
1006718307375171 0.310921 0.089489 0.022601 
1006718326281994 0.043981 0.009163 0.063834 
1006718345188765 -0.082464 -0.097125 0.031459 
1006718364095588 -0.097736 -0.122475 0.003054 
1006718383002411 -0.091016 -0.047341 0.007330 
1006718401909234 -0.079105 -0.058641 0.016493 
1006718420816057 -0.036040 -0.118810 -0.014660 
1006718439722880 -0.077883 -0.076967 -0.015577 
1006718458629703 -0.224486 0.032375 -0.015577 
1006718477536526 -0.241896 0.058336 -0.086435 
1006718496443348 -0.157904 0.047035 -0.145382 
1006718515350171 -0.124918 0.039400 -0.124307 
1006718534256942 -0.054365 -0.036956 -0.030542 
1006718553163765 0.030848 -0.061085 0.024739 
1006718572070588 -0.001222 -0.047952 -0.015271 
1006718590977411 -0.064750 -0.062306 -0.033597 
1006718609884234 -0.023518 0.055587 -0.011301 
1006718628791057 0.105371 0.119726 -0.007025 
1006718647697880 0.093154 0.065055 0.085213 
1006718666604703 -0.012522 -0.041538 0.131943 
1006718685511526 -0.096514 -0.129500 0.090100 
1006718704418348 -0.096819 -0.075134 0.088573 
1006718723325171 -0.028710 -0.021074 0.147214 
1006718742231994 0.054060 -0.004276 0.180505 
1006718761138817 0.049173 -0.025656 0.183560 
1006718780045640 -0.051311 -0.117894 0.166150 
1006718798952411 -0.115450 -0.184170 0.113923 
1006718817859234 -0.093154 -0.160042 0.103539 
1006718836766057 -0.030542 -0.080632 0.109342 
1006718855672880 -0.012828 -0.000611 0.103233 
1006718874579703 -0.048868 -0.043981 0.081243 
1006718893486526 -0.123086 -0.137746 0.037262 
1006718912393348 -0.151490 -0.051311 0.029321 
1006718931300171 -0.086129 0.063223 0.089795 
1006718950206994 -0.046730 0.164929 0.154239 
1006718969113817 -0.083686 0.067804 0.091016 
1006718988020640 -0.165540 -0.125835 0.040010 
1006719006927463 -0.258694 -0.200358 0.046730 
1006719025834286 -0.286487 -0.095292 0.052838 
1006719044741109 -0.204023 0.126445 0.061696 
1006719063647932 -0.091933 0.493565 0.114839 
1006719082554755 -0.081243 0.554344 0.128889 
1006719101461578 -0.068415 0.303591 0.048868 
1006719120368401 -0.076967 -0.154544 -0.017104 
1006719139275223 -0.081243 -0.251669 -0.009774 
1006719158182046 -0.043676 -0.062612 0.009774 
1006719177088869 0.034513 0.026266 0.033902 
1006719195995692 0.132859 -0.048868 0.032375 
1006719214902515 0.188752 -0.308478 -0.042454 
1006719233809338 0.171343 -0.421790 -0.029321 
1006719252716161 0.135914 -0.203718 0.036956 
1006719271622984 0.109953 0.078494 0.055587 
1006719290529807 -0.082770 0.185392 0.009774 
1006719309436630 -0.436450 0.131638 -0.055587 
1006719328343453 -0.687203 0.106898 -0.166150 
1006719347250276 -0.682927 -0.059863 -0.350932 
1006719366157098 -0.347572 -0.177451 -0.415682 
1006719385063921 0.186919 -0.065361 -0.432480 
1006719403970744 0.660631 -0.117894 -0.427593 
1006719422877567 0.827698 -0.254112 -0.345129 
1006719441784390 0.615734 -0.154239 -0.214407 
1006719460691213 0.244950 0.207383 -0.010384 
1006719479598036 -0.009774 0.546708 0.188446 
1006719498504859 -0.063528 0.691479 0.335661 
1006719517411682 0.003971 0.592522 0.451416 
1006719536318505 0.094070 0.370173 0.585802 
1006719555225328 0.210131 0.232427 0.705223 
1006719574132151 0.315503 0.032069 0.741263 
1006719593038973 0.364981 -0.226624 0.709499 
1006719611945796 0.350321 -0.324054 0.681095 
1006719630852619 0.299621 -0.339020 0.601379 
1006719649759442 0.291680 -0.175008 0.520442 
1006719668666265 0.336577 0.026572 0.425150 
1006719687573140 0.331079 0.071469 0.284655 
1006719706479963 0.174702 -0.044897 0.149047 
1006719725386786 -0.096208 -0.177757 0.011912 
1006719744293609 -0.358873 -0.217462 -0.060779 
1006719763200432 -0.427288 -0.164318 -0.072691 
1006719782107255 -0.307867 -0.209521 -0.076661 
1006719801014078 -0.091933 -0.323444 -0.109953 
1006719819920901 0.079716 -0.438894 -0.177757 
1006719838827723 0.135608 -0.496008 -0.212575 
1006719857734546 0.093154 -0.285571 -0.120642 
1006719876641369 0.023212 0.109342 -0.018936 
1006719895548192 -0.007330 0.280073 0.016798 
1006719914455015 -0.021685 0.301759 0.041538 
1006719933361890 -0.062917 0.264497 0.034207 
1006719952268713 -0.138357 0.225708 0.013133 
1006719971175536 -0.206772 0.217767 0.036040 
1006719990082359 -0.175313 0.150574 0.106287 
1006720008989182 -0.044286 0.086129 0.170426 
1006720027896005 0.084908 0.066277 0.194249 
1006720046802828 0.131332 0.063528 0.183560 
1006720065709651 0.092238 0.033597 0.126751 
1006720084616473 0.021991 -0.027794 0.075134 
1006720103523296 -0.014966 -0.089795 0.025350 
1006720122430171 -0.027794 -0.102928 -0.020158 
1006720141336994 -0.064444 0.007636 -0.071469 
1006720160243817 -0.129194 0.163096 -0.142022 
1006720179150640 -0.181727 0.271216 -0.156988 
1006720198057463 -0.177757 0.286793 -0.194860 
1006720216964286 -0.162791 0.213797 -0.293512 
1006720235871109 -0.170121 0.100179 -0.382696 
1006720254777984 -0.204023 0.013439 -0.410795 
1006720273684807 -0.204328 -0.051006 -0.394607 
1006720292591630 -0.133776 -0.048562 -0.333217 
1006720311498453 -0.025961 0.070247 -0.254418 
1006720330405276 0.058641 0.135608 -0.225403 
1006720349312098 0.102928 0.071164 -0.230289 
1006720368218921 0.085519 -0.025045 -0.249226 
1006720387125796 -0.025656 -0.099263 -0.269689 
1006720406032619 -0.167372 -0.096819 -0.242506 
1006720424939442 -0.241896 0.070858 -0.151796 
1006720443846265 -0.237314 0.194860 -0.058947 
1006720462753088 -0.167983 0.187225 -0.021074 
1006720481659911 -0.062306 0.070247 -0.025961 
1006720500566786 0.002749 -0.088573 -0.059863 
1006720519473609 0.010079 -0.132859 -0.089184 
1006720538380432 -0.006414 -0.118504 -0.129500 
1006720557287255 -0.038483 -0.109953 -0.156377 
1006720576194078 -0.089184 -0.136524 -0.188752 
1006720595100901 -0.121253 -0.167678 -0.202496 
1006720614007776 -0.108731 -0.192417 -0.173175 
1006720632914598 -0.065666 -0.176535 -0.151796 
1006720651821421 -0.018936 -0.144465 -0.127056 
1006720670728244 0.016798 -0.133776 -0.091933 
1006720689635067 0.061085 -0.195471 -0.060779 
1006720708541942 0.107204 -0.185392 -0.032069 
1006720727448765 0.109342 -0.059863 0.000305 
1006720746355588 0.032375 0.135914 0.057725 
1006720765262411 -0.053449 0.216545 0.088573 
1006720784169286 -0.079716 0.142938 0.098041 
1006720803076109 -0.042759 0.058336 0.115145 
1006720821982932 -0.000916 0.006108 0.103539 
1006720840889755 -0.035735 0.040927 0.085519 
1006720859796578 -0.158515 0.142327 0.088573 
1006720878703453 -0.287098 0.199442 0.112090 
1006720897610276 -0.335661 0.161264 0.126140 
1006720916517098 -0.326803 0.139273 0.132248 
1006720935423921 -0.313670 0.143244 0.118504 
1006720954330796 -0.323138 0.115145 0.064139 
1006720973237619 -0.294734 0.003665 0.009468 
1006720992144442 -0.172564 -0.217156 -0.053755 
1006721011051265 -0.013133 -0.324054 -0.094070 
1006721029958140 0.086129 -0.236703 -0.103539 
1006721048864963 0.091322 -0.116672 -0.116977 
1006721067771786 0.064139 -0.081243 -0.125224 
1006721086678609 0.078799 -0.145382 -0.100790 
1006721105585484 0.130416 -0.185087 -0.040621 
1006721124492307 0.172870 -0.148130 0.045508 
1006721143399130 0.160042 -0.068109 0.128278 
1006721162305953 0.131027 -0.144465 0.141411 
1006721181212828 0.163096 -0.260526 0.134081 
1006721200119651 0.225708 -0.287098 0.163707 
1006721219026473 0.256556 -0.196387 0.183865 
1006721237933348 0.240674 -0.082770 0.159431 
1006721256840171 0.214407 -0.041843 0.109647 
1006721275746994 0.184476 -0.129194 0.052227 
1006721294653817 0.136219 -0.247088 -0.008246 
1006721313560692 0.067499 -0.248615 -0.023823 
1006721332467515 -0.029015 -0.171953 0.019242 
1006721351374338 -0.169816 -0.079410 0.080632 
1006721370281213 -0.302064 0.021991 0.140800 
1006721389188036 -0.342685 0.098652 0.177451 
1006721408094859 -0.287098 0.097430 0.161264 
1006721427001734 -0.200052 0.062306 0.111480 
1006721445908557 -0.139579 0.062001 0.041538 
1006721464815380 -0.123391 0.025656 -0.051311 
1006721483722255 -0.147825 -0.101095 -0.171953 
1006721502629078 -0.183560 -0.272438 -0.299010 
1006721521535901 -0.194249 -0.318557 -0.398578 
1006721540442776 -0.153017 -0.211048 -0.448667 
1006721559349598 -0.079716 -0.013133 -0.428204 
1006721578256421 0.005192 0.097125 -0.372922 
1006721597163296 0.085519 0.053755 -0.339020 
1006721616070119 0.158515 0.117588 -0.271522 
1006721634976942 0.217156 0.244033 -0.161875 
1006721653883817 0.243728 0.385445 -0.059252 
1006721672790640 0.248615 0.403159 0.013133 
1006721691697463 0.230595 0.313365 0.079410 
1006721710604338 0.199136 0.263275 0.144160 
1006721729511161 0.177146 0.125224 0.173481 
1006721748417984 0.129805 -0.011606 0.173175 
1006721767324859 0.058947 -0.014049 0.179895 
1006721786231682 0.007330 -0.007941 0.201580 
1006721805138557 -0.010384 -0.064444 0.189057 
1006721824045380 -0.032680 -0.160958 0.148436 
1006721842952203 -0.070247 -0.212269 0.096208 
1006721861859078 -0.103233 -0.190279 0.047952 
1006721880765901 -0.127362 -0.126140 0.015882 
1006721899672776 -0.143549 -0.112396 -0.041232 
1006721918579598 -0.155155 -0.186003 -0.136830 
1006721937486421 -0.163096 -0.221432 -0.208604 
1006721956393296 -0.155155 -0.148130 -0.242201 
1006721975300119 -0.130721 -0.032680 -0.262664 
1006721994206942 -0.091627 0.040010 -0.265108 
1006722013113817 -0.046424 0.028710 -0.271216 
1006722032020640 -0.012828 0.049784 -0.274270 
1006722050927515 -0.005498 0.138662 -0.235482 
1006722069834338 -0.011912 0.127362 -0.226319 
1006722088741213 -0.022907 -0.001527 -0.262664 
1006722107648036 -0.040621 -0.113618 -0.326192 
1006722126554859 -0.074218 -0.123697 -0.381169 
1006722145461734 -0.102928 -0.071164 -0.420568 
1006722164368557 -0.100179 0.014660 -0.423317 
1006722183275380 -0.032375 0.070247 -0.394607 
1006722202182255 0.091933 0.073302 -0.357040 
1006722221089078 0.208910 0.033597 -0.334133 
1006722239995953 0.257167 0.019547 -0.313975 
1006722258902776 0.224486 0.012522 -0.287709 
1006722277809651 0.143549 0.070247 -0.233344 
1006722296716473 0.070247 0.148130 -0.156988 
1006722315623348 0.029626 0.145382 -0.103539 
1006722334530171 0.004276 0.022296 -0.096819 
1006722353436994 -0.038178 -0.086740 -0.103539 
1006722372343869 -0.075134 -0.079716 -0.072080 
1006722391250692 -0.077578 0.012217 -0.033902 
1006722410157567 -0.049173 0.044897 -0.013744 
1006722429064390 -0.021685 0.039094 -0.008246 
1006722447971265 -0.021991 0.028404 0.002443 
1006722466878088 -0.047952 -0.032069 -0.005498 
1006722485784911 -0.079105 -0.036956 0.004887 
1006722504691786 -0.089184 0.052533 0.055282 
1006722523598609 -0.062001 0.109953 0.098652 
1006722542505484 -0.008246 0.078494 0.111480 
1006722561412307 0.038789 0.008246 0.092849 
1006722580319182 0.036651 -0.026266 0.079410 
1006722599226005 -0.025656 -0.019853 0.086129 
1006722618132880 -0.098346 0.026877 0.111785 
1006722637039703 -0.130721 0.093765 0.129194 
1006722655946578 -0.119726 0.146603 0.132248 
1006722674853401 -0.064139 0.144160 0.119726 
1006722693760223 0.017715 0.113007 0.095903 
1006722712667098 0.105677 0.072996 0.067499 
1006722731573973 0.172259 0.005192 0.037262 
1006722750480796 0.175008 -0.029321 0.014966 
1006722769387619 0.109647 0.029932 0.026877 
1006722788294494 0.024128 0.079716 0.047341 
1006722807201317 -0.021074 0.065055 0.038789 
1006722826108192 -0.012522 0.001833 0.003360 
1006722845015015 0.022907 -0.050395 -0.038483 
1006722863921890 0.040621 -0.105982 -0.078188 
1006722882828713 0.025350 -0.127972 -0.098957 
1006722901735588 0.011301 -0.051311 -0.063528 
1006722920642411 0.046730 0.090711 -0.004276 
1006722939549286 0.141106 0.225097 0.051006 
1006722958456109 0.255029 0.262359 0.100790 
1006722977362984 0.295039 0.252585 0.148130 
1006722996269807 0.241896 0.317946 0.230900 
1006723015176682 0.166761 0.475850 0.328941 
1006723034083505 0.106593 0.583970 0.380863 
1006723052990380 0.028099 0.510974 0.343602 
1006723071897203 -0.102928 0.220210 0.247393 
1006723090804078 -0.276408 0.020158 0.176840 
1006723109710901 -0.404075 0.007025 0.162485 
1006723128617776 -0.394302 0.018936 0.144465 
1006723147524598 -0.256250 0.083381 0.136830 
1006723166431473 -0.041232 0.132554 0.135914 
1006723185338296 0.160653 0.110563 0.133776 
1006723204245171 0.240063 0.020463 0.109953 
1006723223152046 0.163707 -0.041843 0.088573 
1006723242058869 -0.007941 0.000611 0.105982 
1006723260965692 -0.169816 0.054671 0.129194 
1006723279872567 -0.243728 0.020463 0.116977 
1006723298779442 -0.233344 -0.119421 0.050089 
1006723317686265 -0.179895 -0.205550 0.003971 
1006723336593140 -0.132554 -0.161569 -0.021991 
1006723355499963 -0.106287 -0.073302 -0.038178 
1006723374406838 -0.087962 -0.087046 -0.074829 
1006723393313661 -0.069026 -0.176535 -0.127667 
1006723412220536 -0.034513 -0.246171 -0.181116 
1006723431127359 -0.006414 -0.276408 -0.224181 
1006723450034234 -0.004276 -0.250142 -0.243728 
1006723468941057 0.007941 -0.176229 -0.231206 
1006723487847932 0.089795 -0.158515 -0.240979 
1006723506754807 0.213186 -0.182949 -0.241590 
1006723525661630 0.269384 -0.224181 -0.232733 
1006723544568505 0.196998 -0.203718 -0.207688 
1006723563475328 0.025045 -0.138357 -0.178062 
1006723582382203 -0.156988 -0.061085 -0.127667 
1006723601289026 -0.239758 0.004887 -0.044897 
1006723620195901 -0.199136 0.010995 0.024128 
1006723639102723 -0.108731 0.068109 0.104455 
1006723658009598 0.003665 0.105677 0.156988 
1006723676916473 0.125835 0.077883 0.141106 
1006723695823296 0.217767 0.027794 0.106898 
1006723714730171 0.189057 -0.063834 0.091627 
1006723733636994 0.047646 -0.093765 0.069942 
1006723752543869 -0.083381 -0.051006 0.062917 
1006723771450744 -0.117894 0.035124 0.085824 
1006723790357567 -0.068109 0.047341 0.091627 
1006723809264442 -0.008246 -0.007941 0.093460 
1006723828171265 0.001833 -0.008857 0.121253 
1006723847078140 -0.026572 0.058947 0.155766 
1006723865984963 -0.030542 0.085213 0.151796 
1006723884891838 0.010690 -0.032375 0.108425 
1006723903798661 0.028404 -0.218683 0.061696 
1006723922705536 -0.032986 -0.258388 0.030542 
1006723941612411 -0.103539 -0.235482 -0.014355 
1006723960519234 -0.106593 -0.188141 -0.020769 
1006723979426109 -0.065666 -0.108425 0.015882 
1006723998332932 -0.021685 -0.070247 0.048257 
1006724017239807 0.014049 -0.106593 0.045814 
1006724036146682 0.025350 -0.138662 0.042759 
1006724055053505 -0.002749 -0.055893 0.078188 
1006724073960380 -0.034207 0.033597 0.106287 
1006724092867203 -0.028404 0.053449 0.105677 
1006724111774078 0.001833 0.010079 0.089795 
1006724130680953 0.019242 -0.006719 0.047341 
1006724149587776 0.022296 0.022907 0.007330 
1006724168494651 0.014355 0.101095 -0.003971 
1006724187401473 0.025961 0.164318 -0.011912 
1006724206308348 0.086435 0.186919 -0.017104 
1006724225215223 0.143549 0.148436 -0.007636 
1006724244122046 0.124918 0.099263 -0.010384 
1006724263028921 0.047952 0.038789 -0.034513 
1006724281935744 -0.031459 0.020158 -0.010690 
1006724300842619 -0.085519 0.005803 0.032375 
1006724319749494 -0.114228 -0.036651 0.023518 
1006724338656317 -0.117283 -0.069026 -0.021685 
1006724357563192 -0.098652 -0.022296 -0.035429 
1006724376470015 -0.069942 0.060779 -0.037262 
1006724395376890 -0.049784 0.124002 -0.055587 
1006724414283765 -0.003360 0.123391 -0.072080 
1006724433190588 0.111480 0.031764 -0.103539 
1006724452097463 0.233344 -0.095292 -0.140495 
1006724471004338 0.278852 -0.205550 -0.163402 
1006724489911161 0.209826 -0.149352 -0.144160 
1006724508818036 0.114534 -0.010079 -0.098346 
1006724527724859 0.091933 -0.023823 -0.035124 
1006724546631734 0.124918 -0.131332 0.007636 
1006724565538609 0.129500 -0.173175 0.034818 
1006724584445432 0.069331 -0.138051 0.076050 
1006724603352307 -0.000916 -0.123086 0.128889 
1006724622259182 -0.029321 -0.230900 0.124918 
1006724641166005 -0.026572 -0.330163 0.092849 
1006724660072880 -0.032986 -0.266024 0.062917 
1006724678979755 -0.052533 -0.042454 0.042148 
1006724697886578 -0.067193 0.151490 0.012217 
1006724716793453 -0.041843 0.219905 -0.003054 
1006724735700328 0.017409 0.241896 0.009468 
1006724754607151 0.070553 0.223570 -0.009163 
1006724773514026 0.087351 0.188141 -0.071469 
1006724792420901 0.054365 0.145687 -0.129805 
1006724811327723 0.002138 0.096514 -0.167372 
1006724830234598 -0.018631 0.000000 -0.198525 
1006724849141473 -0.027794 -0.145076 -0.282517 
1006724868048296 -0.054671 -0.218989 -0.367119 
1006724886955171 -0.076661 -0.147825 -0.385445 
1006724905862046 -0.070247 -0.019853 -0.331079 
1006724924768869 -0.014966 0.106287 -0.233344 
1006724943675744 0.056198 0.114534 -0.182949 
1006724962582619 0.088267 0.064139 -0.171037 
1006724981489494 0.056503 0.029626 -0.158515 
1006725000396317 -0.024128 0.012828 -0.124918 
1006725019303192 -0.092543 0.059863 -0.063528 
1006725038210067 -0.086435 0.092849 0.001833 
1006725057116942 -0.018020 0.070553 0.026572 
1006725076023765 0.056198 0.014966 0.018020 
1006725094930640 0.080021 -0.034513 0.011301 
1006725113837515 0.022907 -0.016493 0.020769 
1006725132744390 -0.079105 0.003971 0.025961 
1006725151651213 -0.158209 -0.027183 0.000916 
1006725170558088 -0.191195 -0.013133 -0.022601 
1006725189464963 -0.181727 0.047646 -0.029321 
1006725208371838 -0.159126 0.025045 -0.065666 
1006725227278661 -0.145382 -0.030848 -0.100790 
1006725246185536 -0.134386 -0.042454 -0.123086 
1006725265092411 -0.132248 -0.065055 -0.177757 
1006725283999286 -0.143855 -0.087046 -0.256861 
1006725302906161 -0.159431 -0.061390 -0.314586 
1006725321812984 -0.176535 0.039705 -0.313975 
1006725340719859 -0.165234 0.118810 -0.266635 
1006725359626734 -0.099568 0.132554 -0.219600 
1006725378533609 0.001527 0.102011 -0.182643 
1006725397440484 0.082159 0.045508 -0.144465 
1006725416347307 0.080021 0.043676 -0.090100 
1006725435254182 0.012217 0.065666 -0.022907 
1006725454161057 -0.036956 0.087657 0.030542 
1006725473067932 -0.025350 0.053755 0.067804 
1006725491974807 0.025350 -0.044897 0.071469 
1006725510881630 0.054976 -0.098652 0.094681 
1006725529788505 0.027794 -0.038178 0.129805 
1006725548695380 -0.013744 -0.007636 0.144160 
1006725567602255 -0.019547 -0.037567 0.132248 
1006725586509130 0.015271 -0.132248 0.100179 
1006725605416005 0.064139 -0.231206 0.063528 
1006725624322880 0.082159 -0.236092 0.062612 
1006725643229703 0.071775 -0.125529 0.123697 
1006725662136578 0.080021 0.046424 0.215324 
1006725681043453 0.147825 0.127056 0.276408 
1006725699950328 0.241590 0.033597 0.284655 
1006725718857203 0.244644 -0.092238 0.282211 
1006725737764078 0.124918 -0.122780 0.284960 
1006725756670953 -0.032069 -0.095292 0.289236 
1006725775577776 -0.135608 0.020769 0.299621 
1006725794484651 -0.108120 0.088878 0.263275 
1006725813391526 0.035429 0.045508 0.162180 
1006725832298401 0.183865 0.029015 0.077883 
1006725851205276 0.238536 -0.012828 0.001222 
1006725870112151 0.182949 0.029932 -0.026877 
1006725889019026 0.103539 0.226319 0.004887 
1006725907925901 0.089489 0.337188 0.023518 
1006725926832776 0.158515 0.269078 0.012828 
1006725945739598 0.240063 0.124002 0.015577 
1006725964646473 0.257472 0.058641 0.063223 
1006725983553348 0.228457 0.040010 0.079716 
1006726002460223 0.182949 0.052838 0.088878 
1006726021367098 0.147825 0.032986 0.072691 
1006726040273973 0.134997 -0.094070 -0.005498 
1006726059180848 0.095292 -0.134081 -0.001833 
1006726078087723 0.002749 -0.069637 0.017409 
1006726096994598 -0.098652 -0.013439 -0.022296 
1006726115901473 -0.146603 0.118810 -0.007330 
1006726134808296 -0.113312 0.183560 0.024739 
1006726153715171 -0.037567 0.188446 0.020769 
1006726172622046 0.005192 0.098041 -0.045203 
1006726191528921 -0.012217 -0.043981 -0.114534 
1006726210435796 -0.075440 -0.064139 -0.109953 
1006726229342671 -0.149047 -0.040927 -0.094681 
1006726248249546 -0.191195 -0.006414 -0.107204 
1006726267156421 -0.182949 -0.011301 -0.143855 
1006726286063296 -0.118810 0.019547 -0.163096 
1006726304970171 -0.017104 0.084602 -0.165540 
1006726323877046 0.053755 0.147520 -0.131332 
1006726342783921 0.082464 0.216240 -0.098041 
1006726361690796 0.117894 0.182643 -0.117894 
1006726380597671 0.149352 0.099568 -0.145992 
1006726399504546 0.138051 0.102011 -0.138357 
1006726418411421 0.085824 0.127056 -0.138357 
1006726437318296 0.028099 0.107204 -0.155461 
1006726456225119 -0.004887 0.050089 -0.166761 
1006726475131994 0.001527 0.022601 -0.167372 
1006726494038869 0.028710 0.022907 -0.173175 
1006726512945796 0.044286 0.094070 -0.164929 
1006726531852619 0.039094 0.128278 -0.156071 
1006726550759494 0.010690 0.068720 -0.167372 
1006726569666369 -0.031153 -0.064750 -0.187225 
1006726588573244 -0.065972 -0.077883 -0.172259 
1006726607480119 -0.066888 0.043065 -0.115145 
1006726626386994 -0.019242 0.136524 -0.060474 
1006726645293869 0.038178 0.191806 -0.011301 
1006726664200744 0.075745 0.155766 0.029321 
1006726683107619 0.108120 0.067804 0.037873 
1006726702014494 0.141717 0.045203 0.045203 
1006726720921369 0.151796 0.045814 0.035735 
1006726739828244 0.110258 0.072385 -0.001527 
1006726758735119 0.030237 0.028404 -0.047341 
1006726777641994 -0.062917 -0.020769 -0.076661 
1006726796548869 -0.111174 -0.007025 -0.080632 
1006726815455744 -0.077578 0.016187 -0.102317 
1006726834362619 0.002443 0.004581 -0.134081 
1006726853269494 0.036956 -0.004276 -0.152712 
1006726872176369 -0.002749 0.030237 -0.137746 
1006726891083244 -0.045814 0.080937 -0.118199 
1006726909990119 0.027488 0.028099 -0.135303 
1006726928896994 0.575418 -0.074523 -0.107204 
1006726947803869 0.604433 0.011301 -0.160347 
1006726966710744 0.195471 0.385445 -0.126445 
1006726985617619 -0.200969 0.457830 -0.039705 
1006727004524494 -0.336882 0.154544 -0.025350 
1006727023431369 -0.387888 -0.010384 -0.020769 
1006727042338244 -0.418736 -0.036956 -0.066888 
1006727061245119 -0.375671 -0.155155 -0.122780 
1006727080151994 -0.262664 -0.268162 -0.121253 
1006727099058869 -0.129500 -0.284349 -0.032375 
1006727117965744 -0.015882 -0.180505 0.081854 
1006727136872619 0.075440 -0.040927 0.164623 
1006727155779494 0.140189 -0.044286 0.214407 
1006727174686369 0.146909 -0.080937 0.257472 
1006727193593244 0.103233 -0.028099 0.283739 
1006727212500119 0.032986 -0.049784 0.263275 
1006727231406994 -0.046119 -0.160958 0.214713 
1006727250313869 -0.102622 -0.179284 0.201274 
1006727269220744 -0.086129 -0.055893 0.215629 
1006727288127619 0.027794 0.145992 0.203412 
1006727307034494 0.215324 0.255945 0.170732 
