# Created at Thu Jun 06 10:35:43 GMT+03:00 2024 in Burnaby Canada 
1006694951069442 -74.531250 49.443752 -260.868774 
1006694971069442 -74.062500 49.031254 -260.906250 
1006694991069442 -73.987503 48.693752 -260.718750 
1006695011069442 -73.706253 48.675003 -260.606262 
1006695031069442 -73.762505 48.787502 -260.493774 
1006695051069442 -73.706253 49.237503 -260.512512 
1006695071069442 -73.500000 49.443752 -260.643768 
1006695091069442 -73.668755 49.762501 -260.831268 
1006695111069442 -74.175003 50.025002 -260.887512 
1006695131069442 -74.718750 50.325001 -261.000000 
1006695151069442 -74.943756 50.981251 -261.168762 
1006695171069442 -75.506256 51.337502 -261.450012 
1006695191069442 -75.637505 51.450001 -261.750000 
1006695211069442 -75.693756 51.468754 -261.675018 
1006695231069442 -75.900002 51.768753 -261.487518 
1006695251069442 -76.050003 52.087502 -261.225006 
1006695271069442 -75.675003 52.106251 -261.243774 
1006695291069442 -75.281250 52.106251 -261.150024 
1006695311069442 -75.056252 51.918751 -260.868774 
1006695331069442 -74.718750 51.862503 -260.681274 
1006695351069442 -74.512505 51.787502 -260.400024 
1006695371069442 -74.381256 51.825001 -260.531250 
1006695391069442 -74.081253 52.012501 -260.568756 
1006695411069442 -73.800003 52.218754 -260.718750 
1006695431069442 -73.781250 52.331253 -260.737518 
1006695451069442 -73.762505 52.575001 -260.625000 
1006695471069442 -73.631256 52.781254 -260.512512 
1006695491069442 -73.612503 53.193752 -260.381256 
1006695511069442 -73.481255 53.756252 -260.343750 
1006695531069442 -73.556252 53.925003 -260.156250 
1006695551069442 -73.781250 53.718754 -260.343750 
1006695571069442 -74.081253 53.718754 -260.400024 
1006695591069442 -74.625000 53.812504 -260.643768 
1006695611069442 -75.018753 53.625004 -261.075012 
1006695631069442 -75.468750 53.512501 -261.318756 
1006695651069442 -75.637505 52.931252 -261.675018 
1006695671069442 -76.050003 52.368752 -261.937500 
1006695691069442 -76.387505 52.162502 -262.256256 
1006695711069442 -76.387505 51.918751 -262.425018 
1006695731069442 -76.368752 51.543751 -262.556274 
1006695751069442 -76.143753 51.281254 -262.406250 
1006695771069442 -76.068756 51.206253 -262.275024 
1006695791069442 -76.050003 51.000004 -262.275024 
1006695811069442 -75.956253 51.112503 -262.350006 
1006695831069442 -75.731255 51.206253 -262.425018 
1006695851069442 -75.693756 51.168751 -262.387512 
1006695871069442 -75.825005 51.206253 -262.312500 
1006695891069442 -75.618752 51.300003 -262.425018 
1006695911069442 -75.693756 51.281254 -262.406250 
1006695931069442 -75.656250 51.525002 -262.293762 
1006695951069442 -75.412506 51.675003 -262.256256 
1006695971069442 -75.206253 51.431252 -261.975006 
1006695991069442 -75.318756 51.225002 -261.956268 
1006696011069442 -75.131256 51.187504 -261.806274 
1006696031069442 -74.962502 51.225002 -261.675018 
1006696051069442 -75.225006 51.281254 -261.431274 
1006696071069442 -75.075005 51.731251 -261.412506 
1006696091069442 -75.318756 51.675003 -261.412506 
1006696111069442 -75.562500 51.843754 -261.543762 
1006696131069442 -75.956253 52.481251 -261.562500 
1006696151069442 -76.293755 52.931252 -261.450012 
1006696171069442 -76.818756 53.268753 -261.637512 
1006696191069442 -77.400002 53.568752 -261.581268 
1006696211069442 -77.962502 53.718754 -261.618774 
1006696231069442 -78.543755 53.662502 -261.806274 
1006696251069442 -78.693756 53.887501 -261.825012 
1006696271069442 -79.050003 54.168751 -262.068756 
1006696291069442 -79.312500 53.981251 -262.200012 
1006696311069442 -79.406250 53.906254 -262.218750 
1006696331069442 -79.406250 53.775002 -262.106262 
1006696351069442 -79.387505 53.887501 -262.275024 
1006696371069442 -78.900002 54.000004 -262.481262 
1006696391069442 -78.693756 53.906254 -262.575012 
1006696411069442 -78.806252 53.962502 -262.556274 
1006696431069442 -78.750000 53.681252 -262.293762 
1006696451069442 -78.581253 53.943752 -262.218750 
1006696471069442 -78.506256 53.868752 -262.331268 
1006696491069442 -78.506256 54.037502 -262.350006 
1006696511069442 -78.393753 53.850002 -262.312500 
1006696531069442 -78.693756 53.662502 -262.406250 
1006696551069442 -78.562500 53.681252 -261.975006 
1006696571069442 -78.262505 53.606251 -261.693756 
1006696591069442 -78.112503 53.831253 -261.618774 
1006696611069442 -78.112503 53.625004 -261.225006 
1006696631069442 -77.925003 53.775002 -260.756256 
1006696651069442 -77.737503 53.625004 -260.587524 
1006696671069442 -77.906250 53.718754 -260.137512 
1006696691069442 -77.531250 53.981251 -259.462524 
1006696711069442 -77.606255 54.093754 -259.237518 
1006696731069442 -77.550003 53.943752 -259.012512 
1006696751069442 -77.512505 53.700001 -258.750000 
1006696771069442 -77.306252 53.475002 -258.900024 
1006696791069442 -77.212502 53.475002 -258.993774 
1006696811069442 -77.137505 53.456253 -258.806274 
1006696831069442 -76.575005 53.437504 -258.956268 
1006696851069442 -76.650002 53.193752 -259.012512 
1006696871069442 -76.631256 52.931252 -259.181274 
1006696891069442 -76.931252 52.931252 -259.537506 
1006696911069442 -76.837502 52.856251 -259.518768 
1006696931069442 -76.912506 53.137501 -259.406250 
1006696951069442 -76.875000 53.100002 -259.481262 
1006696971069442 -76.800003 53.381252 -259.650024 
1006696991069442 -77.025002 53.475002 -259.631256 
1006697011069442 -77.137505 53.512501 -259.968750 
1006697031069442 -76.950005 53.531254 -259.818756 
1006697051069442 -76.593750 53.475002 -259.893768 
1006697071069442 -76.668755 53.475002 -260.006256 
1006697091069442 -76.650002 53.231251 -260.062500 
1006697111069442 -76.743752 52.987503 -259.893768 
1006697131069442 -76.481255 52.331253 -259.893768 
1006697151069442 -76.387505 51.881252 -259.725006 
1006697171069442 -76.050003 51.468754 -259.443756 
1006697191069442 -76.068756 51.243752 -259.818756 
1006697211069442 -76.162506 51.000004 -259.893768 
1006697231069442 -75.918755 50.775002 -260.212524 
1006697251069442 -75.768753 50.568752 -260.643768 
1006697271069442 -75.900002 50.381252 -260.981262 
1006697291069442 -76.218750 50.306252 -261.262512 
1006697311069442 -76.368752 50.606251 -261.862518 
1006697331069442 -76.687500 50.700001 -262.012512 
1006697351069442 -76.912506 51.018753 -262.181274 
1006697371069442 -77.118752 51.300003 -262.368774 
1006697391069442 -77.456253 51.300003 -262.331268 
1006697411069442 -77.737503 51.318752 -262.387512 
1006697431069442 -77.606255 51.525002 -262.518768 
1006697451069442 -77.475006 51.675003 -262.631256 
1006697471069442 -77.606255 51.487503 -262.537506 
1006697491069442 -77.681252 51.318752 -262.725006 
1006697511069442 -77.512505 50.887501 -262.500000 
1006697531069442 -77.418755 50.587502 -262.350006 
1006697551069442 -77.250000 50.325001 -262.443756 
1006697571069442 -77.287506 50.081253 -262.125000 
1006697591069442 -77.250000 49.818752 -262.087524 
1006697611069442 -77.156250 49.556252 -261.956268 
1006697631069442 -76.931252 49.237503 -262.087524 
1006697651069442 -76.631256 49.275002 -262.012512 
1006697671069442 -76.575005 49.031254 -261.993774 
1006697691069442 -76.200005 48.712502 -261.956268 
1006697711069442 -75.900002 48.468754 -261.731262 
1006697731069442 -75.375000 48.281254 -261.712524 
1006697751069442 -74.981255 48.093754 -261.487518 
1006697771069442 -74.737503 47.925003 -261.431274 
1006697791069442 -74.625000 47.718750 -261.075012 
1006697811069442 -74.531250 47.400002 -261.037506 
1006697831069442 -74.287506 47.400002 -261.337524 
1006697851069442 -74.212502 47.475002 -261.131256 
1006697871069442 -74.137505 47.850002 -261.018768 
1006697891069442 -74.100006 48.075001 -261.243774 
1006697911069442 -74.081253 48.356251 -261.375000 
1006697931069442 -74.212502 48.487503 -261.206268 
1006697951069442 -73.856255 48.731251 -261.543762 
1006697971069442 -73.706253 48.975002 -261.543762 
1006697991069442 -73.237503 49.500004 -261.318756 
1006698011069442 -73.106255 49.950001 -261.487518 
1006698031069442 -73.050003 50.231251 -261.693756 
1006698051069442 -72.937500 50.606251 -261.450012 
1006698071069442 -73.068756 50.700001 -261.281250 
1006698091069442 -72.806252 51.075001 -261.581268 
1006698111069442 -73.012505 51.337502 -261.337524 
1006698131069442 -73.068756 51.450001 -261.281250 
1006698151069442 -73.425003 51.375004 -261.168762 
1006698171069442 -73.293755 51.056252 -261.168762 
1006698191069442 -73.350006 50.812504 -260.943756 
1006698211069442 -73.256256 50.737503 -261.093750 
1006698231069442 -73.106255 50.700001 -261.075012 
1006698251069442 -73.125000 50.737503 -261.018768 
1006698271069442 -72.918755 50.662502 -261.150024 
1006698291069442 -73.087502 50.587502 -261.187500 
1006698311069442 -72.806252 50.493752 -261.150024 
1006698331069442 -73.031250 50.418751 -261.093750 
1006698351069442 -72.918755 50.137501 -261.037506 
1006698371069442 -73.012505 49.593754 -261.000000 
1006698391069442 -72.768753 49.237503 -261.075012 
1006698411069442 -72.600006 48.712502 -260.850006 
1006698431069442 -72.525002 48.487503 -260.775024 
1006698451069442 -72.318756 48.393753 -260.737518 
1006698471069442 -72.356255 48.131252 -260.737518 
1006698491069442 -72.206253 47.962502 -260.962524 
1006698511069442 -72.318756 48.150002 -260.887512 
1006698531069442 -72.318756 48.581253 -260.718750 
1006698551069442 -72.525002 48.806252 -260.568756 
1006698571069442 -72.712502 49.087502 -260.568756 
1006698591069442 -72.825005 49.237503 -260.587524 
1006698611069442 -72.675003 49.350002 -260.343750 
1006698631069442 -72.543755 49.462502 -260.137512 
1006698651069442 -72.525002 49.725002 -259.856262 
1006698671069442 -72.281250 49.743752 -259.575012 
1006698691069442 -72.187500 49.537502 -259.556274 
1006698711069442 -72.018753 49.481251 -259.631256 
1006698731069442 -71.943756 49.331253 -259.425018 
1006698751069442 -71.925003 49.200001 -259.293762 
1006698771069442 -71.906250 49.181252 -259.312500 
1006698791069442 -72.000000 49.143753 -259.556274 
1006698811069442 -71.943756 49.162502 -259.406250 
1006698831069442 -71.943756 49.218754 -259.762512 
1006698851069442 -71.962502 49.237503 -259.650024 
1006698871069442 -72.075005 49.368752 -259.668762 
1006698891069442 -71.831253 49.406254 -259.462524 
1006698911069442 -71.625000 49.368752 -259.087524 
1006698931069442 -71.212502 49.312504 -258.731262 
1006698951069442 -70.931252 49.312504 -258.243774 
1006698971069442 -70.350006 49.368752 -257.868774 
1006698991069442 -69.993752 49.143753 -257.493774 
1006699011069442 -69.581253 49.012501 -257.193756 
1006699031069442 -69.168755 48.656254 -256.800018 
1006699051069442 -69.093750 48.618752 -256.481262 
1006699071069442 -68.943756 48.637501 -256.631256 
1006699091069442 -69.168755 48.731251 -256.593750 
1006699111069442 -69.187500 48.881252 -256.837524 
1006699131069442 -69.487503 48.731251 -256.950012 
1006699151069442 -69.806252 49.125004 -256.987518 
1006699171069442 -69.937500 49.650002 -257.137512 
1006699191069442 -70.181252 50.362503 -257.156250 
1006699211069442 -70.200005 50.887501 -257.606262 
1006699231069442 -70.406250 51.187504 -257.456268 
1006699251069442 -70.462502 51.693752 -257.681274 
1006699271069442 -70.856255 51.675003 -257.306274 
1006699291069442 -70.950005 52.068752 -257.250000 
1006699311069442 -71.006256 52.350002 -257.212524 
1006699331069442 -71.193756 52.387501 -257.156250 
1006699351069442 -71.287506 52.425003 -257.287506 
1006699371069442 -71.456253 52.612503 -257.325012 
1006699391069442 -71.643753 53.025002 -257.456268 
1006699411069442 -71.868752 53.306252 -257.475006 
1006699431069442 -71.812500 53.887501 -257.737518 
1006699451069442 -72.000000 54.243752 -257.906250 
1006699471069442 -72.225006 54.431252 -258.112518 
1006699491069442 -72.768753 54.600002 -258.187500 
1006699511069442 -73.275002 54.825001 -258.075012 
1006699531069442 -73.462502 54.975002 -257.925018 
1006699551069442 -73.631256 55.106251 -257.887512 
1006699571069442 -73.912506 55.293751 -258.093750 
1006699591069442 -74.456253 55.462502 -258.393768 
1006699611069442 -75.150002 55.650002 -258.675018 
1006699631069442 -75.750000 56.175003 -258.787506 
1006699651069442 -76.087502 56.812504 -258.975006 
1006699671069442 -76.537506 57.506252 -259.106262 
1006699691069442 -77.362503 58.068752 -259.481262 
1006699711069442 -78.056252 58.762501 -259.800018 
1006699731069442 -78.731255 59.043751 -259.893768 
1006699751069442 -79.237503 59.700001 -259.893768 
1006699771069442 -79.762505 59.962502 -259.987518 
1006699791069442 -80.343750 60.075001 -259.968750 
1006699811069442 -80.756256 59.906254 -260.175018 
1006699831069442 -81.262505 59.812504 -260.362518 
1006699851069442 -81.618752 59.437504 -260.268768 
1006699871069442 -81.937500 59.156254 -260.325012 
1006699891069442 -82.068756 59.043751 -260.418762 
1006699911069442 -82.068756 58.612503 -260.493774 
1006699931069442 -82.050003 58.350002 -260.456268 
1006699951069442 -81.750000 58.050003 -260.718750 
1006699971069442 -81.318756 58.031254 -260.700012 
1006699991069442 -80.831253 57.525002 -260.925018 
1006700011069442 -80.531250 57.243752 -261.056274 
1006700031069442 -80.231255 56.662502 -261.131256 
1006700051069442 -80.100006 55.950001 -261.075012 
1006700071069442 -79.893753 55.387501 -260.925018 
1006700091069442 -79.556252 55.275002 -260.831268 
1006700111069442 -79.293755 54.731251 -260.643768 
1006700131069442 -79.200005 54.225002 -260.587524 
1006700151069442 -78.881256 53.868752 -260.662506 
1006700171069442 -79.031250 53.812504 -260.756256 
1006700191069442 -78.806252 53.700001 -260.475006 
1006700211069442 -78.262505 53.737503 -260.437500 
1006700231069442 -78.131256 53.906254 -260.606262 
1006700251069442 -77.962502 53.662502 -260.550018 
1006700271069442 -77.943756 53.681252 -260.887512 
1006700291069442 -78.075005 53.662502 -260.756256 
1006700311069442 -78.112503 53.737503 -260.437500 
1006700331069442 -77.681252 53.737503 -260.137512 
1006700351069442 -77.700005 53.887501 -260.175018 
1006700371069442 -77.831253 53.868752 -260.325012 
1006700391069442 -77.475006 53.718754 -260.062500 
1006700411069442 -77.137505 53.868752 -260.025024 
1006700431069442 -76.968750 53.962502 -259.612518 
1006700451069442 -76.800003 54.018753 -259.706268 
1006700471069442 -76.612503 54.093754 -259.650024 
1006700491069442 -76.425003 54.112503 -259.668762 
1006700511069442 -76.237503 54.056252 -259.818756 
1006700531069442 -76.106255 54.018753 -259.650024 
1006700551069442 -76.575005 53.981251 -259.612518 
1006700571069442 -76.706253 54.037502 -259.762512 
1006700591069442 -76.781250 54.168751 -259.968750 
1006700611069442 -76.668755 54.206253 -259.856262 
1006700631069442 -76.668755 54.037502 -259.762512 
1006700651069442 -76.800003 53.906254 -259.931274 
1006700671069442 -76.762505 53.906254 -259.818756 
1006700691069442 -76.762505 54.150002 -259.950012 
1006700711069442 -76.612503 54.262501 -260.137512 
1006700731069442 -76.631256 54.150002 -260.081268 
1006700751069442 -76.218750 54.075001 -259.818756 
1006700771069442 -76.162506 54.150002 -259.931274 
1006700791069442 -76.237503 54.318752 -259.987518 
1006700811069442 -76.312500 54.543751 -259.931274 
1006700831069442 -76.106255 54.506252 -260.025024 
1006700851069442 -76.106255 54.375004 -259.743774 
1006700871069442 -75.656250 54.300003 -259.575012 
1006700891069442 -75.487503 54.262501 -259.406250 
1006700911069442 -75.562500 54.075001 -259.350006 
1006700931069442 -75.525002 54.075001 -259.200012 
1006700951069442 -75.112503 54.112503 -259.162506 
1006700971069442 -74.775002 54.206253 -259.068756 
1006700991069442 -74.925003 54.300003 -259.068756 
1006701011069442 -75.075005 54.318752 -259.218750 
1006701031069442 -75.300003 54.318752 -259.143768 
1006701051069442 -75.600006 54.206253 -259.443756 
1006701071069442 -76.050003 54.168751 -259.781250 
1006701091069442 -76.425003 53.643753 -259.912506 
1006701111069442 -76.931252 53.193752 -260.175018 
1006701131069442 -76.950005 52.500004 -260.043762 
1006701151069442 -76.800003 51.937504 -259.800018 
1006701171069442 -76.293755 51.243752 -259.668762 
1006701191069442 -76.106255 50.550003 -259.631256 
1006701211069442 -75.618752 49.837502 -259.537506 
1006701231069442 -75.300003 49.237503 -259.368774 
1006701251069442 -75.018753 49.012501 -259.556274 
1006701271069442 -74.962502 48.600002 -259.537506 
1006701291069442 -75.431252 48.093754 -259.687500 
1006701311069442 -75.750000 47.606251 -260.043762 
1006701331069442 -76.181252 47.268753 -260.231262 
1006701351069442 -76.387505 46.912502 -260.343750 
1006701371069442 -76.856255 46.612503 -260.343750 
1006701391069442 -76.837502 46.200001 -260.268768 
1006701411069442 -76.762505 45.825001 -260.081268 
1006701431069442 -76.443756 45.487503 -259.818756 
1006701451069442 -76.087502 45.412502 -259.668762 
1006701471069442 -75.750000 45.206253 -259.237518 
1006701491069442 -75.318756 45.150002 -259.125000 
1006701511069442 -75.056252 45.000000 -259.200012 
1006701531069442 -74.606255 44.943752 -259.181274 
1006701551069442 -74.287506 44.925003 -259.143768 
1006701571069442 -74.212502 44.812500 -258.862518 
1006701591069442 -73.968750 44.718750 -258.562500 
1006701611069442 -73.575005 44.681252 -258.412506 
1006701631069442 -73.256256 44.906250 -258.412506 
1006701651069442 -73.068756 44.887501 -258.356262 
1006701671069442 -72.993752 45.018753 -257.887512 
1006701691069442 -72.993752 45.262501 -257.568756 
1006701711069442 -72.993752 45.337502 -257.568756 
1006701731069442 -72.525002 45.431252 -257.681274 
1006701751069442 -72.637505 45.693752 -257.868774 
1006701771069442 -72.768753 45.525002 -258.037506 
1006701791069442 -72.618752 45.412502 -258.018768 
1006701811069442 -72.656250 45.281250 -257.887512 
1006701831069442 -72.656250 45.206253 -258.037506 
1006701851069442 -72.318756 44.906250 -258.056274 
1006701871069442 -72.337502 44.606251 -257.812500 
1006701891069442 -72.731255 44.287502 -257.868774 
1006701911069442 -72.431252 44.212502 -257.943756 
1006701931069442 -72.262505 43.987503 -257.868774 
1006701951069442 -72.412506 43.968750 -257.943756 
1006701971069442 -72.506256 43.987503 -258.187500 
1006701991069442 -72.731255 44.156250 -258.337524 
1006702011069442 -72.881256 44.231251 -258.468750 
1006702031069442 -72.862503 44.212502 -258.693756 
1006702051069442 -72.712502 44.568752 -258.600006 
1006702071069442 -72.993752 44.456253 -258.450012 
1006702091069442 -73.256256 44.681252 -258.337524 
1006702111069442 -73.200005 44.418751 -258.225006 
1006702131069442 -73.068756 44.343750 -257.868774 
1006702151069442 -72.937500 44.081253 -258.037506 
1006702171069442 -73.012505 43.893753 -258.000000 
1006702191069442 -72.825005 44.006252 -257.850006 
1006702211069442 -72.581253 43.856251 -257.850006 
1006702231069442 -72.337502 43.687500 -258.000000 
1006702251069442 -71.981255 43.725002 -257.943756 
1006702271069442 -72.000000 43.668751 -257.925018 
1006702291069442 -71.831253 43.668751 -257.962524 
1006702311069442 -71.662506 43.668751 -257.662506 
1006702331069442 -71.456253 43.593750 -257.456268 
1006702351069442 -71.475006 43.612503 -257.268768 
1006702371069442 -71.606255 43.556252 -257.118774 
1006702391069442 -71.681252 43.575001 -256.931274 
1006702411069442 -71.643753 43.500000 -256.931274 
1006702431069442 -71.418755 43.706253 -256.950012 
1006702451069442 -71.456253 43.743752 -256.875000 
1006702471069442 -71.475006 43.725002 -256.687500 
1006702491069442 -71.606255 44.006252 -256.837524 
1006702511069442 -71.268753 44.175003 -257.100006 
1006702531069442 -71.100006 44.156250 -257.343750 
1006702551069442 -71.100006 44.400002 -257.381256 
1006702571069442 -71.212502 44.587502 -257.400024 
1006702591069442 -71.475006 44.606251 -257.606262 
1006702611069442 -71.550003 44.587502 -257.868774 
1006702631069442 -71.362503 44.475002 -258.093750 
1006702651069442 -71.287506 44.418751 -257.943756 
1006702671069442 -71.831253 44.287502 -257.643768 
1006702691069442 -71.887505 44.343750 -257.437500 
1006702711069442 -71.906250 44.175003 -257.325012 
1006702731069442 -72.056252 44.062500 -257.306274 
1006702751069442 -71.981255 44.062500 -257.006256 
1006702771069442 -71.850006 44.062500 -256.743774 
1006702791069442 -71.700005 44.287502 -256.762512 
1006702811069442 -71.475006 44.268753 -256.706268 
1006702831069442 -71.193756 44.418751 -256.893768 
1006702851069442 -71.231255 44.381252 -256.781250 
1006702871069442 -71.212502 44.343750 -256.875000 
1006702891069442 -71.081253 44.231251 -256.931274 
1006702911069442 -70.856255 44.156250 -256.987518 
1006702931069442 -70.875000 44.081253 -257.268768 
1006702951069442 -71.118752 44.025002 -257.193756 
1006702971069442 -71.306252 44.043751 -257.400024 
1006702991069442 -71.531250 44.025002 -257.287506 
1006703011069442 -71.775002 44.100002 -257.493774 
1006703031069442 -72.000000 44.287502 -257.700012 
1006703051069442 -72.487503 44.437500 -257.925018 
1006703071069442 -73.387505 44.456253 -258.243774 
1006703091069442 -73.987503 44.812500 -258.206268 
1006703111069442 -74.381256 45.000000 -258.487518 
1006703131069442 -75.168755 45.131252 -258.806274 
1006703151069442 -75.637505 45.206253 -259.350006 
1006703171069442 -76.012505 45.543751 -259.631256 
1006703191069442 -76.387505 45.525002 -259.743774 
1006703211069442 -76.500000 45.750000 -259.856262 
1006703231069442 -76.237503 45.956253 -259.743774 
1006703251069442 -76.237503 45.675003 -259.743774 
1006703271069442 -76.425003 45.543751 -259.743774 
1006703291069442 -76.237503 45.375000 -259.612518 
1006703311069442 -76.181252 45.393753 -259.481262 
1006703331069442 -76.106255 45.131252 -259.331268 
1006703351069442 -75.993752 45.225002 -259.350006 
1006703371069442 -75.656250 45.000000 -259.031250 
1006703391069442 -75.768753 44.775002 -258.975006 
1006703411069442 -75.656250 44.962502 -258.881256 
1006703431069442 -75.318756 44.887501 -258.637512 
1006703451069442 -75.075005 45.037502 -258.618774 
1006703471069442 -74.850006 44.831253 -258.487518 
1006703491069442 -74.775002 44.756252 -258.487518 
1006703511069442 -74.681252 44.812500 -258.356262 
1006703531069442 -74.925003 45.037502 -258.637512 
1006703551069442 -75.000000 45.468750 -258.881256 
1006703571069442 -75.487503 45.731251 -259.200012 
1006703591069442 -75.937500 46.162502 -259.425018 
1006703611069442 -76.350006 46.406250 -259.425018 
1006703631069442 -76.687500 46.743752 -259.668762 
1006703651069442 -76.856255 47.381252 -259.818756 
1006703671069442 -77.193756 47.718750 -259.950012 
1006703691069442 -77.568756 48.150002 -259.818756 
1006703711069442 -77.812500 48.356251 -259.875000 
1006703731069442 -77.906250 48.431252 -259.987518 
1006703751069442 -77.943756 48.900002 -260.062500 
1006703771069442 -77.943756 49.200001 -260.343750 
1006703791069442 -78.112503 49.387501 -260.212524 
1006703811069442 -78.168755 49.406254 -260.287506 
1006703831069442 -78.318756 49.556252 -260.250000 
1006703851069442 -78.112503 49.537502 -260.681274 
1006703871069442 -77.925003 49.500004 -260.606262 
1006703891069442 -77.456253 49.893753 -260.306274 
1006703911069442 -77.231255 49.818752 -260.456268 
1006703931069442 -77.156250 49.912502 -260.231262 
1006703951069442 -76.968750 49.893753 -260.287506 
1006703971069442 -76.931252 49.762501 -260.156250 
1006703991069442 -76.518753 49.668751 -260.212524 
1006704011069442 -76.293755 49.500004 -259.968750 
1006704031069442 -76.031250 49.575001 -259.687500 
1006704051069442 -75.975006 49.481251 -259.612518 
1006704071069442 -75.843750 48.993752 -259.200012 
1006704091069442 -75.450005 48.525002 -259.106262 
1006704111069442 -75.037506 48.300003 -258.993774 
1006704131069442 -74.550003 48.168751 -258.862518 
1006704151069442 -74.081253 47.812500 -258.618774 
1006704171069442 -73.912506 47.662502 -258.112518 
1006704191069442 -73.650002 47.568752 -258.243774 
1006704211069442 -72.993752 47.025002 -258.356262 
1006704231069442 -72.750000 46.987503 -258.450012 
1006704251069442 -72.806252 47.118752 -258.412506 
1006704271069442 -72.881256 47.231251 -258.262512 
1006704291069442 -72.768753 47.231251 -258.112518 
1006704311069442 -72.918755 47.381252 -258.206268 
1006704331069442 -72.637505 47.287502 -258.468750 
1006704351069442 -72.862503 46.931252 -258.562500 
1006704371069442 -73.143753 46.931252 -258.262512 
1006704391069442 -73.068756 46.818752 -258.281250 
1006704411069442 -72.731255 46.518753 -258.281250 
1006704431069442 -72.487503 46.293751 -258.337524 
1006704451069442 -72.562500 46.143753 -258.468750 
1006704471069442 -72.562500 46.050003 -258.468750 
1006704491069442 -72.675003 46.181252 -258.581268 
1006704511069442 -72.618752 46.406250 -258.318756 
1006704531069442 -72.506256 46.275002 -258.393768 
1006704551069442 -72.600006 46.462502 -258.468750 
1006704571069442 -72.750000 46.781250 -258.356262 
1006704591069442 -72.918755 46.800003 -258.375000 
1006704611069442 -72.918755 46.762501 -258.187500 
1006704631069442 -73.087502 46.781250 -257.906250 
1006704651069442 -73.218750 46.650002 -257.512512 
1006704671069442 -72.975006 46.687500 -257.775024 
1006704691069442 -73.218750 46.725002 -257.775024 
1006704711069442 -73.237503 46.687500 -257.625000 
1006704731069442 -73.293755 46.481251 -257.793762 
1006704751069442 -73.162506 46.518753 -257.700012 
1006704771069442 -73.218750 46.556252 -257.737518 
1006704791069442 -73.200005 46.743752 -258.262512 
1006704811069442 -72.918755 46.856251 -258.618774 
1006704831069442 -73.068756 46.668751 -258.375000 
1006704851069442 -73.068756 46.893753 -258.543762 
1006704871069442 -73.200005 47.193752 -258.656250 
1006704891069442 -73.181252 47.793751 -258.600006 
1006704911069442 -73.462502 48.056252 -258.731262 
1006704931069442 -73.312500 48.468754 -258.750000 
1006704951069442 -73.331253 48.506252 -258.487518 
1006704971069442 -73.481255 48.900002 -258.450012 
1006704991069442 -73.406250 49.218754 -258.600006 
1006705011069442 -73.312500 49.368752 -258.543762 
1006705031069442 -73.106255 49.218754 -258.356262 
1006705051069442 -72.993752 48.993752 -258.262512 
1006705071069442 -72.693756 48.787502 -258.356262 
1006705091069442 -72.750000 48.468754 -258.243774 
1006705111069442 -72.525002 48.375004 -257.981262 
1006705131069442 -72.337502 48.112503 -257.775024 
1006705151069442 -72.018753 47.925003 -257.606262 
1006705171069442 -72.018753 47.737503 -257.606262 
1006705191069442 -71.943756 47.718750 -257.643768 
1006705211069442 -71.756256 47.493752 -257.531250 
1006705231069442 -71.587502 47.512501 -257.156250 
1006705251069442 -71.418755 47.643753 -257.362518 
1006705271069442 -71.175003 47.437500 -257.456268 
1006705291069442 -71.100006 47.193752 -257.606262 
1006705311069442 -71.193756 47.306252 -257.587524 
1006705331069442 -71.137505 47.400002 -257.531250 
1006705351069442 -71.137505 47.437500 -257.531250 
1006705371069442 -71.306252 47.306252 -257.625000 
1006705391069442 -71.381256 47.212502 -257.756256 
1006705411069442 -71.718750 47.043751 -257.718750 
1006705431069442 -71.850006 47.231251 -257.812500 
1006705451069442 -71.943756 47.456253 -257.850006 
1006705471069442 -72.168755 47.268753 -258.037506 
1006705491069442 -72.037506 47.175003 -257.812500 
1006705511069442 -72.093750 47.025002 -257.700012 
1006705531069442 -72.018753 47.212502 -257.587524 
1006705551069442 -72.131256 47.231251 -257.662506 
1006705571069442 -72.075005 47.418751 -257.587524 
1006705591069442 -71.906250 47.212502 -257.756256 
1006705611069442 -71.925003 47.025002 -257.493774 
1006705631069442 -71.868752 47.043751 -257.400024 
1006705651069442 -71.793755 47.043751 -257.531250 
1006705671069442 -71.775002 47.006252 -257.606262 
1006705691069442 -71.906250 46.837502 -257.662506 
1006705711069442 -72.000000 46.875000 -257.568756 
1006705731069442 -71.775002 46.650002 -257.437500 
1006705751069442 -71.887505 46.518753 -257.362518 
1006705771069442 -71.625000 46.331253 -257.475006 
1006705791069442 -71.512505 46.068752 -257.493774 
1006705811069442 -71.531250 45.918751 -257.512512 
1006705831069442 -71.325005 45.918751 -257.456268 
1006705851069442 -71.250000 46.012501 -257.700012 
1006705871069442 -70.800003 45.937500 -257.812500 
1006705891069442 -70.856255 45.975002 -257.962524 
1006705911069442 -70.987503 46.087502 -257.925018 
1006705931069442 -71.100006 46.331253 -257.906250 
1006705951069442 -71.231255 46.687500 -257.943756 
1006705971069442 -71.231255 46.800003 -258.150024 
1006705991069442 -71.437500 47.006252 -258.300018 
1006706011069442 -71.531250 46.893753 -258.281250 
1006706031069442 -71.887505 46.893753 -258.300018 
1006706051069442 -71.943756 46.762501 -258.375000 
1006706071069442 -71.906250 46.668751 -258.487518 
1006706091069442 -72.056252 46.650002 -258.656250 
1006706111069442 -72.075005 46.537502 -258.637512 
1006706131069442 -72.262505 46.631252 -258.656250 
1006706151069442 -72.337502 46.406250 -258.675018 
1006706171069442 -72.506256 46.612503 -258.637512 
1006706191069442 -72.600006 46.706253 -258.637512 
1006706211069442 -72.712502 46.762501 -258.712524 
1006706231069442 -72.750000 46.875000 -258.600006 
1006706251069442 -72.806252 46.987503 -258.750000 
1006706271069442 -72.750000 47.231251 -258.731262 
1006706291069442 -72.506256 47.193752 -258.487518 
1006706311069442 -72.431252 47.475002 -258.712524 
1006706331069442 -72.093750 47.493752 -258.562500 
1006706351069442 -71.943756 47.418751 -258.375000 
1006706371069442 -71.662506 47.700001 -258.300018 
1006706391069442 -71.643753 47.718750 -258.262512 
1006706411069442 -71.512505 47.381252 -257.925018 
1006706431069442 -71.343750 47.100002 -257.793762 
1006706451069442 -71.268753 46.987503 -257.906250 
1006706471069442 -71.137505 46.706253 -257.662506 
1006706491069442 -70.950005 46.556252 -257.456268 
1006706511069442 -70.781250 46.612503 -257.400024 
1006706531069442 -70.575005 46.462502 -257.175018 
1006706551069442 -70.331253 46.500000 -257.043762 
1006706571069442 -70.087502 46.631252 -256.912506 
1006706591069442 -70.143753 46.650002 -257.062500 
1006706611069442 -70.218750 46.706253 -256.875000 
1006706631069442 -70.237503 46.856251 -256.856262 
1006706651069442 -70.387505 46.912502 -256.968750 
1006706671069442 -70.481255 47.062500 -257.025024 
1006706691069442 -70.631256 47.212502 -257.100006 
1006706711069442 -70.931252 47.418751 -257.193756 
1006706731069442 -71.193756 47.493752 -257.381256 
1006706751069442 -71.268753 47.606251 -257.343750 
1006706771069442 -71.193756 47.681252 -257.306274 
1006706791069442 -71.175003 47.662502 -257.156250 
1006706811069442 -71.362503 47.456253 -257.175018 
1006706831069442 -71.400002 47.268753 -257.362518 
1006706851069442 -71.475006 46.950001 -257.381256 
1006706871069442 -71.250000 46.650002 -257.531250 
1006706891069442 -71.306252 46.481251 -257.531250 
1006706911069442 -71.456253 46.237503 -257.437500 
1006706931069442 -71.662506 45.993752 -257.456268 
1006706951069442 -72.000000 45.806252 -257.868774 
1006706971069442 -72.300003 45.656250 -257.943756 
1006706991069442 -72.412506 45.581253 -257.906250 
1006707011069442 -72.487503 45.562500 -257.943756 
1006707031069442 -72.712502 45.450001 -257.831268 
1006707051069442 -72.562500 45.337502 -257.850006 
1006707071069442 -72.412506 45.168751 -257.943756 
1006707091069442 -72.412506 44.962502 -258.150024 
1006707111069442 -72.262505 44.700001 -257.850006 
1006707131069442 -71.887505 44.531250 -257.718750 
1006707151069442 -71.737503 44.306252 -257.550018 
1006707171069442 -71.887505 44.193752 -257.568756 
1006707191069442 -71.625000 44.212502 -257.643768 
1006707211069442 -71.625000 44.081253 -257.550018 
1006707231069442 -71.737503 44.175003 -257.625000 
1006707251069442 -71.756256 44.212502 -257.418762 
1006707271069442 -71.381256 44.212502 -257.400024 
1006707291069442 -71.325005 44.343750 -257.493774 
1006707311069442 -71.081253 44.250000 -257.493774 
1006707331069442 -70.931252 44.287502 -257.475006 
1006707351069442 -71.006256 44.100002 -257.137512 
1006707371069442 -71.175003 44.212502 -256.968750 
1006707391069442 -71.118752 44.250000 -256.856262 
1006707411069442 -71.006256 44.400002 -256.875000 
1006707431069442 -71.231255 44.625000 -256.931274 
1006707451069442 -71.118752 44.756252 -257.062500 
1006707471069442 -71.456253 44.868752 -257.156250 
1006707491069442 -71.625000 44.962502 -257.062500 
1006707511069442 -71.606255 44.887501 -257.250000 
1006707531069442 -71.512505 45.150002 -257.287506 
1006707551069442 -71.512505 45.150002 -257.325012 
1006707571069442 -71.625000 45.262501 -257.475006 
1006707591069442 -71.681252 45.318752 -257.643768 
1006707611069442 -71.737503 45.300003 -257.531250 
1006707631069442 -71.550003 45.562500 -257.362518 
1006707651069442 -71.287506 45.825001 -257.287506 
1006707671069442 -71.306252 46.331253 -257.550018 
1006707691069442 -71.287506 46.256252 -257.737518 
1006707711069442 -71.325005 46.612503 -257.700012 
1006707731069442 -71.081253 46.687500 -257.512512 
1006707751069442 -70.950005 46.687500 -257.475006 
1006707771069442 -70.856255 46.893753 -257.512512 
1006707791069442 -70.781250 46.912502 -257.700012 
1006707811069442 -70.743752 46.818752 -257.737518 
1006707831069442 -70.650002 46.650002 -257.456268 
1006707851069442 -70.425003 46.556252 -257.493774 
1006707871069442 -70.256256 46.350002 -257.437500 
1006707891069442 -70.350006 46.275002 -257.475006 
1006707911069442 -70.275002 46.331253 -257.381256 
1006707931069442 -70.218750 46.106251 -257.362518 
1006707951069442 -70.275002 45.993752 -257.250000 
1006707971069442 -70.481255 45.825001 -257.418762 
1006707991069442 -70.556252 45.712502 -257.475006 
1006708011069442 -70.725006 45.543751 -257.606262 
1006708031069442 -70.781250 45.600002 -257.625000 
1006708051069442 -70.875000 45.618752 -257.550018 
1006708071069442 -70.931252 45.900002 -257.700012 
1006708091069442 -71.193756 46.218750 -257.812500 
1006708111069442 -71.362503 46.481251 -258.093750 
1006708131069442 -71.493752 46.893753 -258.093750 
1006708151069442 -71.868752 47.156250 -258.056274 
1006708171069442 -72.168755 47.531250 -258.075012 
1006708191069442 -72.300003 47.662502 -258.037506 
1006708211069442 -72.562500 47.831253 -258.093750 
1006708231069442 -72.637505 47.681252 -258.112518 
1006708251069442 -72.750000 47.512501 -258.018768 
1006708271069442 -72.937500 47.418751 -257.868774 
1006708291069442 -72.768753 47.250000 -257.868774 
1006708311069442 -72.862503 47.325001 -258.075012 
1006708331069442 -72.862503 47.231251 -257.906250 
1006708351069442 -72.656250 47.100002 -257.906250 
1006708371069442 -72.675003 46.931252 -257.887512 
1006708391069442 -72.750000 46.612503 -257.700012 
1006708411069442 -72.656250 46.556252 -257.606262 
1006708431069442 -72.206253 46.368752 -257.625000 
1006708451069442 -72.093750 46.162502 -257.775024 
1006708471069442 -71.643753 45.862503 -257.775024 
1006708491069442 -71.550003 45.918751 -257.700012 
1006708511069442 -71.756256 45.712502 -257.700012 
1006708531069442 -71.437500 45.581253 -257.775024 
1006708551069442 -71.193756 45.656250 -257.737518 
1006708571069442 -70.950005 45.375000 -257.775024 
1006708591069442 -71.287506 45.337502 -257.718750 
1006708611069442 -71.531250 45.581253 -257.662506 
1006708631069442 -71.568756 45.862503 -257.812500 
1006708651069442 -71.550003 45.618752 -257.831268 
1006708671069442 -71.343750 45.825001 -258.000000 
1006708691069442 -71.587502 45.843750 -258.131256 
1006708711069442 -71.700005 45.881252 -258.431274 
1006708731069442 -71.868752 46.293751 -258.543762 
1006708751069442 -71.718750 46.368752 -258.525024 
1006708771069442 -71.493752 46.200001 -258.600006 
1006708791069442 -71.737503 46.181252 -258.356262 
1006708811069442 -71.793755 46.293751 -258.431274 
1006708831069442 -72.037506 46.218750 -258.337524 
1006708851069442 -72.056252 46.537502 -258.225006 
1006708871069442 -72.131256 46.668751 -258.281250 
1006708891069442 -72.281250 46.631252 -258.206268 
1006708911069442 -72.337502 46.837502 -258.262512 
1006708931069442 -72.468750 46.818752 -257.981262 
1006708951069442 -72.431252 46.931252 -257.868774 
1006708971069442 -72.393753 47.137501 -257.925018 
1006708991069442 -72.243752 47.062500 -257.868774 
1006709011069442 -72.093750 46.912502 -258.018768 
1006709031069442 -72.112503 46.856251 -257.868774 
1006709051069442 -72.131256 46.668751 -257.943756 
1006709071069442 -72.431252 46.668751 -257.943756 
1006709091069442 -72.393753 46.593750 -258.206268 
1006709111069442 -72.337502 46.331253 -258.318756 
1006709131069442 -72.450005 46.181252 -258.337524 
1006709151069442 -72.675003 46.256252 -258.318756 
1006709171069442 -72.562500 46.237503 -258.112518 
1006709191069442 -72.581253 46.143753 -258.018768 
1006709211069442 -72.356255 46.275002 -257.831268 
1006709231069442 -72.187500 45.956253 -258.018768 
1006709251069442 -72.150002 46.087502 -257.906250 
1006709271069442 -72.300003 45.881252 -257.925018 
1006709291069442 -72.431252 45.712502 -258.075012 
1006709311069442 -72.712502 45.731251 -258.262512 
1006709331069442 -73.425003 45.937500 -258.450012 
1006709351069442 -73.575005 45.993752 -258.468750 
1006709371069442 -74.025002 45.693752 -258.637512 
1006709391069442 -74.006256 45.581253 -258.375000 
1006709411069442 -74.062500 45.112503 -258.431274 
1006709431069442 -74.193756 44.775002 -258.300018 
1006709451069442 -74.100006 44.531250 -258.056274 
1006709471069442 -73.931252 44.362503 -258.131256 
1006709491069442 -73.387505 44.287502 -258.037506 
1006709511069442 -73.500000 44.137501 -258.150024 
1006709531069442 -73.556252 44.437500 -258.187500 
1006709551069442 -73.518753 44.625000 -258.187500 
1006709571069442 -73.800003 44.962502 -258.168762 
1006709591069442 -73.950005 45.506252 -258.206268 
1006709611069442 -74.081253 45.712502 -258.300018 
1006709631069442 -74.006256 45.937500 -258.206268 
1006709651069442 -74.362503 46.012501 -258.318756 
1006709671069442 -74.118752 46.162502 -258.281250 
1006709691069442 -74.043755 46.031250 -258.356262 
1006709711069442 -74.250000 46.181252 -258.468750 
1006709731069442 -74.250000 45.918751 -258.468750 
1006709751069442 -74.100006 45.937500 -258.656250 
1006709771069442 -74.062500 45.975002 -258.562500 
1006709791069442 -74.137505 46.012501 -258.656250 
1006709811069442 -73.893753 45.693752 -258.581268 
1006709831069442 -73.987503 45.618752 -258.506256 
1006709851069442 -74.043755 45.768753 -258.450012 
1006709871069442 -74.081253 45.768753 -258.468750 
1006709891069442 -74.156250 46.031250 -258.375000 
1006709911069442 -74.118752 45.862503 -258.318756 
1006709931069442 -73.968750 45.843750 -258.506256 
1006709951069442 -73.987503 45.600002 -258.487518 
1006709971069442 -74.193756 45.768753 -258.543762 
1006709991069442 -74.231255 45.937500 -258.506256 
1006710011069442 -74.212502 45.787502 -258.525024 
1006710031069442 -74.418755 45.675003 -258.600006 
1006710051069442 -74.456253 45.843750 -258.881256 
1006710071069442 -74.718750 45.937500 -258.993774 
1006710091069442 -75.018753 45.975002 -259.106262 
1006710111069442 -75.225006 46.068752 -259.031250 
1006710131069442 -75.281250 45.900002 -259.106262 
1006710151069442 -75.543755 45.731251 -259.181274 
1006710171069442 -75.562500 45.637501 -259.106262 
1006710191069442 -75.337502 45.562500 -259.256256 
1006710211069442 -75.318756 45.375000 -259.200012 
1006710231069442 -75.225006 45.393753 -259.181274 
1006710251069442 -75.225006 45.393753 -258.900024 
1006710271069442 -74.962502 45.356251 -258.975006 
1006710291069442 -74.906250 45.393753 -259.162506 
1006710311069442 -74.831253 45.375000 -259.012512 
1006710331069442 -74.700005 45.375000 -259.200012 
1006710351069442 -74.568756 45.243752 -259.162506 
1006710371069442 -74.493752 45.093750 -259.218750 
1006710391069442 -74.362503 44.925003 -259.068756 
1006710411069442 -74.081253 44.718750 -259.200012 
1006710431069442 -74.043755 44.400002 -259.143768 
1006710451069442 -74.043755 44.212502 -258.806274 
1006710471069442 -73.762505 44.306252 -258.806274 
1006710491069442 -73.987503 44.437500 -258.693756 
1006710511069442 -74.081253 44.437500 -258.525024 
1006710531069442 -74.081253 44.418751 -258.356262 
1006710551069442 -74.250000 44.381252 -258.225006 
1006710571069442 -74.250000 44.568752 -258.243774 
1006710591069442 -74.250000 44.906250 -258.112518 
1006710611069442 -73.950005 45.206253 -258.206268 
1006710631069442 -74.175003 45.075001 -258.337524 
1006710651069442 -74.231255 45.000000 -258.318756 
1006710671069442 -74.381256 45.206253 -258.243774 
1006710691069442 -74.400002 45.506252 -258.093750 
1006710711069442 -74.250000 45.712502 -258.206268 
1006710731069442 -74.437500 45.731251 -258.300018 
1006710751069442 -74.587502 45.618752 -258.581268 
1006710771069442 -74.831253 45.168751 -258.562500 
1006710791069442 -74.925003 45.206253 -258.768768 
1006710811069442 -75.037506 45.318752 -258.825012 
1006710831069442 -74.831253 45.075001 -258.900024 
1006710851069442 -74.831253 44.906250 -258.937500 
1006710871069442 -74.625000 44.700001 -258.862518 
1006710891069442 -74.831253 44.793751 -258.787506 
1006710911069442 -74.625000 44.943752 -258.581268 
1006710931069442 -74.475006 45.262501 -258.543762 
1006710951069442 -74.493752 45.281250 -258.487518 
1006710971069442 -74.306252 45.262501 -258.618774 
1006710991069442 -74.550003 45.581253 -258.525024 
1006711011069442 -74.662506 45.618752 -258.843750 
1006711031069442 -74.887505 45.712502 -259.125000 
1006711051069442 -74.681252 45.487503 -259.237518 
1006711071069442 -74.925003 45.693752 -259.256256 
1006711091069442 -75.150002 45.806252 -259.350006 
1006711111069442 -74.887505 46.068752 -259.181274 
1006711131069442 -74.793755 46.143753 -259.181274 
1006711151069442 -74.831253 46.143753 -259.443756 
1006711171069442 -74.831253 46.106251 -259.275024 
1006711191069442 -74.981255 46.368752 -259.256256 
1006711211069442 -75.056252 46.650002 -259.256256 
1006711231069442 -75.056252 46.481251 -259.368774 
1006711251069442 -75.056252 46.406250 -259.500000 
1006711271069442 -75.187500 46.425003 -259.725006 
1006711291069442 -75.375000 46.556252 -259.425018 
1006711311069442 -75.187500 46.837502 -259.406250 
1006711331069442 -75.037506 47.175003 -259.425018 
1006711351069442 -74.737503 47.137501 -259.387512 
1006711371069442 -74.568756 47.306252 -259.143768 
1006711391069442 -74.287506 47.606251 -258.806274 
1006711411069442 -74.137505 47.868752 -258.637512 
1006711431069442 -74.306252 48.075001 -258.450012 
1006711451069442 -74.025002 47.962502 -258.618774 
1006711471069442 -73.987503 47.700001 -258.393768 
1006711491069442 -73.950005 47.775002 -258.468750 
1006711511069442 -74.100006 47.737503 -258.300018 
1006711531069442 -73.743752 47.662502 -258.243774 
1006711551069442 -74.025002 47.737503 -258.562500 
1006711571069442 -74.137505 47.662502 -258.393768 
1006711591069442 -73.762505 47.456253 -258.487518 
1006711611069442 -73.743752 47.568752 -258.693756 
1006711631069442 -73.743752 47.775002 -258.656250 
1006711651069442 -73.875000 47.681252 -258.693756 
1006711671069442 -73.837502 47.850002 -258.768768 
1006711691069442 -74.193756 48.018753 -258.918762 
1006711711069442 -74.043755 47.962502 -258.937500 
1006711731069442 -73.912506 48.037502 -259.200012 
1006711751069442 -74.137505 48.056252 -259.368774 
1006711771069442 -74.287506 48.056252 -259.200012 
1006711791069442 -74.400002 47.962502 -259.387512 
1006711811069442 -74.268753 48.075001 -259.256256 
1006711831069442 -74.100006 47.943752 -259.275024 
1006711851069442 -74.025002 47.662502 -259.293762 
1006711871069442 -73.931252 47.493752 -259.068756 
1006711891069442 -73.987503 47.475002 -258.956268 
1006711911069442 -73.893753 47.531250 -258.600006 
1006711931069442 -74.006256 47.550003 -258.675018 
1006711951069442 -73.931252 47.681252 -258.543762 
1006711971069442 -73.950005 47.718750 -258.412506 
1006711991069442 -74.081253 47.718750 -258.412506 
1006712011069442 -74.100006 48.037502 -258.468750 
1006712031069442 -74.043755 48.168751 -258.618774 
1006712051069442 -73.968750 48.243752 -258.618774 
1006712071069442 -73.875000 48.243752 -258.843750 
1006712091069442 -73.687500 48.487503 -258.750000 
1006712111069442 -73.612503 48.468754 -259.106262 
1006712131069442 -73.612503 48.450001 -259.350006 
1006712151069442 -73.837502 48.562504 -259.312500 
1006712171069442 -74.100006 48.243752 -259.293762 
1006712191069442 -74.550003 48.187504 -259.275024 
1006712211069442 -74.981255 48.112503 -259.293762 
1006712231069442 -75.337502 47.962502 -259.312500 
1006712251069442 -75.637505 47.400002 -259.425018 
1006712271069442 -75.881256 47.231251 -259.275024 
1006712291069442 -76.012505 46.931252 -259.031250 
1006712311069442 -75.993752 46.706253 -259.012512 
1006712331069442 -75.768753 46.593750 -258.937500 
1006712351069442 -75.581253 46.368752 -259.106262 
1006712371069442 -75.375000 46.050003 -259.031250 
1006712391069442 -74.906250 45.787502 -258.656250 
1006712411069442 -74.456253 46.012501 -258.318756 
1006712431069442 -74.006256 46.143753 -258.093750 
1006712451069442 -73.800003 46.031250 -258.131256 
1006712471069442 -73.350006 46.068752 -258.093750 
1006712491069442 -73.256256 46.068752 -258.168762 
1006712511069442 -73.143753 46.237503 -257.812500 
1006712531069442 -72.937500 46.575001 -257.756256 
1006712551069442 -72.918755 47.062500 -257.850006 
1006712571069442 -72.918755 47.156250 -257.925018 
1006712591069442 -72.918755 47.025002 -257.756256 
1006712611069442 -72.712502 47.118752 -257.831268 
1006712631069442 -72.806252 47.325001 -257.437500 
1006712651069442 -72.862503 47.568752 -257.100006 
1006712671069442 -72.787506 47.437500 -257.418762 
1006712691069442 -72.768753 47.475002 -257.437500 
1006712711069442 -73.012505 47.362503 -257.418762 
1006712731069442 -73.050003 47.250000 -257.662506 
1006712751069442 -73.200005 47.512501 -257.831268 
1006712771069442 -73.368752 47.718750 -257.793762 
1006712791069442 -73.312500 47.793751 -258.356262 
1006712811069442 -73.218750 47.887501 -258.581268 
1006712831069442 -73.125000 48.187504 -258.506256 
1006712851069442 -73.050003 48.206253 -258.581268 
1006712871069442 -73.068756 48.187504 -258.525024 
1006712891069442 -72.881256 48.281254 -258.356262 
1006712911069442 -72.825005 47.981251 -258.431274 
1006712931069442 -72.656250 47.962502 -258.356262 
1006712951069442 -72.600006 47.981251 -258.075012 
1006712971069442 -72.525002 47.887501 -257.850006 
1006712991069442 -72.618752 47.625000 -257.887512 
1006713011069442 -72.675003 47.400002 -257.925018 
1006713031069442 -72.506256 47.493752 -258.187500 
1006713051069442 -72.656250 47.531250 -258.375000 
1006713071069442 -72.693756 47.456253 -258.262512 
1006713091069442 -72.900002 47.343750 -258.375000 
1006713111069442 -73.200005 47.250000 -258.375000 
1006713131069442 -73.237503 47.381252 -258.543762 
1006713151069442 -73.256256 47.400002 -258.487518 
1006713171069442 -73.181252 47.681252 -258.562500 
1006713191069442 -73.087502 47.587502 -258.562500 
1006713211069442 -73.143753 47.831253 -258.450012 
1006713231069442 -73.068756 47.812500 -258.506256 
1006713251069442 -73.068756 47.906250 -258.506256 
1006713271069442 -72.956253 47.850002 -258.618774 
1006713291069442 -72.918755 47.962502 -258.600006 
1006713311069442 -72.843750 48.300003 -258.525024 
1006713331069442 -73.143753 48.243752 -258.412506 
1006713351069442 -73.143753 48.393753 -258.450012 
1006713371069442 -73.050003 48.281254 -258.543762 
1006713391069442 -73.125000 48.450001 -258.656250 
1006713411069442 -73.293755 48.525002 -258.637512 
1006713431069442 -73.481255 48.806252 -258.581268 
1006713451069442 -73.537506 48.675003 -258.731262 
1006713471069442 -73.800003 48.600002 -258.881256 
1006713491069442 -73.650002 48.581253 -258.900024 
1006713511069442 -73.687500 48.656254 -258.600006 
1006713531069442 -73.593750 48.825001 -258.543762 
1006713551069442 -73.537506 49.012501 -258.637512 
1006713571069442 -73.368752 49.218754 -258.787506 
1006713591069442 -73.162506 49.350002 -258.843750 
1006713611069442 -73.012505 49.312504 -258.862518 
1006713631069442 -72.750000 49.312504 -258.712524 
1006713651069442 -72.825005 49.181252 -258.750000 
1006713671069442 -72.843750 49.143753 -258.806274 
1006713691069442 -72.862503 49.200001 -258.918762 
1006713711069442 -72.862503 49.200001 -258.787506 
1006713731069442 -72.468750 49.312504 -258.825012 
1006713751069442 -72.393753 49.106251 -258.750000 
1006713771069442 -72.600006 49.312504 -258.600006 
1006713791069442 -72.693756 49.331253 -258.768768 
1006713811069442 -72.468750 49.556252 -258.600006 
1006713831069442 -72.506256 49.518753 -258.787506 
1006713851069442 -72.600006 49.368752 -258.562500 
1006713871069442 -72.581253 49.312504 -258.731262 
1006713891069442 -72.900002 49.181252 -258.562500 
1006713911069442 -73.050003 49.125004 -258.600006 
1006713931069442 -72.900002 49.256252 -258.787506 
1006713951069442 -72.918755 49.387501 -258.768768 
1006713971069442 -73.106255 49.331253 -258.843750 
1006713991069442 -73.218750 49.331253 -258.843750 
1006714011069442 -73.162506 49.087502 -258.843750 
1006714031069442 -73.462502 48.806252 -258.562500 
1006714051069442 -73.687500 48.487503 -258.412506 
1006714071069442 -73.818756 48.506252 -258.600006 
1006714091069442 -73.837502 48.375004 -258.525024 
1006714111069442 -73.762505 48.243752 -258.487518 
1006714131069442 -73.706253 48.356251 -258.506256 
1006714151069442 -73.668755 48.318752 -258.187500 
1006714171069442 -73.518753 48.468754 -258.206268 
1006714191069442 -73.237503 48.712502 -258.318756 
1006714211069442 -73.031250 48.843754 -258.356262 
1006714231069442 -72.993752 48.843754 -258.300018 
1006714251069442 -72.993752 48.918751 -258.393768 
1006714271069442 -73.050003 49.031254 -258.562500 
1006714291069442 -72.956253 48.900002 -258.543762 
1006714311069442 -72.993752 48.900002 -258.618774 
1006714331069442 -73.200005 49.087502 -258.768768 
1006714351069442 -73.331253 48.956253 -258.768768 
1006714371069442 -73.331253 49.218754 -258.881256 
1006714391069442 -72.975006 49.256252 -258.787506 
1006714411069442 -73.125000 49.125004 -258.656250 
1006714431069442 -73.031250 49.200001 -258.656250 
1006714451069442 -72.975006 49.406254 -258.675018 
1006714471069442 -72.900002 49.518753 -258.787506 
1006714491069442 -72.881256 49.218754 -258.750000 
1006714511069442 -72.693756 49.200001 -258.712524 
1006714531069442 -72.731255 49.162502 -258.750000 
1006714551069442 -72.862503 49.087502 -258.712524 
1006714571069442 -72.712502 48.937504 -258.675018 
1006714591069442 -72.768753 48.618752 -258.300018 
1006714611069442 -72.975006 48.318752 -258.075012 
1006714631069442 -72.956253 48.112503 -258.300018 
1006714651069442 -72.862503 48.243752 -258.450012 
1006714671069442 -72.993752 48.356251 -258.675018 
1006714691069442 -72.937500 48.206253 -258.693756 
1006714711069442 -72.843750 48.131252 -259.106262 
1006714731069442 -72.731255 47.943752 -259.387512 
1006714751069442 -72.393753 47.606251 -259.762512 
1006714771069442 -71.962502 47.437500 -260.250000 
1006714791069442 -71.737503 47.306252 -260.137512 
1006714811069442 -71.568756 47.212502 -260.118774 
1006714831069442 -71.287506 47.250000 -260.025024 
1006714851069442 -71.175003 46.968750 -260.081268 
1006714871069442 -71.193756 46.743752 -259.931274 
1006714891069442 -71.062500 46.837502 -259.837524 
1006714911069442 -71.118752 47.062500 -259.893768 
1006714931069442 -71.175003 47.081253 -259.912506 
1006714951069442 -71.250000 46.931252 -259.875000 
1006714971069442 -71.400002 46.650002 -259.725006 
1006714991069442 -71.475006 46.350002 -259.650024 
1006715011069442 -71.381256 46.387501 -259.687500 
1006715031069442 -71.212502 46.425003 -259.725006 
1006715051069442 -71.268753 46.218750 -259.743774 
1006715071069442 -71.381256 46.200001 -259.593750 
1006715091069442 -71.512505 46.162502 -259.593750 
1006715111069442 -71.493752 46.237503 -259.837524 
1006715131069442 -71.437500 46.387501 -260.043762 
1006715151069442 -71.475006 46.443752 -260.043762 
1006715171069442 -71.456253 46.443752 -260.156250 
1006715191069442 -71.587502 46.575001 -259.987518 
1006715211069442 -71.625000 46.875000 -260.081268 
1006715231069442 -71.606255 46.837502 -260.418762 
1006715251069442 -71.493752 46.950001 -260.306274 
1006715271069442 -71.550003 47.100002 -260.325012 
1006715291069442 -71.793755 47.081253 -260.343750 
1006715311069442 -71.700005 47.175003 -260.606262 
1006715331069442 -71.850006 47.493752 -260.681274 
1006715351069442 -71.906250 47.456253 -260.906250 
1006715371069442 -72.018753 47.400002 -260.925018 
1006715391069442 -72.075005 47.531250 -260.831268 
1006715411069442 -72.337502 47.775002 -260.850006 
1006715431069442 -72.356255 47.700001 -261.000000 
1006715451069442 -72.206253 47.812500 -261.093750 
1006715471069442 -72.375000 47.681252 -261.000000 
1006715491069442 -72.356255 47.587502 -260.850006 
1006715511069442 -72.337502 47.906250 -260.737518 
1006715531069442 -72.450005 48.000000 -260.718750 
1006715551069442 -72.393753 48.375004 -260.643768 
1006715571069442 -72.431252 48.131252 -260.775024 
1006715591069442 -72.300003 48.206253 -260.343750 
1006715611069442 -72.393753 48.468754 -260.137512 
1006715631069442 -72.375000 48.750004 -260.231262 
1006715651069442 -72.468750 48.825001 -260.268768 
1006715671069442 -72.393753 48.843754 -260.381256 
1006715691069442 -72.168755 48.956253 -260.231262 
1006715711069442 -72.168755 48.637501 -260.287506 
1006715731069442 -71.887505 48.656254 -260.400024 
1006715751069442 -71.737503 48.712502 -260.512512 
1006715771069442 -71.531250 48.525002 -260.662506 
1006715791069442 -71.381256 48.281254 -260.625000 
1006715811069442 -71.212502 48.131252 -260.756256 
1006715831069442 -71.381256 47.793751 -260.662506 
1006715851069442 -71.512505 47.456253 -260.962524 
1006715871069442 -71.662506 47.437500 -260.850006 
1006715891069442 -71.887505 47.718750 -260.643768 
1006715911069442 -72.018753 47.887501 -260.850006 
1006715931069442 -71.981255 47.962502 -260.662506 
1006715951069442 -71.962502 48.037502 -260.587524 
1006715971069442 -71.756256 48.206253 -260.268768 
1006715991069442 -71.625000 48.543751 -260.268768 
1006716011069442 -71.400002 48.862503 -259.950012 
1006716031069442 -71.193756 49.031254 -259.912506 
1006716051069442 -71.231255 48.975002 -259.556274 
1006716071069442 -71.343750 48.881252 -259.331268 
1006716091069442 -71.418755 49.200001 -259.275024 
1006716111069442 -71.587502 49.068752 -259.106262 
1006716131069442 -71.887505 48.731251 -259.068756 
1006716151069442 -72.093750 48.412502 -259.050018 
1006716171069442 -72.450005 48.356251 -259.162506 
1006716191069442 -72.600006 48.356251 -259.275024 
1006716211069442 -72.300003 48.075001 -259.443756 
1006716231069442 -72.300003 48.018753 -259.406250 
1006716251069442 -72.243752 47.643753 -259.350006 
1006716271069442 -72.150002 47.925003 -259.556274 
1006716291069442 -72.356255 48.075001 -259.668762 
1006716311069442 -72.206253 48.056252 -259.687500 
1006716331069442 -72.168755 48.018753 -259.743774 
1006716351069442 -72.131256 47.850002 -259.575012 
1006716371069442 -72.337502 48.112503 -259.631256 
1006716391069442 -72.450005 48.131252 -259.612518 
1006716411069442 -72.487503 48.056252 -259.687500 
1006716431069442 -72.750000 48.037502 -259.668762 
1006716451069442 -72.468750 48.262501 -259.687500 
1006716471069442 -72.637505 48.337502 -259.818756 
1006716491069442 -72.525002 48.131252 -259.556274 
1006716511069442 -72.675003 48.150002 -259.481262 
1006716531069442 -72.768753 48.150002 -259.425018 
1006716551069442 -72.937500 48.225002 -259.500000 
1006716571069442 -73.350006 48.506252 -259.406250 
1006716591069442 -73.462502 48.750004 -259.200012 
1006716611069442 -73.818756 48.806252 -259.218750 
1006716631069442 -74.043755 48.750004 -259.031250 
1006716651069442 -74.362503 48.881252 -258.993774 
1006716671069442 -74.531250 48.881252 -259.106262 
1006716691069442 -74.700005 48.712502 -259.031250 
1006716711069442 -74.643753 48.712502 -258.862518 
1006716731069442 -74.625000 48.487503 -259.012512 
1006716751069442 -74.625000 48.206253 -259.012512 
1006716771069442 -74.606255 48.056252 -258.806274 
1006716791069442 -74.568756 48.131252 -258.712524 
1006716811069442 -74.475006 48.075001 -258.900024 
1006716831069442 -74.493752 48.056252 -258.937500 
1006716851069442 -74.550003 48.243752 -259.012512 
1006716871069442 -74.643753 48.281254 -258.975006 
1006716891069442 -74.568756 48.281254 -258.843750 
1006716911069442 -74.606255 48.281254 -258.918762 
1006716931069442 -74.568756 48.318752 -259.050018 
1006716951069442 -74.362503 48.150002 -259.068756 
1006716971069442 -74.531250 48.056252 -258.900024 
1006716991069442 -74.212502 48.000000 -258.862518 
1006717011069442 -74.043755 47.850002 -258.675018 
1006717031069442 -74.100006 47.831253 -258.600006 
1006717051069442 -74.081253 47.756252 -258.693756 
1006717071069442 -73.931252 47.737503 -258.468750 
1006717091069442 -74.025002 47.418751 -258.393768 
1006717111069442 -74.268753 47.268753 -258.337524 
1006717131069442 -73.875000 47.400002 -258.468750 
1006717151069442 -74.043755 47.287502 -258.318756 
1006717171069442 -74.006256 47.137501 -258.375000 
1006717191069442 -73.837502 46.837502 -258.375000 
1006717211069442 -73.575005 46.556252 -258.150024 
1006717231069442 -73.518753 46.406250 -258.243774 
1006717251069442 -73.350006 46.368752 -258.168762 
1006717271069442 -73.181252 46.668751 -258.206268 
1006717291069442 -73.312500 46.425003 -257.943756 
1006717311069442 -73.256256 46.500000 -257.850006 
1006717331069442 -73.143753 46.650002 -257.962524 
1006717351069442 -72.825005 46.781250 -257.943756 
1006717371069442 -72.731255 46.818752 -257.812500 
1006717391069442 -72.693756 46.818752 -257.868774 
1006717411069442 -72.543755 46.800003 -257.943756 
1006717431069442 -72.356255 46.575001 -257.887512 
1006717451069442 -72.225006 46.762501 -258.018768 
1006717471069442 -72.337502 46.762501 -258.206268 
1006717491069442 -72.431252 46.687500 -258.131256 
1006717511069442 -72.768753 46.518753 -258.131256 
1006717531069442 -73.181252 46.575001 -258.337524 
1006717551069442 -73.237503 46.593750 -258.187500 
1006717571069442 -73.518753 46.331253 -258.056274 
1006717591069442 -73.800003 46.312500 -258.075012 
1006717611069442 -73.837502 46.125000 -257.906250 
1006717631069442 -73.687500 46.143753 -257.812500 
1006717651069442 -73.781250 46.050003 -257.831268 
1006717671069442 -73.818756 45.956253 -258.056274 
1006717691069442 -73.612503 45.881252 -258.281250 
1006717711069442 -73.650002 45.581253 -258.581268 
1006717731069442 -73.518753 45.675003 -258.731262 
1006717751069442 -73.462502 45.487503 -258.637512 
1006717771069442 -73.593750 45.356251 -258.937500 
1006717791069442 -73.762505 45.000000 -258.862518 
1006717811069442 -73.687500 44.737503 -259.125000 
1006717831069442 -73.406250 44.681252 -259.050018 
1006717851069442 -73.275002 44.531250 -258.806274 
1006717871069442 -73.218750 44.831253 -258.731262 
1006717891069442 -73.143753 44.831253 -258.656250 
1006717911069442 -73.125000 45.075001 -258.693756 
1006717931069442 -72.900002 45.018753 -258.487518 
1006717951069442 -72.637505 45.093750 -258.562500 
1006717971069442 -72.468750 45.187500 -258.525024 
1006717991069442 -72.468750 45.075001 -258.337524 
1006718011069442 -72.412506 45.243752 -258.225006 
1006718031069442 -72.056252 45.187500 -257.981262 
1006718051069442 -71.831253 45.168751 -257.831268 
1006718071069442 -71.681252 45.018753 -257.793762 
1006718091069442 -71.681252 45.412502 -257.643768 
1006718111069442 -71.493752 45.356251 -257.587524 
1006718131069442 -71.268753 45.412502 -257.081268 
1006718151069442 -70.968750 45.562500 -256.875000 
1006718171069442 -70.800003 45.656250 -256.950012 
1006718191069442 -70.743752 45.637501 -257.006256 
1006718211069442 -70.481255 45.787502 -256.987518 
1006718231069442 -70.256256 45.712502 -256.800018 
1006718251069442 -70.181252 45.487503 -256.875000 
1006718271069442 -70.200005 45.450001 -256.743774 
1006718291069442 -70.256256 45.468750 -256.668762 
1006718311069442 -70.312500 45.281250 -256.762512 
1006718331069442 -70.012505 44.943752 -256.668762 
1006718351069442 -69.937500 44.681252 -256.593750 
1006718371069442 -70.125000 44.343750 -256.387512 
1006718391069442 -70.275002 44.306252 -256.387512 
1006718411069442 -70.387505 44.043751 -256.143768 
1006718431069442 -70.218750 44.081253 -256.143768 
1006718451069442 -70.068756 43.931252 -256.425018 
1006718471069442 -70.031250 43.912502 -256.575012 
1006718491069442 -70.593750 43.893753 -256.706268 
1006718511069442 -70.518753 44.006252 -256.631256 
1006718531069442 -70.425003 44.081253 -256.875000 
1006718551069442 -70.518753 44.193752 -256.856262 
1006718571069442 -70.237503 44.343750 -257.156250 
1006718591069442 -70.275002 44.550003 -257.400024 
1006718611069442 -70.368752 44.550003 -257.493774 
1006718631069442 -70.500000 44.793751 -257.475006 
1006718651069442 -70.331253 45.000000 -257.400024 
1006718671069442 -70.593750 44.906250 -257.493774 
1006718691069442 -70.556252 45.112503 -257.343750 
1006718711069442 -70.387505 45.112503 -257.287506 
1006718731069442 -70.443756 45.075001 -257.100006 
1006718751069442 -70.443756 44.943752 -256.931274 
1006718771069442 -70.500000 44.943752 -256.668762 
1006718791069442 -70.668755 44.775002 -256.537506 
1006718811069442 -70.668755 44.662502 -256.575012 
1006718831069442 -70.800003 44.831253 -256.575012 
1006718851069442 -70.856255 44.850002 -256.593750 
1006718871069442 -70.800003 44.756252 -256.762512 
1006718891069442 -70.931252 44.737503 -256.912506 
1006718911069442 -71.081253 44.756252 -256.987518 
1006718931069442 -71.137505 44.775002 -256.931274 
1006718951069442 -71.062500 44.756252 -256.912506 
1006718971069442 -71.062500 44.831253 -257.006256 
1006718991069442 -71.118752 44.718750 -256.968750 
1006719011069442 -71.381256 44.718750 -257.100006 
1006719031069442 -71.512505 44.700001 -257.156250 
1006719051069442 -71.606255 44.662502 -257.212524 
1006719071069442 -71.700005 44.700001 -257.343750 
1006719091069442 -71.568756 44.925003 -257.418762 
1006719111069442 -71.362503 45.018753 -257.325012 
1006719131069442 -71.175003 45.131252 -257.231262 
1006719151069442 -70.856255 45.337502 -257.268768 
1006719171069442 -70.537506 45.262501 -257.343750 
1006719191069442 -70.425003 45.506252 -257.325012 
1006719211069442 -70.462502 45.637501 -257.325012 
1006719231069442 -70.556252 45.581253 -257.306274 
1006719251069442 -70.706253 45.300003 -257.456268 
1006719271069442 -70.687500 45.487503 -257.831268 
1006719291069442 -71.118752 45.562500 -258.000000 
1006719311069442 -71.231255 45.506252 -258.187500 
1006719331069442 -71.475006 45.750000 -258.093750 
1006719351069442 -71.662506 45.693752 -257.943756 
1006719371069442 -71.550003 45.825001 -257.775024 
1006719391069442 -71.456253 46.012501 -257.662506 
1006719411069442 -71.381256 46.406250 -257.662506 
1006719431069442 -71.831253 46.237503 -257.606262 
1006719451069442 -71.643753 46.106251 -257.400024 
1006719471069442 -71.756256 46.050003 -257.062500 
1006719491069442 -71.643753 46.050003 -256.837524 
1006719511069442 -71.512505 46.087502 -256.837524 
1006719531069442 -71.343750 46.031250 -256.837524 
1006719551069442 -71.118752 45.825001 -256.856262 
1006719571069442 -70.931252 45.581253 -256.706268 
1006719591069442 -70.518753 45.487503 -256.293762 
1006719611069442 -70.275002 45.487503 -256.312500 
1006719631069442 -70.237503 45.112503 -256.331268 
1006719651069442 -70.331253 44.625000 -256.425018 
1006719671069442 -70.218750 44.175003 -256.443756 
1006719691069442 -70.462502 43.593750 -256.368774 
1006719711069442 -70.800003 43.125000 -255.993759 
1006719731069442 -70.987503 42.562500 -256.068756 
1006719751069442 -71.118752 42.168751 -256.387512 
1006719771069442 -71.493752 41.812500 -256.218750 
1006719791069442 -71.606255 41.943752 -256.556274 
1006719811069442 -71.681252 41.850002 -256.762512 
1006719831069442 -71.737503 41.793751 -256.856262 
1006719851069442 -71.775002 41.868752 -257.043762 
1006719871069442 -71.775002 42.037502 -257.381256 
1006719891069442 -72.206253 42.037502 -257.437500 
1006719911069442 -72.431252 42.131252 -257.381256 
1006719931069442 -72.393753 41.981251 -257.643768 
1006719951069442 -72.487503 41.962502 -257.475006 
1006719971069442 -72.562500 41.962502 -257.212524 
1006719991069442 -72.600006 41.831253 -257.212524 
1006720011069442 -72.525002 42.093750 -257.343750 
1006720031069442 -72.487503 42.356251 -257.400024 
1006720051069442 -72.131256 42.525002 -257.475006 
1006720071069442 -72.131256 42.487503 -257.531250 
1006720091069442 -72.206253 42.712502 -257.325012 
1006720111069442 -72.187500 42.562500 -257.343750 
1006720131069442 -72.187500 42.600002 -257.437500 
1006720151069442 -72.412506 42.693752 -257.456268 
1006720171069442 -72.431252 42.581253 -257.212524 
1006720191069442 -72.393753 42.375000 -257.137512 
1006720211069442 -72.487503 42.450001 -256.893768 
1006720231069442 -72.431252 42.618752 -256.837524 
1006720251069442 -72.450005 42.712502 -256.800018 
1006720271069442 -72.150002 42.750000 -256.837524 
1006720291069442 -71.943756 42.918751 -256.725006 
1006720311069442 -71.700005 43.200001 -256.743774 
1006720331069442 -71.437500 43.368752 -256.612518 
1006720351069442 -71.193756 43.293751 -256.575012 
1006720371069442 -70.950005 43.500000 -256.725006 
1006720391069442 -70.781250 43.631252 -256.818756 
1006720411069442 -70.725006 43.650002 -256.631256 
1006720431069442 -70.818756 43.800003 -256.500000 
1006720451069442 -70.912506 43.837502 -256.650024 
1006720471069442 -70.837502 43.912502 -256.556274 
1006720491069442 -71.100006 44.006252 -256.912506 
1006720511069442 -71.231255 44.381252 -256.837524 
1006720531069442 -71.156250 44.512501 -256.875000 
1006720551069442 -71.062500 44.625000 -256.743774 
1006720571069442 -70.968750 45.056252 -257.062500 
1006720591069442 -71.006256 45.187500 -257.118774 
1006720611069442 -70.893753 45.356251 -257.100006 
1006720631069442 -70.912506 45.431252 -257.081268 
1006720651069442 -70.987503 45.393753 -256.893768 
1006720671069442 -71.006256 45.356251 -257.062500 
1006720691069442 -71.400002 45.506252 -256.987518 
1006720711069442 -71.568756 45.618752 -257.287506 
1006720731069442 -71.700005 45.506252 -257.343750 
1006720751069442 -71.568756 45.487503 -257.381256 
1006720771069442 -71.718750 45.731251 -257.512512 
1006720791069442 -71.850006 45.937500 -257.512512 
1006720811069442 -71.868752 46.087502 -257.625000 
1006720831069442 -72.000000 46.256252 -257.587524 
1006720851069442 -71.812500 46.068752 -257.681274 
1006720871069442 -72.000000 45.918751 -257.531250 
1006720891069442 -71.906250 45.806252 -257.625000 
1006720911069442 -72.150002 45.712502 -257.681274 
1006720931069442 -72.168755 45.731251 -257.700012 
1006720951069442 -72.056252 45.618752 -257.868774 
1006720971069442 -71.662506 45.956253 -257.643768 
1006720991069442 -71.325005 46.162502 -257.775024 
1006721011069442 -71.381256 46.368752 -257.756256 
1006721031069442 -71.081253 46.668751 -257.925018 
1006721051069442 -71.306252 46.931252 -257.962524 
1006721071069442 -71.418755 47.381252 -258.093750 
1006721091069442 -71.400002 47.362503 -257.962524 
1006721111069442 -71.587502 47.400002 -257.887512 
1006721131069442 -72.225006 47.231251 -258.168762 
1006721151069442 -72.468750 47.081253 -257.962524 
1006721171069442 -72.581253 47.062500 -258.037506 
1006721191069442 -72.975006 47.043751 -257.925018 
1006721211069442 -72.956253 47.062500 -257.831268 
1006721231069442 -72.975006 46.743752 -257.681274 
1006721251069442 -73.256256 46.500000 -257.831268 
1006721271069442 -73.556252 46.537502 -258.093750 
1006721291069442 -73.631256 46.462502 -258.187500 
1006721311069442 -73.950005 46.312500 -258.281250 
1006721331069442 -74.231255 46.200001 -258.337524 
1006721351069442 -74.081253 46.012501 -258.281250 
1006721371069442 -74.137505 45.862503 -258.300018 
1006721391069442 -74.418755 45.750000 -258.506256 
1006721411069442 -74.512505 45.768753 -258.487518 
1006721431069442 -74.362503 45.618752 -258.393768 
1006721451069442 -74.306252 45.431252 -258.112518 
1006721471069442 -74.381256 45.356251 -258.281250 
1006721491069442 -74.212502 45.562500 -258.150024 
1006721511069442 -74.568756 45.656250 -258.206268 
1006721531069442 -74.756256 45.618752 -258.375000 
1006721551069442 -74.531250 45.956253 -258.375000 
1006721571069442 -74.456253 46.181252 -258.656250 
1006721591069442 -74.512505 46.443752 -258.693756 
1006721611069442 -74.418755 46.706253 -258.900024 
1006721631069442 -74.268753 46.875000 -258.993774 
1006721651069442 -74.568756 46.743752 -259.050018 
1006721671069442 -74.400002 46.856251 -259.050018 
1006721691069442 -74.212502 47.156250 -259.012512 
1006721711069442 -74.175003 47.156250 -258.975006 
1006721731069442 -73.912506 47.175003 -258.618774 
1006721751069442 -73.650002 47.006252 -258.637512 
1006721771069442 -73.593750 46.893753 -258.393768 
1006721791069442 -73.406250 46.875000 -258.187500 
1006721811069442 -73.012505 47.081253 -258.187500 
1006721831069442 -72.956253 46.856251 -258.393768 
1006721851069442 -72.956253 46.612503 -258.206268 
1006721871069442 -72.975006 46.631252 -258.412506 
1006721891069442 -73.087502 46.481251 -258.487518 
1006721911069442 -73.350006 46.500000 -258.412506 
1006721931069442 -73.331253 46.612503 -258.750000 
1006721951069442 -73.593750 46.725002 -258.825012 
1006721971069442 -73.931252 46.612503 -259.106262 
1006721991069442 -74.081253 46.762501 -258.956268 
1006722011069442 -74.043755 46.875000 -258.881256 
1006722031069442 -74.062500 46.800003 -258.637512 
1006722051069442 -74.287506 47.043751 -258.843750 
1006722071069442 -74.231255 47.100002 -259.012512 
1006722091069442 -74.418755 47.268753 -258.918762 
1006722111069442 -74.475006 47.475002 -259.106262 
1006722131069442 -74.400002 47.550003 -258.956268 
1006722151069442 -74.193756 47.831253 -259.106262 
1006722171069442 -74.475006 47.756252 -259.256256 
1006722191069442 -74.456253 47.887501 -259.200012 
1006722211069442 -74.437500 47.793751 -258.993774 
1006722231069442 -74.512505 48.037502 -258.806274 
1006722251069442 -74.512505 48.000000 -258.843750 
1006722271069442 -74.437500 47.868752 -258.750000 
1006722291069442 -74.400002 48.075001 -258.675018 
1006722311069442 -74.512505 48.075001 -258.468750 
1006722331069442 -74.231255 48.018753 -258.393768 
1006722351069442 -74.156250 48.093754 -258.543762 
1006722371069442 -74.137505 48.243752 -258.750000 
1006722391069442 -74.175003 48.150002 -258.825012 
1006722411069442 -74.006256 47.868752 -259.125000 
1006722431069442 -74.043755 48.000000 -259.012512 
1006722451069442 -74.043755 47.831253 -259.012512 
1006722471069442 -74.006256 47.737503 -259.237518 
1006722491069442 -74.043755 47.868752 -259.350006 
1006722511069442 -74.212502 47.906250 -259.350006 
1006722531069442 -74.362503 47.756252 -259.387512 
1006722551069442 -74.456253 47.793751 -259.481262 
1006722571069442 -74.493752 48.318752 -259.162506 
1006722591069442 -74.456253 48.356251 -259.331268 
1006722611069442 -74.212502 48.281254 -259.406250 
1006722631069442 -74.418755 48.206253 -259.087524 
1006722651069442 -74.400002 48.393753 -259.125000 
1006722671069442 -74.381256 48.243752 -259.012512 
1006722691069442 -74.081253 48.318752 -258.675018 
1006722711069442 -73.800003 48.450001 -258.562500 
1006722731069442 -73.875000 48.393753 -258.543762 
1006722751069442 -73.762505 48.318752 -258.581268 
1006722771069442 -73.743752 48.487503 -258.768768 
1006722791069442 -73.481255 48.337502 -258.862518 
1006722811069442 -73.556252 48.225002 -258.956268 
1006722831069442 -73.537506 48.375004 -258.975006 
1006722851069442 -73.331253 48.431252 -259.106262 
1006722871069442 -73.518753 48.393753 -259.125000 
1006722891069442 -73.518753 47.943752 -259.350006 
1006722911069442 -73.481255 47.793751 -259.218750 
1006722931069442 -73.650002 47.681252 -259.031250 
1006722951069442 -73.612503 48.000000 -259.106262 
1006722971069442 -73.537506 48.037502 -258.881256 
1006722991069442 -73.143753 47.793751 -258.693756 
1006723011069442 -73.331253 47.587502 -258.581268 
1006723031069442 -73.050003 47.212502 -258.337524 
1006723051069442 -72.806252 47.118752 -258.075012 
1006723071069442 -72.543755 46.968750 -258.000000 
1006723091069442 -72.562500 46.650002 -257.831268 
1006723111069442 -72.225006 46.237503 -257.812500 
1006723131069442 -72.056252 45.975002 -257.850006 
1006723151069442 -72.093750 46.106251 -257.850006 
1006723171069442 -71.793755 46.068752 -258.000000 
1006723191069442 -71.493752 46.350002 -257.850006 
1006723211069442 -71.456253 46.443752 -258.000000 
1006723231069442 -71.531250 46.593750 -257.925018 
1006723251069442 -71.137505 46.762501 -257.850006 
1006723271069442 -71.137505 46.762501 -257.718750 
1006723291069442 -71.100006 46.800003 -257.512512 
1006723311069442 -71.100006 46.725002 -257.812500 
1006723331069442 -71.062500 46.800003 -257.718750 
1006723351069442 -71.175003 46.612503 -257.981262 
1006723371069442 -71.043755 46.668751 -257.643768 
1006723391069442 -71.118752 46.781250 -257.793762 
1006723411069442 -71.268753 46.875000 -257.868774 
1006723431069442 -71.287506 47.025002 -257.981262 
1006723451069442 -71.287506 47.250000 -257.981262 
1006723471069442 -71.568756 47.325001 -257.906250 
1006723491069442 -71.718750 47.531250 -257.868774 
1006723511069442 -72.225006 47.512501 -258.018768 
1006723531069442 -72.506256 47.587502 -258.112518 
1006723551069442 -72.675003 47.718750 -257.906250 
1006723571069442 -72.675003 47.906250 -257.943756 
1006723591069442 -73.106255 48.093754 -257.962524 
1006723611069442 -73.200005 48.018753 -258.337524 
1006723631069442 -73.181252 48.093754 -258.281250 
1006723651069442 -73.256256 48.037502 -258.412506 
1006723671069442 -73.218750 48.093754 -258.375000 
1006723691069442 -73.012505 48.075001 -258.356262 
1006723711069442 -72.881256 47.925003 -258.581268 
1006723731069442 -73.256256 47.587502 -258.768768 
1006723751069442 -73.087502 47.456253 -258.637512 
1006723771069442 -73.218750 47.268753 -258.450012 
1006723791069442 -73.237503 47.118752 -258.262512 
1006723811069442 -73.237503 46.950001 -258.468750 
1006723831069442 -73.143753 46.893753 -258.506256 
1006723851069442 -73.293755 46.987503 -258.393768 
1006723871069442 -73.350006 47.025002 -258.356262 
1006723891069442 -73.125000 47.137501 -258.318756 
1006723911069442 -73.162506 47.081253 -258.487518 
1006723931069442 -73.331253 47.231251 -258.506256 
1006723951069442 -73.575005 47.250000 -258.768768 
1006723971069442 -73.837502 47.475002 -258.656250 
1006723991069442 -73.968750 47.643753 -258.787506 
1006724011069442 -74.231255 47.700001 -259.031250 
1006724031069442 -74.493752 47.700001 -259.087524 
1006724051069442 -74.662506 47.850002 -259.387512 
1006724071069442 -74.887505 47.793751 -259.406250 
1006724091069442 -74.793755 47.812500 -259.387512 
1006724111069442 -74.550003 47.700001 -259.293762 
1006724131069442 -74.662506 47.475002 -259.237518 
1006724151069442 -74.793755 47.400002 -259.068756 
1006724171069442 -74.887505 47.381252 -259.087524 
1006724191069442 -74.850006 47.325001 -259.068756 
1006724211069442 -74.850006 47.343750 -258.900024 
1006724231069442 -74.587502 47.512501 -258.806274 
1006724251069442 -74.718750 47.418751 -258.806274 
1006724271069442 -74.831253 47.587502 -258.825012 
1006724291069442 -74.550003 47.625000 -258.768768 
1006724311069442 -74.306252 47.700001 -258.843750 
1006724331069442 -74.137505 47.700001 -258.918762 
1006724351069442 -74.156250 47.625000 -258.956268 
1006724371069442 -74.175003 47.475002 -258.581268 
1006724391069442 -74.400002 47.456253 -258.431274 
1006724411069442 -74.268753 47.587502 -258.506256 
1006724431069442 -74.268753 47.550003 -258.675018 
1006724451069442 -74.437500 47.718750 -258.806274 
1006724471069442 -74.343750 47.681252 -258.581268 
1006724491069442 -74.287506 47.625000 -258.581268 
1006724511069442 -74.268753 47.775002 -258.693756 
1006724531069442 -74.100006 47.775002 -258.900024 
1006724551069442 -74.362503 47.737503 -259.068756 
1006724571069442 -74.381256 47.606251 -259.200012 
1006724591069442 -74.493752 47.456253 -259.218750 
1006724611069442 -74.512505 47.437500 -259.256256 
1006724631069442 -74.700005 47.287502 -259.481262 
1006724651069442 -74.925003 47.081253 -259.443756 
1006724671069442 -75.056252 46.875000 -259.368774 
1006724691069442 -75.393753 46.987503 -259.518768 
1006724711069442 -75.375000 47.006252 -259.668762 
1006724731069442 -75.562500 47.081253 -259.612518 
1006724751069442 -75.525002 47.156250 -259.462524 
1006724771069442 -75.506256 46.875000 -259.518768 
1006724791069442 -75.356255 46.950001 -259.425018 
1006724811069442 -75.375000 46.837502 -259.406250 
1006724831069442 -75.206253 46.931252 -259.406250 
1006724851069442 -75.000000 46.668751 -259.312500 
1006724871069442 -74.643753 46.425003 -259.200012 
1006724891069442 -74.625000 46.312500 -259.256256 
1006724911069442 -74.718750 46.387501 -259.481262 
1006724931069442 -74.643753 46.481251 -259.275024 
1006724951069442 -74.831253 46.368752 -259.293762 
1006724971069442 -74.756256 46.762501 -259.406250 
1006724991069442 -74.793755 46.856251 -259.350006 
1006725011069442 -74.925003 46.893753 -259.331268 
1006725031069442 -75.075005 47.156250 -259.537506 
1006725051069442 -74.925003 47.193752 -259.387512 
1006725071069442 -74.793755 47.175003 -259.087524 
1006725091069442 -75.131256 47.437500 -259.293762 
1006725111069442 -75.262505 47.531250 -259.312500 
1006725131069442 -75.243752 47.475002 -259.368774 
1006725151069442 -75.112503 47.437500 -259.350006 
1006725171069442 -75.056252 47.437500 -259.312500 
1006725191069442 -75.187500 47.362503 -258.900024 
1006725211069442 -75.281250 47.493752 -258.825012 
1006725231069442 -75.318756 47.587502 -258.900024 
1006725251069442 -75.075005 47.512501 -258.750000 
1006725271069442 -74.925003 47.793751 -258.768768 
1006725291069442 -74.850006 47.868752 -258.712524 
1006725311069442 -74.868752 48.093754 -258.637512 
1006725331069442 -74.850006 48.450001 -258.693756 
1006725351069442 -74.681252 48.975002 -259.031250 
1006725371069442 -74.606255 49.368752 -259.200012 
1006725391069442 -74.531250 49.387501 -259.200012 
1006725411069442 -74.587502 49.593754 -259.237518 
1006725431069442 -74.681252 49.631252 -259.200012 
1006725451069442 -74.775002 49.706253 -259.050018 
1006725471069442 -74.718750 50.137501 -259.218750 
1006725491069442 -74.587502 50.100002 -259.256256 
1006725511069442 -74.587502 50.062504 -259.125000 
1006725531069442 -74.437500 50.156254 -259.031250 
1006725551069442 -74.343750 50.156254 -258.862518 
1006725571069442 -74.362503 49.987503 -259.125000 
1006725591069442 -74.287506 49.912502 -259.012512 
1006725611069442 -74.193756 49.968754 -259.012512 
1006725631069442 -74.325005 49.687504 -258.731262 
1006725651069442 -74.606255 49.725002 -258.656250 
1006725671069442 -74.737503 49.631252 -258.768768 
1006725691069442 -75.131256 49.312504 -258.731262 
1006725711069442 -75.281250 49.387501 -258.956268 
1006725731069442 -75.168755 49.425003 -258.487518 
1006725751069442 -75.431252 49.125004 -258.618774 
1006725771069442 -75.506256 48.993752 -258.825012 
1006725791069442 -75.656250 48.787502 -259.312500 
1006725811069442 -75.656250 48.600002 -259.312500 
1006725831069442 -75.675003 48.356251 -259.293762 
1006725851069442 -75.450005 47.962502 -259.312500 
1006725871069442 -75.506256 47.943752 -259.500000 
1006725891069442 -75.637505 47.812500 -259.762512 
1006725911069442 -75.337502 47.737503 -259.800018 
1006725931069442 -75.262505 47.456253 -259.500000 
1006725951069442 -75.037506 47.081253 -259.387512 
1006725971069442 -74.812500 46.987503 -259.331268 
1006725991069442 -74.512505 46.950001 -259.256256 
1006726011069442 -74.456253 46.968750 -259.275024 
1006726031069442 -74.231255 46.800003 -258.843750 
1006726051069442 -74.231255 46.668751 -258.806274 
1006726071069442 -74.268753 46.631252 -258.843750 
1006726091069442 -74.287506 46.500000 -259.068756 
1006726111069442 -74.418755 46.518753 -258.843750 
1006726131069442 -74.606255 46.350002 -258.975006 
1006726151069442 -74.512505 45.956253 -259.068756 
1006726171069442 -74.475006 45.712502 -259.068756 
1006726191069442 -74.643753 45.656250 -259.293762 
1006726211069442 -74.381256 45.768753 -259.443756 
1006726231069442 -74.268753 45.806252 -259.218750 
1006726251069442 -74.100006 45.975002 -258.975006 
1006726271069442 -74.100006 46.200001 -258.937500 
1006726291069442 -73.631256 46.537502 -258.975006 
1006726311069442 -73.856255 46.725002 -258.862518 
1006726331069442 -73.762505 47.062500 -258.975006 
1006726351069442 -73.875000 47.006252 -258.768768 
1006726371069442 -73.931252 47.043751 -258.693756 
1006726391069442 -74.081253 47.100002 -258.843750 
1006726411069442 -74.268753 47.175003 -259.125000 
1006726431069442 -74.175003 47.193752 -258.993774 
1006726451069442 -74.343750 46.987503 -258.862518 
1006726471069442 -74.250000 47.062500 -258.825012 
1006726491069442 -74.156250 47.175003 -258.656250 
1006726511069442 -73.668755 47.212502 -258.787506 
1006726531069442 -73.575005 47.006252 -258.825012 
1006726551069442 -73.275002 47.193752 -258.750000 
1006726571069442 -73.218750 47.137501 -258.506256 
1006726591069442 -73.200005 47.081253 -258.806274 
1006726611069442 -73.237503 47.250000 -258.806274 
1006726631069442 -73.350006 47.231251 -258.750000 
1006726651069442 -73.462502 47.175003 -258.843750 
1006726671069442 -73.612503 47.287502 -258.787506 
1006726691069442 -73.500000 47.512501 -258.506256 
1006726711069442 -73.462502 47.400002 -258.581268 
1006726731069442 -73.143753 47.362503 -258.675018 
1006726751069442 -72.900002 47.325001 -258.300018 
1006726771069442 -72.656250 46.912502 -258.243774 
1006726791069442 -72.487503 46.875000 -258.281250 
1006726811069442 -72.356255 46.875000 -258.206268 
1006726831069442 -72.262505 46.837502 -258.375000 
1006726851069442 -72.412506 46.687500 -258.318756 
1006726871069442 -72.412506 46.631252 -258.243774 
1006726891069442 -72.431252 46.668751 -258.075012 
1006726911069442 -72.637505 46.593750 -258.187500 
1006726931069442 -72.693756 46.912502 -258.206268 
1006726951069442 -72.675003 47.043751 -258.187500 
1006726971069442 -72.787506 46.893753 -258.168762 
1006726991069442 -72.768753 46.650002 -258.075012 
1006727011069442 -72.600006 46.593750 -258.093750 
1006727031069442 -72.656250 46.593750 -257.850006 
1006727051069442 -72.712502 46.612503 -257.793762 
1006727071069442 -72.300003 46.800003 -257.906250 
1006727091069442 -72.300003 46.706253 -257.775024 
1006727111069442 -72.225006 46.950001 -257.662506 
1006727131069442 -72.187500 47.250000 -257.531250 
1006727151069442 -72.318756 47.568752 -257.587524 
1006727171069442 -72.468750 47.681252 -257.700012 
1006727191069442 -72.468750 47.737503 -258.000000 
1006727211069442 -72.693756 47.775002 -258.056274 
1006727231069442 -73.050003 47.887501 -257.962524 
1006727251069442 -73.200005 47.962502 -257.906250 
1006727271069442 -73.462502 47.831253 -257.906250 
1006727291069442 -73.406250 47.662502 -257.906250 
1006727311069442 -73.443756 47.437500 -257.493774 
1006727331069442 -73.125000 47.381252 -257.381256 
