# Created at Thu Jun 06 10:35:43 GMT+03:00 2024 in Burnaby Canada 
1006694951069442 -91.104469 47.069027 -214.822815 
1006694971069442 -91.104469 47.069027 -214.822815 
1006694991069442 -91.104469 47.069027 -214.822815 
1006695011069442 -91.104469 47.069027 -214.822815 
1006695031069442 -91.104469 47.069027 -214.822815 
1006695051069442 -91.104469 47.069027 -214.822815 
1006695071069442 -91.104469 47.069027 -214.822815 
1006695091069442 -91.104469 47.069027 -214.822815 
1006695111069442 -91.104469 47.069027 -214.822815 
1006695131069442 -91.104469 47.069027 -214.822815 
1006695151069442 -91.104469 47.069027 -214.822815 
1006695171069442 -91.104469 47.069027 -214.822815 
1006695191069442 -91.104469 47.069027 -214.822815 
1006695211069442 -91.104469 47.069027 -214.822815 
1006695231069442 -91.104469 47.069027 -214.822815 
1006695251069442 -91.104469 47.069027 -214.822815 
1006695271069442 -91.104469 47.069027 -214.822815 
1006695291069442 -91.104469 47.069027 -214.822815 
1006695311069442 -91.104469 47.069027 -214.822815 
1006695331069442 -91.104469 47.069027 -214.822815 
1006695351069442 -91.104469 47.069027 -214.822815 
1006695371069442 -91.104469 47.069027 -214.822815 
1006695391069442 -91.104469 47.069027 -214.822815 
1006695411069442 -91.104469 47.069027 -214.822815 
1006695431069442 -91.104469 47.069027 -214.822815 
1006695451069442 -91.104469 47.069027 -214.822815 
1006695471069442 -91.104469 47.069027 -214.822815 
1006695491069442 -91.104469 47.069027 -214.822815 
1006695511069442 -91.104469 47.069027 -214.822815 
1006695531069442 -91.104469 47.069027 -214.822815 
1006695551069442 -91.104469 47.069027 -214.822815 
1006695571069442 -91.104469 47.069027 -214.822815 
1006695591069442 -91.104469 47.069027 -214.822815 
1006695611069442 -91.104469 47.069027 -214.822815 
1006695631069442 -91.104469 47.069027 -214.822815 
1006695651069442 -91.104469 47.069027 -214.822815 
1006695671069442 -91.104469 47.069027 -214.822815 
1006695691069442 -91.104469 47.069027 -214.822815 
1006695711069442 -91.104469 47.069027 -214.822815 
1006695731069442 -91.104469 47.069027 -214.822815 
1006695751069442 -91.104469 47.069027 -214.822815 
1006695771069442 -91.104469 47.069027 -214.822815 
1006695791069442 -91.104469 47.069027 -214.822815 
1006695811069442 -91.104469 47.069027 -214.822815 
1006695831069442 -91.104469 47.069027 -214.822815 
1006695851069442 -91.104469 47.069027 -214.822815 
1006695871069442 -91.104469 47.069027 -214.822815 
1006695891069442 -91.104469 47.069027 -214.822815 
1006695911069442 -91.104469 47.069027 -214.822815 
1006695931069442 -91.104469 47.069027 -214.822815 
1006695951069442 -91.104469 47.069027 -214.822815 
1006695971069442 -91.104469 47.069027 -214.822815 
1006695991069442 -91.104469 47.069027 -214.822815 
1006696011069442 -91.104469 47.069027 -214.822815 
1006696031069442 -91.104469 47.069027 -214.822815 
1006696051069442 -91.104469 47.069027 -214.822815 
1006696071069442 -91.104469 47.069027 -214.822815 
1006696091069442 -91.104469 47.069027 -214.822815 
1006696111069442 -91.104469 47.069027 -214.822815 
1006696131069442 -91.104469 47.069027 -214.822815 
1006696151069442 -91.104469 47.069027 -214.822815 
1006696171069442 -91.104469 47.069027 -214.822815 
1006696191069442 -91.104469 47.069027 -214.822815 
1006696211069442 -91.104469 47.069027 -214.822815 
1006696231069442 -91.104469 47.069027 -214.822815 
1006696251069442 -91.104469 47.069027 -214.822815 
1006696271069442 -91.104469 47.069027 -214.822815 
1006696291069442 -91.104469 47.069027 -214.822815 
1006696311069442 -91.104469 47.069027 -214.822815 
1006696331069442 -91.104469 47.069027 -214.822815 
1006696351069442 -91.104469 47.069027 -214.822815 
1006696371069442 -91.104469 47.069027 -214.822815 
1006696391069442 -91.104469 47.069027 -214.822815 
1006696411069442 -91.104469 47.069027 -214.822815 
1006696431069442 -91.104469 47.069027 -214.822815 
1006696451069442 -91.104469 47.069027 -214.822815 
1006696471069442 -91.104469 47.069027 -214.822815 
1006696491069442 -91.104469 47.069027 -214.822815 
1006696511069442 -91.104469 47.069027 -214.822815 
1006696531069442 -91.104469 47.069027 -214.822815 
1006696551069442 -91.104469 47.069027 -214.822815 
1006696571069442 -91.104469 47.069027 -214.822815 
1006696591069442 -91.104469 47.069027 -214.822815 
1006696611069442 -91.104469 47.069027 -214.822815 
1006696631069442 -91.104469 47.069027 -214.822815 
1006696651069442 -91.104469 47.069027 -214.822815 
1006696671069442 -91.104469 47.069027 -214.822815 
1006696691069442 -91.104469 47.069027 -214.822815 
1006696711069442 -91.104469 47.069027 -214.822815 
1006696731069442 -91.104469 47.069027 -214.822815 
1006696751069442 -91.104469 47.069027 -214.822815 
1006696771069442 -91.104469 47.069027 -214.822815 
1006696791069442 -91.104469 47.069027 -214.822815 
1006696811069442 -91.104469 47.069027 -214.822815 
1006696831069442 -91.104469 47.069027 -214.822815 
1006696851069442 -91.104469 47.069027 -214.822815 
1006696871069442 -91.104469 47.069027 -214.822815 
1006696891069442 -91.104469 47.069027 -214.822815 
1006696911069442 -91.104469 47.069027 -214.822815 
1006696931069442 -91.104469 47.069027 -214.822815 
1006696951069442 -91.104469 47.069027 -214.822815 
1006696971069442 -91.104469 47.069027 -214.822815 
1006696991069442 -91.104469 47.069027 -214.822815 
1006697011069442 -91.104469 47.069027 -214.822815 
1006697031069442 -91.104469 47.069027 -214.822815 
1006697051069442 -91.104469 47.069027 -214.822815 
1006697071069442 -91.104469 47.069027 -214.822815 
1006697091069442 -91.104469 47.069027 -214.822815 
1006697111069442 -91.104469 47.069027 -214.822815 
1006697131069442 -91.104469 47.069027 -214.822815 
1006697151069442 -91.104469 47.069027 -214.822815 
1006697171069442 -91.104469 47.069027 -214.822815 
1006697191069442 -91.104469 47.069027 -214.822815 
1006697211069442 -91.104469 47.069027 -214.822815 
1006697231069442 -91.104469 47.069027 -214.822815 
1006697251069442 -91.104469 47.069027 -214.822815 
1006697271069442 -91.104469 47.069027 -214.822815 
1006697291069442 -91.104469 47.069027 -214.822815 
1006697311069442 -91.104469 47.069027 -214.822815 
1006697331069442 -91.104469 47.069027 -214.822815 
1006697351069442 -91.104469 47.069027 -214.822815 
1006697371069442 -91.104469 47.069027 -214.822815 
1006697391069442 -91.104469 47.069027 -214.822815 
1006697411069442 -91.104469 47.069027 -214.822815 
1006697431069442 -91.104469 47.069027 -214.822815 
1006697451069442 -91.104469 47.069027 -214.822815 
1006697471069442 -91.104469 47.069027 -214.822815 
1006697491069442 -91.104469 47.069027 -214.822815 
1006697511069442 -91.104469 47.069027 -214.822815 
1006697531069442 -91.104469 47.069027 -214.822815 
1006697551069442 -91.104469 47.069027 -214.822815 
1006697571069442 -91.104469 47.069027 -214.822815 
1006697591069442 -91.104469 47.069027 -214.822815 
1006697611069442 -91.104469 47.069027 -214.822815 
1006697631069442 -91.104469 47.069027 -214.822815 
1006697651069442 -91.104469 47.069027 -214.822815 
1006697671069442 -91.104469 47.069027 -214.822815 
1006697691069442 -91.104469 47.069027 -214.822815 
1006697711069442 -91.104469 47.069027 -214.822815 
1006697731069442 -91.104469 47.069027 -214.822815 
1006697751069442 -91.104469 47.069027 -214.822815 
1006697771069442 -91.104469 47.069027 -214.822815 
1006697791069442 -91.104469 47.069027 -214.822815 
1006697811069442 -91.104469 47.069027 -214.822815 
1006697831069442 -91.104469 47.069027 -214.822815 
1006697851069442 -91.104469 47.069027 -214.822815 
1006697871069442 -91.104469 47.069027 -214.822815 
1006697891069442 -91.104469 47.069027 -214.822815 
1006697911069442 -91.104469 47.069027 -214.822815 
1006697931069442 -91.104469 47.069027 -214.822815 
1006697951069442 -91.104469 47.069027 -214.822815 
1006697971069442 -91.104469 47.069027 -214.822815 
1006697991069442 -91.104469 47.069027 -214.822815 
1006698011069442 -91.104469 47.069027 -214.822815 
1006698031069442 -91.104469 47.069027 -214.822815 
1006698051069442 -91.104469 47.069027 -214.822815 
1006698071069442 -91.104469 47.069027 -214.822815 
1006698091069442 -91.104469 47.069027 -214.822815 
1006698111069442 -91.104469 47.069027 -214.822815 
1006698131069442 -91.104469 47.069027 -214.822815 
1006698151069442 -91.104469 47.069027 -214.822815 
1006698171069442 -91.104469 47.069027 -214.822815 
1006698191069442 -91.104469 47.069027 -214.822815 
1006698211069442 -91.104469 47.069027 -214.822815 
1006698231069442 -91.104469 47.069027 -214.822815 
1006698251069442 -91.104469 47.069027 -214.822815 
1006698271069442 -91.104469 47.069027 -214.822815 
1006698291069442 -91.104469 47.069027 -214.822815 
1006698311069442 -91.104469 47.069027 -214.822815 
1006698331069442 -91.104469 47.069027 -214.822815 
1006698351069442 -91.104469 47.069027 -214.822815 
1006698371069442 -91.104469 47.069027 -214.822815 
1006698391069442 -91.104469 47.069027 -214.822815 
1006698411069442 -91.104469 47.069027 -214.822815 
1006698431069442 -91.104469 47.069027 -214.822815 
1006698451069442 -91.104469 47.069027 -214.822815 
1006698471069442 -91.104469 47.069027 -214.822815 
1006698491069442 -91.104469 47.069027 -214.822815 
1006698511069442 -91.104469 47.069027 -214.822815 
1006698531069442 -91.104469 47.069027 -214.822815 
1006698551069442 -91.104469 47.069027 -214.822815 
1006698571069442 -91.104469 47.069027 -214.822815 
1006698591069442 -91.104469 47.069027 -214.822815 
1006698611069442 -91.104469 47.069027 -214.822815 
1006698631069442 -91.104469 47.069027 -214.822815 
1006698651069442 -91.104469 47.069027 -214.822815 
1006698671069442 -91.104469 47.069027 -214.822815 
1006698691069442 -91.104469 47.069027 -214.822815 
1006698711069442 -91.104469 47.069027 -214.822815 
1006698731069442 -91.104469 47.069027 -214.822815 
1006698751069442 -91.104469 47.069027 -214.822815 
1006698771069442 -91.104469 47.069027 -214.822815 
1006698791069442 -91.104469 47.069027 -214.822815 
1006698811069442 -91.104469 47.069027 -214.822815 
1006698831069442 -91.104469 47.069027 -214.822815 
1006698851069442 -91.104469 47.069027 -214.822815 
1006698871069442 -91.104469 47.069027 -214.822815 
1006698891069442 -91.104469 47.069027 -214.822815 
1006698911069442 -91.104469 47.069027 -214.822815 
1006698931069442 -91.104469 47.069027 -214.822815 
1006698951069442 -91.104469 47.069027 -214.822815 
1006698971069442 -91.104469 47.069027 -214.822815 
1006698991069442 -91.104469 47.069027 -214.822815 
1006699011069442 -91.104469 47.069027 -214.822815 
1006699031069442 -91.104469 47.069027 -214.822815 
1006699051069442 -91.104469 47.069027 -214.822815 
1006699071069442 -91.104469 47.069027 -214.822815 
1006699091069442 -91.104469 47.069027 -214.822815 
1006699111069442 -91.104469 47.069027 -214.822815 
1006699131069442 -91.104469 47.069027 -214.822815 
1006699151069442 -91.104469 47.069027 -214.822815 
1006699171069442 -91.104469 47.069027 -214.822815 
1006699191069442 -91.104469 47.069027 -214.822815 
1006699211069442 -91.104469 47.069027 -214.822815 
1006699231069442 -91.104469 47.069027 -214.822815 
1006699251069442 -91.104469 47.069027 -214.822815 
1006699271069442 -91.104469 47.069027 -214.822815 
1006699291069442 -91.104469 47.069027 -214.822815 
1006699311069442 -91.104469 47.069027 -214.822815 
1006699331069442 -91.104469 47.069027 -214.822815 
1006699351069442 -91.104469 47.069027 -214.822815 
1006699371069442 -91.104469 47.069027 -214.822815 
1006699391069442 -91.104469 47.069027 -214.822815 
1006699411069442 -91.104469 47.069027 -214.822815 
1006699431069442 -91.104469 47.069027 -214.822815 
1006699451069442 -91.104469 47.069027 -214.822815 
1006699471069442 -91.104469 47.069027 -214.822815 
1006699491069442 -91.104469 47.069027 -214.822815 
1006699511069442 -91.104469 47.069027 -214.822815 
1006699531069442 -91.104469 47.069027 -214.822815 
1006699551069442 -91.104469 47.069027 -214.822815 
1006699571069442 -91.104469 47.069027 -214.822815 
1006699591069442 -91.104469 47.069027 -214.822815 
1006699611069442 -91.104469 47.069027 -214.822815 
1006699631069442 -91.104469 47.069027 -214.822815 
1006699651069442 -91.104469 47.069027 -214.822815 
1006699671069442 -91.104469 47.069027 -214.822815 
1006699691069442 -91.104469 47.069027 -214.822815 
1006699711069442 -91.104469 47.069027 -214.822815 
1006699731069442 -91.104469 47.069027 -214.822815 
1006699751069442 -91.104469 47.069027 -214.822815 
1006699771069442 -91.104469 47.069027 -214.822815 
1006699791069442 -91.104469 47.069027 -214.822815 
1006699811069442 -91.104469 47.069027 -214.822815 
1006699831069442 -91.104469 47.069027 -214.822815 
1006699851069442 -91.104469 47.069027 -214.822815 
1006699871069442 -91.104469 47.069027 -214.822815 
1006699891069442 -91.104469 47.069027 -214.822815 
1006699911069442 -91.104469 47.069027 -214.822815 
1006699931069442 -91.104469 47.069027 -214.822815 
1006699951069442 -91.104469 47.069027 -214.822815 
1006699971069442 -91.104469 47.069027 -214.822815 
1006699991069442 -91.104469 47.069027 -214.822815 
1006700011069442 -91.104469 47.069027 -214.822815 
1006700031069442 -91.104469 47.069027 -214.822815 
1006700051069442 -91.104469 47.069027 -214.822815 
1006700071069442 -91.104469 47.069027 -214.822815 
1006700091069442 -91.104469 47.069027 -214.822815 
1006700111069442 -91.104469 47.069027 -214.822815 
1006700131069442 -91.104469 47.069027 -214.822815 
1006700151069442 -91.104469 47.069027 -214.822815 
1006700171069442 -91.104469 47.069027 -214.822815 
1006700191069442 -91.104469 47.069027 -214.822815 
1006700211069442 -91.104469 47.069027 -214.822815 
1006700231069442 -91.104469 47.069027 -214.822815 
1006700251069442 -91.104469 47.069027 -214.822815 
1006700271069442 -91.104469 47.069027 -214.822815 
1006700291069442 -91.104469 47.069027 -214.822815 
1006700311069442 -91.104469 47.069027 -214.822815 
1006700331069442 -91.104469 47.069027 -214.822815 
1006700351069442 -91.104469 47.069027 -214.822815 
1006700371069442 -91.104469 47.069027 -214.822815 
1006700391069442 -91.104469 47.069027 -214.822815 
1006700411069442 -91.104469 47.069027 -214.822815 
1006700431069442 -91.104469 47.069027 -214.822815 
1006700451069442 -91.104469 47.069027 -214.822815 
1006700471069442 -91.104469 47.069027 -214.822815 
1006700491069442 -91.104469 47.069027 -214.822815 
1006700511069442 -91.104469 47.069027 -214.822815 
1006700531069442 -91.104469 47.069027 -214.822815 
1006700551069442 -91.104469 47.069027 -214.822815 
1006700571069442 -91.104469 47.069027 -214.822815 
1006700591069442 -91.104469 47.069027 -214.822815 
1006700611069442 -91.104469 47.069027 -214.822815 
1006700631069442 -91.104469 47.069027 -214.822815 
1006700651069442 -91.104469 47.069027 -214.822815 
1006700671069442 -91.104469 47.069027 -214.822815 
1006700691069442 -91.104469 47.069027 -214.822815 
1006700711069442 -91.104469 47.069027 -214.822815 
1006700731069442 -91.104469 47.069027 -214.822815 
1006700751069442 -91.104469 47.069027 -214.822815 
1006700771069442 -91.104469 47.069027 -214.822815 
1006700791069442 -91.104469 47.069027 -214.822815 
1006700811069442 -91.104469 47.069027 -214.822815 
1006700831069442 -91.104469 47.069027 -214.822815 
1006700851069442 -91.104469 47.069027 -214.822815 
1006700871069442 -91.104469 47.069027 -214.822815 
1006700891069442 -91.104469 47.069027 -214.822815 
1006700911069442 -91.104469 47.069027 -214.822815 
1006700931069442 -91.104469 47.069027 -214.822815 
1006700951069442 -91.104469 47.069027 -214.822815 
1006700971069442 -91.104469 47.069027 -214.822815 
1006700991069442 -91.104469 47.069027 -214.822815 
1006701011069442 -91.104469 47.069027 -214.822815 
1006701031069442 -91.104469 47.069027 -214.822815 
1006701051069442 -91.104469 47.069027 -214.822815 
1006701071069442 -91.104469 47.069027 -214.822815 
1006701091069442 -91.104469 47.069027 -214.822815 
1006701111069442 -91.104469 47.069027 -214.822815 
1006701131069442 -91.104469 47.069027 -214.822815 
1006701151069442 -91.104469 47.069027 -214.822815 
1006701171069442 -91.104469 47.069027 -214.822815 
1006701191069442 -91.104469 47.069027 -214.822815 
1006701211069442 -91.104469 47.069027 -214.822815 
1006701231069442 -91.104469 47.069027 -214.822815 
1006701251069442 -91.104469 47.069027 -214.822815 
1006701271069442 -91.104469 47.069027 -214.822815 
1006701291069442 -91.104469 47.069027 -214.822815 
1006701311069442 -91.104469 47.069027 -214.822815 
1006701331069442 -91.104469 47.069027 -214.822815 
1006701351069442 -91.104469 47.069027 -214.822815 
1006701371069442 -91.104469 47.069027 -214.822815 
1006701391069442 -91.104469 47.069027 -214.822815 
1006701411069442 -91.104469 47.069027 -214.822815 
1006701431069442 -91.104469 47.069027 -214.822815 
1006701451069442 -91.104469 47.069027 -214.822815 
1006701471069442 -91.104469 47.069027 -214.822815 
1006701491069442 -91.104469 47.069027 -214.822815 
1006701511069442 -91.104469 47.069027 -214.822815 
1006701531069442 -91.104469 47.069027 -214.822815 
1006701551069442 -91.104469 47.069027 -214.822815 
1006701571069442 -91.104469 47.069027 -214.822815 
1006701591069442 -91.104469 47.069027 -214.822815 
1006701611069442 -91.104469 47.069027 -214.822815 
1006701631069442 -91.104469 47.069027 -214.822815 
1006701651069442 -91.104469 47.069027 -214.822815 
1006701671069442 -91.104469 47.069027 -214.822815 
1006701691069442 -91.104469 47.069027 -214.822815 
1006701711069442 -91.104469 47.069027 -214.822815 
1006701731069442 -91.104469 47.069027 -214.822815 
1006701751069442 -91.104469 47.069027 -214.822815 
1006701771069442 -91.104469 47.069027 -214.822815 
1006701791069442 -91.104469 47.069027 -214.822815 
1006701811069442 -91.104469 47.069027 -214.822815 
1006701831069442 -91.104469 47.069027 -214.822815 
1006701851069442 -91.104469 47.069027 -214.822815 
1006701871069442 -91.104469 47.069027 -214.822815 
1006701891069442 -91.104469 47.069027 -214.822815 
1006701911069442 -91.104469 47.069027 -214.822815 
1006701931069442 -91.104469 47.069027 -214.822815 
1006701951069442 -91.104469 47.069027 -214.822815 
1006701971069442 -91.104469 47.069027 -214.822815 
1006701991069442 -91.104469 47.069027 -214.822815 
1006702011069442 -91.104469 47.069027 -214.822815 
1006702031069442 -91.104469 47.069027 -214.822815 
1006702051069442 -91.104469 47.069027 -214.822815 
1006702071069442 -91.104469 47.069027 -214.822815 
1006702091069442 -91.104469 47.069027 -214.822815 
1006702111069442 -91.104469 47.069027 -214.822815 
1006702131069442 -91.104469 47.069027 -214.822815 
1006702151069442 -91.104469 47.069027 -214.822815 
1006702171069442 -91.104469 47.069027 -214.822815 
1006702191069442 -91.104469 47.069027 -214.822815 
1006702211069442 -91.104469 47.069027 -214.822815 
1006702231069442 -91.104469 47.069027 -214.822815 
1006702251069442 -91.104469 47.069027 -214.822815 
1006702271069442 -91.104469 47.069027 -214.822815 
1006702291069442 -91.104469 47.069027 -214.822815 
1006702311069442 -91.104469 47.069027 -214.822815 
1006702331069442 -91.104469 47.069027 -214.822815 
1006702351069442 -91.104469 47.069027 -214.822815 
1006702371069442 -91.104469 47.069027 -214.822815 
1006702391069442 -91.104469 47.069027 -214.822815 
1006702411069442 -91.104469 47.069027 -214.822815 
1006702431069442 -91.104469 47.069027 -214.822815 
1006702451069442 -91.104469 47.069027 -214.822815 
1006702471069442 -91.104469 47.069027 -214.822815 
1006702491069442 -91.104469 47.069027 -214.822815 
1006702511069442 -91.104469 47.069027 -214.822815 
1006702531069442 -91.104469 47.069027 -214.822815 
1006702551069442 -91.104469 47.069027 -214.822815 
1006702571069442 -91.104469 47.069027 -214.822815 
1006702591069442 -91.104469 47.069027 -214.822815 
1006702611069442 -91.104469 47.069027 -214.822815 
1006702631069442 -91.104469 47.069027 -214.822815 
1006702651069442 -91.104469 47.069027 -214.822815 
1006702671069442 -91.104469 47.069027 -214.822815 
1006702691069442 -91.104469 47.069027 -214.822815 
1006702711069442 -91.104469 47.069027 -214.822815 
1006702731069442 -91.104469 47.069027 -214.822815 
1006702751069442 -91.104469 47.069027 -214.822815 
1006702771069442 -91.104469 47.069027 -214.822815 
1006702791069442 -91.104469 47.069027 -214.822815 
1006702811069442 -91.104469 47.069027 -214.822815 
1006702831069442 -91.104469 47.069027 -214.822815 
1006702851069442 -91.104469 47.069027 -214.822815 
1006702871069442 -91.104469 47.069027 -214.822815 
1006702891069442 -91.104469 47.069027 -214.822815 
1006702911069442 -91.104469 47.069027 -214.822815 
1006702931069442 -91.104469 47.069027 -214.822815 
1006702951069442 -91.104469 47.069027 -214.822815 
1006702971069442 -91.104469 47.069027 -214.822815 
1006702991069442 -91.104469 47.069027 -214.822815 
1006703011069442 -91.104469 47.069027 -214.822815 
1006703031069442 -91.104469 47.069027 -214.822815 
1006703051069442 -91.104469 47.069027 -214.822815 
1006703071069442 -91.104469 47.069027 -214.822815 
1006703091069442 -91.104469 47.069027 -214.822815 
1006703111069442 -91.104469 47.069027 -214.822815 
1006703131069442 -91.104469 47.069027 -214.822815 
1006703151069442 -91.104469 47.069027 -214.822815 
1006703171069442 -91.104469 47.069027 -214.822815 
1006703191069442 -91.104469 47.069027 -214.822815 
1006703211069442 -91.104469 47.069027 -214.822815 
1006703231069442 -91.104469 47.069027 -214.822815 
1006703251069442 -91.104469 47.069027 -214.822815 
1006703271069442 -91.104469 47.069027 -214.822815 
1006703291069442 -91.104469 47.069027 -214.822815 
1006703311069442 -91.104469 47.069027 -214.822815 
1006703331069442 -91.104469 47.069027 -214.822815 
1006703351069442 -91.104469 47.069027 -214.822815 
1006703371069442 -91.104469 47.069027 -214.822815 
1006703391069442 -91.104469 47.069027 -214.822815 
1006703411069442 -91.104469 47.069027 -214.822815 
1006703431069442 -91.104469 47.069027 -214.822815 
1006703451069442 -91.104469 47.069027 -214.822815 
1006703471069442 -91.104469 47.069027 -214.822815 
1006703491069442 -91.104469 47.069027 -214.822815 
1006703511069442 -91.104469 47.069027 -214.822815 
1006703531069442 -91.104469 47.069027 -214.822815 
1006703551069442 -91.104469 47.069027 -214.822815 
1006703571069442 -91.104469 47.069027 -214.822815 
1006703591069442 -91.104469 47.069027 -214.822815 
1006703611069442 -91.104469 47.069027 -214.822815 
1006703631069442 -91.104469 47.069027 -214.822815 
1006703651069442 -91.104469 47.069027 -214.822815 
1006703671069442 -91.104469 47.069027 -214.822815 
1006703691069442 -91.104469 47.069027 -214.822815 
1006703711069442 -91.104469 47.069027 -214.822815 
1006703731069442 -91.104469 47.069027 -214.822815 
1006703751069442 -91.104469 47.069027 -214.822815 
1006703771069442 -91.104469 47.069027 -214.822815 
1006703791069442 -91.104469 47.069027 -214.822815 
1006703811069442 -91.104469 47.069027 -214.822815 
1006703831069442 -91.104469 47.069027 -214.822815 
1006703851069442 -91.104469 47.069027 -214.822815 
1006703871069442 -91.104469 47.069027 -214.822815 
1006703891069442 -91.104469 47.069027 -214.822815 
1006703911069442 -91.104469 47.069027 -214.822815 
1006703931069442 -91.104469 47.069027 -214.822815 
1006703951069442 -91.104469 47.069027 -214.822815 
1006703971069442 -91.104469 47.069027 -214.822815 
1006703991069442 -91.104469 47.069027 -214.822815 
1006704011069442 -91.104469 47.069027 -214.822815 
1006704031069442 -91.104469 47.069027 -214.822815 
1006704051069442 -91.104469 47.069027 -214.822815 
1006704071069442 -91.104469 47.069027 -214.822815 
1006704091069442 -91.104469 47.069027 -214.822815 
1006704111069442 -91.104469 47.069027 -214.822815 
1006704131069442 -91.104469 47.069027 -214.822815 
1006704151069442 -91.104469 47.069027 -214.822815 
1006704171069442 -91.104469 47.069027 -214.822815 
1006704191069442 -91.104469 47.069027 -214.822815 
1006704211069442 -91.104469 47.069027 -214.822815 
1006704231069442 -91.104469 47.069027 -214.822815 
1006704251069442 -91.104469 47.069027 -214.822815 
1006704271069442 -91.104469 47.069027 -214.822815 
1006704291069442 -91.104469 47.069027 -214.822815 
1006704311069442 -91.104469 47.069027 -214.822815 
1006704331069442 -91.104469 47.069027 -214.822815 
1006704351069442 -91.104469 47.069027 -214.822815 
1006704371069442 -91.104469 47.069027 -214.822815 
1006704391069442 -91.104469 47.069027 -214.822815 
1006704411069442 -91.104469 47.069027 -214.822815 
1006704431069442 -91.104469 47.069027 -214.822815 
1006704451069442 -91.104469 47.069027 -214.822815 
1006704471069442 -91.104469 47.069027 -214.822815 
1006704491069442 -91.104469 47.069027 -214.822815 
1006704511069442 -91.104469 47.069027 -214.822815 
1006704531069442 -91.104469 47.069027 -214.822815 
1006704551069442 -91.104469 47.069027 -214.822815 
1006704571069442 -91.104469 47.069027 -214.822815 
1006704591069442 -91.104469 47.069027 -214.822815 
1006704611069442 -91.104469 47.069027 -214.822815 
1006704631069442 -91.104469 47.069027 -214.822815 
1006704651069442 -91.104469 47.069027 -214.822815 
1006704671069442 -91.104469 47.069027 -214.822815 
1006704691069442 -91.104469 47.069027 -214.822815 
1006704711069442 -91.104469 47.069027 -214.822815 
1006704731069442 -91.104469 47.069027 -214.822815 
1006704751069442 -91.104469 47.069027 -214.822815 
1006704771069442 -91.104469 47.069027 -214.822815 
1006704791069442 -91.104469 47.069027 -214.822815 
1006704811069442 -91.104469 47.069027 -214.822815 
1006704831069442 -91.104469 47.069027 -214.822815 
1006704851069442 -91.104469 47.069027 -214.822815 
1006704871069442 -91.104469 47.069027 -214.822815 
1006704891069442 -91.104469 47.069027 -214.822815 
1006704911069442 -91.104469 47.069027 -214.822815 
1006704931069442 -91.104469 47.069027 -214.822815 
1006704951069442 -91.104469 47.069027 -214.822815 
1006704971069442 -91.104469 47.069027 -214.822815 
1006704991069442 -91.104469 47.069027 -214.822815 
1006705011069442 -91.104469 47.069027 -214.822815 
1006705031069442 -91.104469 47.069027 -214.822815 
1006705051069442 -91.104469 47.069027 -214.822815 
1006705071069442 -91.104469 47.069027 -214.822815 
1006705091069442 -91.104469 47.069027 -214.822815 
1006705111069442 -91.104469 47.069027 -214.822815 
1006705131069442 -91.104469 47.069027 -214.822815 
1006705151069442 -91.104469 47.069027 -214.822815 
1006705171069442 -91.104469 47.069027 -214.822815 
1006705191069442 -91.104469 47.069027 -214.822815 
1006705211069442 -91.104469 47.069027 -214.822815 
1006705231069442 -91.104469 47.069027 -214.822815 
1006705251069442 -91.104469 47.069027 -214.822815 
1006705271069442 -91.104469 47.069027 -214.822815 
1006705291069442 -91.104469 47.069027 -214.822815 
1006705311069442 -91.104469 47.069027 -214.822815 
1006705331069442 -91.104469 47.069027 -214.822815 
1006705351069442 -91.104469 47.069027 -214.822815 
1006705371069442 -91.104469 47.069027 -214.822815 
1006705391069442 -91.104469 47.069027 -214.822815 
1006705411069442 -91.104469 47.069027 -214.822815 
1006705431069442 -91.104469 47.069027 -214.822815 
1006705451069442 -91.104469 47.069027 -214.822815 
1006705471069442 -91.104469 47.069027 -214.822815 
1006705491069442 -91.104469 47.069027 -214.822815 
1006705511069442 -91.104469 47.069027 -214.822815 
1006705531069442 -91.104469 47.069027 -214.822815 
1006705551069442 -91.104469 47.069027 -214.822815 
1006705571069442 -91.104469 47.069027 -214.822815 
1006705591069442 -91.104469 47.069027 -214.822815 
1006705611069442 -91.104469 47.069027 -214.822815 
1006705631069442 -91.104469 47.069027 -214.822815 
1006705651069442 -91.104469 47.069027 -214.822815 
1006705671069442 -91.104469 47.069027 -214.822815 
1006705691069442 -91.104469 47.069027 -214.822815 
1006705711069442 -91.104469 47.069027 -214.822815 
1006705731069442 -91.104469 47.069027 -214.822815 
1006705751069442 -91.104469 47.069027 -214.822815 
1006705771069442 -91.104469 47.069027 -214.822815 
1006705791069442 -91.104469 47.069027 -214.822815 
1006705811069442 -91.104469 47.069027 -214.822815 
1006705831069442 -91.104469 47.069027 -214.822815 
1006705851069442 -91.104469 47.069027 -214.822815 
1006705871069442 -91.104469 47.069027 -214.822815 
1006705891069442 -91.104469 47.069027 -214.822815 
1006705911069442 -91.104469 47.069027 -214.822815 
1006705931069442 -91.104469 47.069027 -214.822815 
1006705951069442 -91.104469 47.069027 -214.822815 
1006705971069442 -91.104469 47.069027 -214.822815 
1006705991069442 -91.104469 47.069027 -214.822815 
1006706011069442 -91.104469 47.069027 -214.822815 
1006706031069442 -91.104469 47.069027 -214.822815 
1006706051069442 -91.104469 47.069027 -214.822815 
1006706071069442 -91.104469 47.069027 -214.822815 
1006706091069442 -91.104469 47.069027 -214.822815 
1006706111069442 -91.104469 47.069027 -214.822815 
1006706131069442 -91.104469 47.069027 -214.822815 
1006706151069442 -91.104469 47.069027 -214.822815 
1006706171069442 -91.104469 47.069027 -214.822815 
1006706191069442 -91.104469 47.069027 -214.822815 
1006706211069442 -91.104469 47.069027 -214.822815 
1006706231069442 -91.104469 47.069027 -214.822815 
1006706251069442 -91.104469 47.069027 -214.822815 
1006706271069442 -91.104469 47.069027 -214.822815 
1006706291069442 -91.104469 47.069027 -214.822815 
1006706311069442 -91.104469 47.069027 -214.822815 
1006706331069442 -91.104469 47.069027 -214.822815 
1006706351069442 -91.104469 47.069027 -214.822815 
1006706371069442 -91.104469 47.069027 -214.822815 
1006706391069442 -91.104469 47.069027 -214.822815 
1006706411069442 -91.104469 47.069027 -214.822815 
1006706431069442 -91.104469 47.069027 -214.822815 
1006706451069442 -91.104469 47.069027 -214.822815 
1006706471069442 -91.104469 47.069027 -214.822815 
1006706491069442 -91.104469 47.069027 -214.822815 
1006706511069442 -91.104469 47.069027 -214.822815 
1006706531069442 -91.104469 47.069027 -214.822815 
1006706551069442 -91.104469 47.069027 -214.822815 
1006706571069442 -91.104469 47.069027 -214.822815 
1006706591069442 -91.104469 47.069027 -214.822815 
1006706611069442 -91.104469 47.069027 -214.822815 
1006706631069442 -91.104469 47.069027 -214.822815 
1006706651069442 -91.104469 47.069027 -214.822815 
1006706671069442 -91.104469 47.069027 -214.822815 
1006706691069442 -91.104469 47.069027 -214.822815 
1006706711069442 -91.104469 47.069027 -214.822815 
1006706731069442 -91.104469 47.069027 -214.822815 
1006706751069442 -91.104469 47.069027 -214.822815 
1006706771069442 -91.104469 47.069027 -214.822815 
1006706791069442 -91.104469 47.069027 -214.822815 
1006706811069442 -91.104469 47.069027 -214.822815 
1006706831069442 -91.104469 47.069027 -214.822815 
1006706851069442 -91.104469 47.069027 -214.822815 
1006706871069442 -91.104469 47.069027 -214.822815 
1006706891069442 -91.104469 47.069027 -214.822815 
1006706911069442 -91.104469 47.069027 -214.822815 
1006706931069442 -91.104469 47.069027 -214.822815 
1006706951069442 -91.104469 47.069027 -214.822815 
1006706971069442 -91.104469 47.069027 -214.822815 
1006706991069442 -91.104469 47.069027 -214.822815 
1006707011069442 -91.104469 47.069027 -214.822815 
1006707031069442 -91.104469 47.069027 -214.822815 
1006707051069442 -91.104469 47.069027 -214.822815 
1006707071069442 -91.104469 47.069027 -214.822815 
1006707091069442 -91.104469 47.069027 -214.822815 
1006707111069442 -91.104469 47.069027 -214.822815 
1006707131069442 -91.104469 47.069027 -214.822815 
1006707151069442 -91.104469 47.069027 -214.822815 
1006707171069442 -91.104469 47.069027 -214.822815 
1006707191069442 -91.104469 47.069027 -214.822815 
1006707211069442 -91.104469 47.069027 -214.822815 
1006707231069442 -91.104469 47.069027 -214.822815 
1006707251069442 -91.104469 47.069027 -214.822815 
1006707271069442 -91.104469 47.069027 -214.822815 
1006707291069442 -91.104469 47.069027 -214.822815 
1006707311069442 -91.104469 47.069027 -214.822815 
1006707331069442 -91.104469 47.069027 -214.822815 
1006707351069442 -91.104469 47.069027 -214.822815 
1006707371069442 -91.104469 47.069027 -214.822815 
1006707391069442 -91.104469 47.069027 -214.822815 
1006707411069442 -91.104469 47.069027 -214.822815 
1006707431069442 -91.104469 47.069027 -214.822815 
1006707451069442 -91.104469 47.069027 -214.822815 
1006707471069442 -91.104469 47.069027 -214.822815 
1006707491069442 -91.104469 47.069027 -214.822815 
1006707511069442 -91.104469 47.069027 -214.822815 
1006707531069442 -91.104469 47.069027 -214.822815 
1006707551069442 -91.104469 47.069027 -214.822815 
1006707571069442 -91.104469 47.069027 -214.822815 
1006707591069442 -91.104469 47.069027 -214.822815 
1006707611069442 -91.104469 47.069027 -214.822815 
1006707631069442 -91.104469 47.069027 -214.822815 
1006707651069442 -91.104469 47.069027 -214.822815 
1006707671069442 -91.104469 47.069027 -214.822815 
1006707691069442 -91.104469 47.069027 -214.822815 
1006707711069442 -91.104469 47.069027 -214.822815 
1006707731069442 -91.104469 47.069027 -214.822815 
1006707751069442 -91.104469 47.069027 -214.822815 
1006707771069442 -91.104469 47.069027 -214.822815 
1006707791069442 -91.104469 47.069027 -214.822815 
1006707811069442 -91.104469 47.069027 -214.822815 
1006707831069442 -91.104469 47.069027 -214.822815 
1006707851069442 -91.104469 47.069027 -214.822815 
1006707871069442 -91.104469 47.069027 -214.822815 
1006707891069442 -91.104469 47.069027 -214.822815 
1006707911069442 -91.104469 47.069027 -214.822815 
1006707931069442 -91.104469 47.069027 -214.822815 
1006707951069442 -91.104469 47.069027 -214.822815 
1006707971069442 -91.104469 47.069027 -214.822815 
1006707991069442 -91.104469 47.069027 -214.822815 
1006708011069442 -91.104469 47.069027 -214.822815 
1006708031069442 -91.104469 47.069027 -214.822815 
1006708051069442 -91.104469 47.069027 -214.822815 
1006708071069442 -91.104469 47.069027 -214.822815 
1006708091069442 -91.104469 47.069027 -214.822815 
1006708111069442 -91.104469 47.069027 -214.822815 
1006708131069442 -91.104469 47.069027 -214.822815 
1006708151069442 -91.104469 47.069027 -214.822815 
1006708171069442 -91.104469 47.069027 -214.822815 
1006708191069442 -91.104469 47.069027 -214.822815 
1006708211069442 -91.104469 47.069027 -214.822815 
1006708231069442 -91.104469 47.069027 -214.822815 
1006708251069442 -91.104469 47.069027 -214.822815 
1006708271069442 -91.104469 47.069027 -214.822815 
1006708291069442 -91.104469 47.069027 -214.822815 
1006708311069442 -91.104469 47.069027 -214.822815 
1006708331069442 -91.104469 47.069027 -214.822815 
1006708351069442 -91.104469 47.069027 -214.822815 
1006708371069442 -91.104469 47.069027 -214.822815 
1006708391069442 -91.104469 47.069027 -214.822815 
1006708411069442 -91.104469 47.069027 -214.822815 
1006708431069442 -91.104469 47.069027 -214.822815 
1006708451069442 -91.104469 47.069027 -214.822815 
1006708471069442 -91.104469 47.069027 -214.822815 
1006708491069442 -91.104469 47.069027 -214.822815 
1006708511069442 -91.104469 47.069027 -214.822815 
1006708531069442 -91.104469 47.069027 -214.822815 
1006708551069442 -91.104469 47.069027 -214.822815 
1006708571069442 -91.104469 47.069027 -214.822815 
1006708591069442 -91.104469 47.069027 -214.822815 
1006708611069442 -91.104469 47.069027 -214.822815 
1006708631069442 -91.104469 47.069027 -214.822815 
1006708651069442 -91.104469 47.069027 -214.822815 
1006708671069442 -91.104469 47.069027 -214.822815 
1006708691069442 -91.104469 47.069027 -214.822815 
1006708711069442 -91.104469 47.069027 -214.822815 
1006708731069442 -91.104469 47.069027 -214.822815 
1006708751069442 -91.104469 47.069027 -214.822815 
1006708771069442 -91.104469 47.069027 -214.822815 
1006708791069442 -91.104469 47.069027 -214.822815 
1006708811069442 -91.104469 47.069027 -214.822815 
1006708831069442 -91.104469 47.069027 -214.822815 
1006708851069442 -91.104469 47.069027 -214.822815 
1006708871069442 -91.104469 47.069027 -214.822815 
1006708891069442 -91.104469 47.069027 -214.822815 
1006708911069442 -91.104469 47.069027 -214.822815 
1006708931069442 -91.104469 47.069027 -214.822815 
1006708951069442 -91.104469 47.069027 -214.822815 
1006708971069442 -91.104469 47.069027 -214.822815 
1006708991069442 -91.104469 47.069027 -214.822815 
1006709011069442 -91.104469 47.069027 -214.822815 
1006709031069442 -91.104469 47.069027 -214.822815 
1006709051069442 -91.104469 47.069027 -214.822815 
1006709071069442 -91.104469 47.069027 -214.822815 
1006709091069442 -91.104469 47.069027 -214.822815 
1006709111069442 -91.104469 47.069027 -214.822815 
1006709131069442 -91.104469 47.069027 -214.822815 
1006709151069442 -91.104469 47.069027 -214.822815 
1006709171069442 -91.104469 47.069027 -214.822815 
1006709191069442 -91.104469 47.069027 -214.822815 
1006709211069442 -91.104469 47.069027 -214.822815 
1006709231069442 -91.104469 47.069027 -214.822815 
1006709251069442 -91.104469 47.069027 -214.822815 
1006709271069442 -91.104469 47.069027 -214.822815 
1006709291069442 -91.104469 47.069027 -214.822815 
1006709311069442 -91.104469 47.069027 -214.822815 
1006709331069442 -91.104469 47.069027 -214.822815 
1006709351069442 -91.104469 47.069027 -214.822815 
1006709371069442 -91.104469 47.069027 -214.822815 
1006709391069442 -91.104469 47.069027 -214.822815 
1006709411069442 -91.104469 47.069027 -214.822815 
1006709431069442 -91.104469 47.069027 -214.822815 
1006709451069442 -91.104469 47.069027 -214.822815 
1006709471069442 -91.104469 47.069027 -214.822815 
1006709491069442 -91.104469 47.069027 -214.822815 
1006709511069442 -91.104469 47.069027 -214.822815 
1006709531069442 -91.104469 47.069027 -214.822815 
1006709551069442 -91.104469 47.069027 -214.822815 
1006709571069442 -91.104469 47.069027 -214.822815 
1006709591069442 -91.104469 47.069027 -214.822815 
1006709611069442 -91.104469 47.069027 -214.822815 
1006709631069442 -91.104469 47.069027 -214.822815 
1006709651069442 -91.104469 47.069027 -214.822815 
1006709671069442 -91.104469 47.069027 -214.822815 
1006709691069442 -91.104469 47.069027 -214.822815 
1006709711069442 -91.104469 47.069027 -214.822815 
1006709731069442 -91.104469 47.069027 -214.822815 
1006709751069442 -91.104469 47.069027 -214.822815 
1006709771069442 -91.104469 47.069027 -214.822815 
1006709791069442 -91.104469 47.069027 -214.822815 
1006709811069442 -91.104469 47.069027 -214.822815 
1006709831069442 -91.104469 47.069027 -214.822815 
1006709851069442 -91.104469 47.069027 -214.822815 
1006709871069442 -91.104469 47.069027 -214.822815 
1006709891069442 -91.104469 47.069027 -214.822815 
1006709911069442 -91.104469 47.069027 -214.822815 
1006709931069442 -91.104469 47.069027 -214.822815 
1006709951069442 -91.104469 47.069027 -214.822815 
1006709971069442 -91.104469 47.069027 -214.822815 
1006709991069442 -91.104469 47.069027 -214.822815 
1006710011069442 -91.104469 47.069027 -214.822815 
1006710031069442 -91.104469 47.069027 -214.822815 
1006710051069442 -91.104469 47.069027 -214.822815 
1006710071069442 -91.104469 47.069027 -214.822815 
1006710091069442 -91.104469 47.069027 -214.822815 
1006710111069442 -91.104469 47.069027 -214.822815 
1006710131069442 -91.104469 47.069027 -214.822815 
1006710151069442 -91.104469 47.069027 -214.822815 
1006710171069442 -91.104469 47.069027 -214.822815 
1006710191069442 -91.104469 47.069027 -214.822815 
1006710211069442 -91.104469 47.069027 -214.822815 
1006710231069442 -91.104469 47.069027 -214.822815 
1006710251069442 -91.104469 47.069027 -214.822815 
1006710271069442 -91.104469 47.069027 -214.822815 
1006710291069442 -91.104469 47.069027 -214.822815 
1006710311069442 -91.104469 47.069027 -214.822815 
1006710331069442 -91.104469 47.069027 -214.822815 
1006710351069442 -91.104469 47.069027 -214.822815 
1006710371069442 -91.104469 47.069027 -214.822815 
1006710391069442 -91.104469 47.069027 -214.822815 
1006710411069442 -91.104469 47.069027 -214.822815 
1006710431069442 -91.104469 47.069027 -214.822815 
1006710451069442 -91.104469 47.069027 -214.822815 
1006710471069442 -91.104469 47.069027 -214.822815 
1006710491069442 -91.104469 47.069027 -214.822815 
1006710511069442 -91.104469 47.069027 -214.822815 
1006710531069442 -91.104469 47.069027 -214.822815 
1006710551069442 -91.104469 47.069027 -214.822815 
1006710571069442 -91.104469 47.069027 -214.822815 
1006710591069442 -91.104469 47.069027 -214.822815 
1006710611069442 -91.104469 47.069027 -214.822815 
1006710631069442 -91.104469 47.069027 -214.822815 
1006710651069442 -91.104469 47.069027 -214.822815 
1006710671069442 -91.104469 47.069027 -214.822815 
1006710691069442 -91.104469 47.069027 -214.822815 
1006710711069442 -91.104469 47.069027 -214.822815 
1006710731069442 -91.104469 47.069027 -214.822815 
1006710751069442 -91.104469 47.069027 -214.822815 
1006710771069442 -91.104469 47.069027 -214.822815 
1006710791069442 -91.104469 47.069027 -214.822815 
1006710811069442 -91.104469 47.069027 -214.822815 
1006710831069442 -91.104469 47.069027 -214.822815 
1006710851069442 -91.104469 47.069027 -214.822815 
1006710871069442 -91.104469 47.069027 -214.822815 
1006710891069442 -91.104469 47.069027 -214.822815 
1006710911069442 -91.104469 47.069027 -214.822815 
1006710931069442 -91.104469 47.069027 -214.822815 
1006710951069442 -91.104469 47.069027 -214.822815 
1006710971069442 -91.104469 47.069027 -214.822815 
1006710991069442 -91.104469 47.069027 -214.822815 
1006711011069442 -91.104469 47.069027 -214.822815 
1006711031069442 -91.104469 47.069027 -214.822815 
1006711051069442 -91.104469 47.069027 -214.822815 
1006711071069442 -91.104469 47.069027 -214.822815 
1006711091069442 -91.104469 47.069027 -214.822815 
1006711111069442 -91.104469 47.069027 -214.822815 
1006711131069442 -91.104469 47.069027 -214.822815 
1006711151069442 -91.104469 47.069027 -214.822815 
1006711171069442 -91.104469 47.069027 -214.822815 
1006711191069442 -91.104469 47.069027 -214.822815 
1006711211069442 -91.104469 47.069027 -214.822815 
1006711231069442 -91.104469 47.069027 -214.822815 
1006711251069442 -91.104469 47.069027 -214.822815 
1006711271069442 -91.104469 47.069027 -214.822815 
1006711291069442 -91.104469 47.069027 -214.822815 
1006711311069442 -91.104469 47.069027 -214.822815 
1006711331069442 -91.104469 47.069027 -214.822815 
1006711351069442 -91.104469 47.069027 -214.822815 
1006711371069442 -91.104469 47.069027 -214.822815 
1006711391069442 -91.104469 47.069027 -214.822815 
1006711411069442 -91.104469 47.069027 -214.822815 
1006711431069442 -91.104469 47.069027 -214.822815 
1006711451069442 -91.104469 47.069027 -214.822815 
1006711471069442 -91.104469 47.069027 -214.822815 
1006711491069442 -91.104469 47.069027 -214.822815 
1006711511069442 -91.104469 47.069027 -214.822815 
1006711531069442 -91.104469 47.069027 -214.822815 
1006711551069442 -91.104469 47.069027 -214.822815 
1006711571069442 -91.104469 47.069027 -214.822815 
1006711591069442 -91.104469 47.069027 -214.822815 
1006711611069442 -91.104469 47.069027 -214.822815 
1006711631069442 -91.104469 47.069027 -214.822815 
1006711651069442 -91.104469 47.069027 -214.822815 
1006711671069442 -91.104469 47.069027 -214.822815 
1006711691069442 -91.104469 47.069027 -214.822815 
1006711711069442 -91.104469 47.069027 -214.822815 
1006711731069442 -91.104469 47.069027 -214.822815 
1006711751069442 -91.104469 47.069027 -214.822815 
1006711771069442 -91.104469 47.069027 -214.822815 
1006711791069442 -91.104469 47.069027 -214.822815 
1006711811069442 -91.104469 47.069027 -214.822815 
1006711831069442 -91.104469 47.069027 -214.822815 
1006711851069442 -91.104469 47.069027 -214.822815 
1006711871069442 -91.104469 47.069027 -214.822815 
1006711891069442 -91.104469 47.069027 -214.822815 
1006711911069442 -91.104469 47.069027 -214.822815 
1006711931069442 -91.104469 47.069027 -214.822815 
1006711951069442 -91.104469 47.069027 -214.822815 
1006711971069442 -91.104469 47.069027 -214.822815 
1006711991069442 -91.104469 47.069027 -214.822815 
1006712011069442 -91.104469 47.069027 -214.822815 
1006712031069442 -91.104469 47.069027 -214.822815 
1006712051069442 -91.104469 47.069027 -214.822815 
1006712071069442 -91.104469 47.069027 -214.822815 
1006712091069442 -91.104469 47.069027 -214.822815 
1006712111069442 -91.104469 47.069027 -214.822815 
1006712131069442 -91.104469 47.069027 -214.822815 
1006712151069442 -91.104469 47.069027 -214.822815 
1006712171069442 -91.104469 47.069027 -214.822815 
1006712191069442 -91.104469 47.069027 -214.822815 
1006712211069442 -91.104469 47.069027 -214.822815 
1006712231069442 -91.104469 47.069027 -214.822815 
1006712251069442 -91.104469 47.069027 -214.822815 
1006712271069442 -91.104469 47.069027 -214.822815 
1006712291069442 -91.104469 47.069027 -214.822815 
1006712311069442 -91.104469 47.069027 -214.822815 
1006712331069442 -91.104469 47.069027 -214.822815 
1006712351069442 -91.104469 47.069027 -214.822815 
1006712371069442 -91.104469 47.069027 -214.822815 
1006712391069442 -91.104469 47.069027 -214.822815 
1006712411069442 -91.104469 47.069027 -214.822815 
1006712431069442 -91.104469 47.069027 -214.822815 
1006712451069442 -91.104469 47.069027 -214.822815 
1006712471069442 -91.104469 47.069027 -214.822815 
1006712491069442 -91.104469 47.069027 -214.822815 
1006712511069442 -91.104469 47.069027 -214.822815 
1006712531069442 -91.104469 47.069027 -214.822815 
1006712551069442 -91.104469 47.069027 -214.822815 
1006712571069442 -91.104469 47.069027 -214.822815 
1006712591069442 -91.104469 47.069027 -214.822815 
1006712611069442 -91.104469 47.069027 -214.822815 
1006712631069442 -91.104469 47.069027 -214.822815 
1006712651069442 -91.104469 47.069027 -214.822815 
1006712671069442 -91.104469 47.069027 -214.822815 
1006712691069442 -91.104469 47.069027 -214.822815 
1006712711069442 -91.104469 47.069027 -214.822815 
1006712731069442 -91.104469 47.069027 -214.822815 
1006712751069442 -91.104469 47.069027 -214.822815 
1006712771069442 -91.104469 47.069027 -214.822815 
1006712791069442 -91.104469 47.069027 -214.822815 
1006712811069442 -91.104469 47.069027 -214.822815 
1006712831069442 -91.104469 47.069027 -214.822815 
1006712851069442 -91.104469 47.069027 -214.822815 
1006712871069442 -91.104469 47.069027 -214.822815 
1006712891069442 -91.104469 47.069027 -214.822815 
1006712911069442 -91.104469 47.069027 -214.822815 
1006712931069442 -91.104469 47.069027 -214.822815 
1006712951069442 -91.104469 47.069027 -214.822815 
1006712971069442 -91.104469 47.069027 -214.822815 
1006712991069442 -91.104469 47.069027 -214.822815 
1006713011069442 -91.104469 47.069027 -214.822815 
1006713031069442 -91.104469 47.069027 -214.822815 
1006713051069442 -91.104469 47.069027 -214.822815 
1006713071069442 -91.104469 47.069027 -214.822815 
1006713091069442 -91.104469 47.069027 -214.822815 
1006713111069442 -91.104469 47.069027 -214.822815 
1006713131069442 -91.104469 47.069027 -214.822815 
1006713151069442 -91.104469 47.069027 -214.822815 
1006713171069442 -91.104469 47.069027 -214.822815 
1006713191069442 -91.104469 47.069027 -214.822815 
1006713211069442 -91.104469 47.069027 -214.822815 
1006713231069442 -91.104469 47.069027 -214.822815 
1006713251069442 -91.104469 47.069027 -214.822815 
1006713271069442 -91.104469 47.069027 -214.822815 
1006713291069442 -91.104469 47.069027 -214.822815 
1006713311069442 -91.104469 47.069027 -214.822815 
1006713331069442 -91.104469 47.069027 -214.822815 
1006713351069442 -91.104469 47.069027 -214.822815 
1006713371069442 -91.104469 47.069027 -214.822815 
1006713391069442 -91.104469 47.069027 -214.822815 
1006713411069442 -91.104469 47.069027 -214.822815 
1006713431069442 -91.104469 47.069027 -214.822815 
1006713451069442 -91.104469 47.069027 -214.822815 
1006713471069442 -91.104469 47.069027 -214.822815 
1006713491069442 -91.104469 47.069027 -214.822815 
1006713511069442 -91.104469 47.069027 -214.822815 
1006713531069442 -91.104469 47.069027 -214.822815 
1006713551069442 -91.104469 47.069027 -214.822815 
1006713571069442 -91.104469 47.069027 -214.822815 
1006713591069442 -91.104469 47.069027 -214.822815 
1006713611069442 -91.104469 47.069027 -214.822815 
1006713631069442 -91.104469 47.069027 -214.822815 
1006713651069442 -91.104469 47.069027 -214.822815 
1006713671069442 -91.104469 47.069027 -214.822815 
1006713691069442 -91.104469 47.069027 -214.822815 
1006713711069442 -91.104469 47.069027 -214.822815 
1006713731069442 -91.104469 47.069027 -214.822815 
1006713751069442 -91.104469 47.069027 -214.822815 
1006713771069442 -91.104469 47.069027 -214.822815 
1006713791069442 -91.104469 47.069027 -214.822815 
1006713811069442 -91.104469 47.069027 -214.822815 
1006713831069442 -91.104469 47.069027 -214.822815 
1006713851069442 -91.104469 47.069027 -214.822815 
1006713871069442 -91.104469 47.069027 -214.822815 
1006713891069442 -91.104469 47.069027 -214.822815 
1006713911069442 -91.104469 47.069027 -214.822815 
1006713931069442 -91.104469 47.069027 -214.822815 
1006713951069442 -91.104469 47.069027 -214.822815 
1006713971069442 -91.104469 47.069027 -214.822815 
1006713991069442 -91.104469 47.069027 -214.822815 
1006714011069442 -91.104469 47.069027 -214.822815 
1006714031069442 -91.104469 47.069027 -214.822815 
1006714051069442 -91.104469 47.069027 -214.822815 
1006714071069442 -91.104469 47.069027 -214.822815 
1006714091069442 -91.104469 47.069027 -214.822815 
1006714111069442 -91.104469 47.069027 -214.822815 
1006714131069442 -91.104469 47.069027 -214.822815 
1006714151069442 -91.104469 47.069027 -214.822815 
1006714171069442 -91.104469 47.069027 -214.822815 
1006714191069442 -91.104469 47.069027 -214.822815 
1006714211069442 -91.104469 47.069027 -214.822815 
1006714231069442 -91.104469 47.069027 -214.822815 
1006714251069442 -91.104469 47.069027 -214.822815 
1006714271069442 -91.104469 47.069027 -214.822815 
1006714291069442 -91.104469 47.069027 -214.822815 
1006714311069442 -91.104469 47.069027 -214.822815 
1006714331069442 -91.104469 47.069027 -214.822815 
1006714351069442 -91.104469 47.069027 -214.822815 
1006714371069442 -91.104469 47.069027 -214.822815 
1006714391069442 -91.104469 47.069027 -214.822815 
1006714411069442 -91.104469 47.069027 -214.822815 
1006714431069442 -91.104469 47.069027 -214.822815 
1006714451069442 -91.104469 47.069027 -214.822815 
1006714471069442 -91.104469 47.069027 -214.822815 
1006714491069442 -91.104469 47.069027 -214.822815 
1006714511069442 -91.104469 47.069027 -214.822815 
1006714531069442 -91.104469 47.069027 -214.822815 
1006714551069442 -91.104469 47.069027 -214.822815 
1006714571069442 -91.104469 47.069027 -214.822815 
1006714591069442 -91.104469 47.069027 -214.822815 
1006714611069442 -91.104469 47.069027 -214.822815 
1006714631069442 -91.104469 47.069027 -214.822815 
1006714651069442 -91.104469 47.069027 -214.822815 
1006714671069442 -91.104469 47.069027 -214.822815 
1006714691069442 -91.104469 47.069027 -214.822815 
1006714711069442 -91.104469 47.069027 -214.822815 
1006714731069442 -91.104469 47.069027 -214.822815 
1006714751069442 -91.104469 47.069027 -214.822815 
1006714771069442 -91.104469 47.069027 -214.822815 
1006714791069442 -91.104469 47.069027 -214.822815 
1006714811069442 -91.104469 47.069027 -214.822815 
1006714831069442 -91.104469 47.069027 -214.822815 
1006714851069442 -91.104469 47.069027 -214.822815 
1006714871069442 -91.104469 47.069027 -214.822815 
1006714891069442 -91.104469 47.069027 -214.822815 
1006714911069442 -91.104469 47.069027 -214.822815 
1006714931069442 -91.104469 47.069027 -214.822815 
1006714951069442 -91.104469 47.069027 -214.822815 
1006714971069442 -91.104469 47.069027 -214.822815 
1006714991069442 -91.104469 47.069027 -214.822815 
1006715011069442 -91.104469 47.069027 -214.822815 
1006715031069442 -91.104469 47.069027 -214.822815 
1006715051069442 -91.104469 47.069027 -214.822815 
1006715071069442 -91.104469 47.069027 -214.822815 
1006715091069442 -91.104469 47.069027 -214.822815 
1006715111069442 -91.104469 47.069027 -214.822815 
1006715131069442 -91.104469 47.069027 -214.822815 
1006715151069442 -91.104469 47.069027 -214.822815 
1006715171069442 -91.104469 47.069027 -214.822815 
1006715191069442 -91.104469 47.069027 -214.822815 
1006715211069442 -91.104469 47.069027 -214.822815 
1006715231069442 -91.104469 47.069027 -214.822815 
1006715251069442 -91.104469 47.069027 -214.822815 
1006715271069442 -91.104469 47.069027 -214.822815 
1006715291069442 -91.104469 47.069027 -214.822815 
1006715311069442 -91.104469 47.069027 -214.822815 
1006715331069442 -91.104469 47.069027 -214.822815 
1006715351069442 -91.104469 47.069027 -214.822815 
1006715371069442 -91.104469 47.069027 -214.822815 
1006715391069442 -91.104469 47.069027 -214.822815 
1006715411069442 -91.104469 47.069027 -214.822815 
1006715431069442 -91.104469 47.069027 -214.822815 
1006715451069442 -91.104469 47.069027 -214.822815 
1006715471069442 -91.104469 47.069027 -214.822815 
1006715491069442 -91.104469 47.069027 -214.822815 
1006715511069442 -91.104469 47.069027 -214.822815 
1006715531069442 -91.104469 47.069027 -214.822815 
1006715551069442 -91.104469 47.069027 -214.822815 
1006715571069442 -91.104469 47.069027 -214.822815 
1006715591069442 -91.104469 47.069027 -214.822815 
1006715611069442 -91.104469 47.069027 -214.822815 
1006715631069442 -91.104469 47.069027 -214.822815 
1006715651069442 -91.104469 47.069027 -214.822815 
1006715671069442 -91.104469 47.069027 -214.822815 
1006715691069442 -91.104469 47.069027 -214.822815 
1006715711069442 -91.104469 47.069027 -214.822815 
1006715731069442 -91.104469 47.069027 -214.822815 
1006715751069442 -91.104469 47.069027 -214.822815 
1006715771069442 -91.104469 47.069027 -214.822815 
1006715791069442 -91.104469 47.069027 -214.822815 
1006715811069442 -91.104469 47.069027 -214.822815 
1006715831069442 -91.104469 47.069027 -214.822815 
1006715851069442 -91.104469 47.069027 -214.822815 
1006715871069442 -91.104469 47.069027 -214.822815 
1006715891069442 -91.104469 47.069027 -214.822815 
1006715911069442 -91.104469 47.069027 -214.822815 
1006715931069442 -91.104469 47.069027 -214.822815 
1006715951069442 -91.104469 47.069027 -214.822815 
1006715971069442 -91.104469 47.069027 -214.822815 
1006715991069442 -91.104469 47.069027 -214.822815 
1006716011069442 -91.104469 47.069027 -214.822815 
1006716031069442 -91.104469 47.069027 -214.822815 
1006716051069442 -91.104469 47.069027 -214.822815 
1006716071069442 -91.104469 47.069027 -214.822815 
1006716091069442 -91.104469 47.069027 -214.822815 
1006716111069442 -91.104469 47.069027 -214.822815 
1006716131069442 -91.104469 47.069027 -214.822815 
1006716151069442 -91.104469 47.069027 -214.822815 
1006716171069442 -91.104469 47.069027 -214.822815 
1006716191069442 -91.104469 47.069027 -214.822815 
1006716211069442 -91.104469 47.069027 -214.822815 
1006716231069442 -91.104469 47.069027 -214.822815 
1006716251069442 -91.104469 47.069027 -214.822815 
1006716271069442 -91.104469 47.069027 -214.822815 
1006716291069442 -91.104469 47.069027 -214.822815 
1006716311069442 -91.104469 47.069027 -214.822815 
1006716331069442 -91.104469 47.069027 -214.822815 
1006716351069442 -91.104469 47.069027 -214.822815 
1006716371069442 -91.104469 47.069027 -214.822815 
1006716391069442 -91.104469 47.069027 -214.822815 
1006716411069442 -91.104469 47.069027 -214.822815 
1006716431069442 -91.104469 47.069027 -214.822815 
1006716451069442 -91.104469 47.069027 -214.822815 
1006716471069442 -91.104469 47.069027 -214.822815 
1006716491069442 -91.104469 47.069027 -214.822815 
1006716511069442 -91.104469 47.069027 -214.822815 
1006716531069442 -91.104469 47.069027 -214.822815 
1006716551069442 -91.104469 47.069027 -214.822815 
1006716571069442 -91.104469 47.069027 -214.822815 
1006716591069442 -91.104469 47.069027 -214.822815 
1006716611069442 -91.104469 47.069027 -214.822815 
1006716631069442 -91.104469 47.069027 -214.822815 
1006716651069442 -91.104469 47.069027 -214.822815 
1006716671069442 -91.104469 47.069027 -214.822815 
1006716691069442 -91.104469 47.069027 -214.822815 
1006716711069442 -91.104469 47.069027 -214.822815 
1006716731069442 -91.104469 47.069027 -214.822815 
1006716751069442 -91.104469 47.069027 -214.822815 
1006716771069442 -91.104469 47.069027 -214.822815 
1006716791069442 -91.104469 47.069027 -214.822815 
1006716811069442 -91.104469 47.069027 -214.822815 
1006716831069442 -91.104469 47.069027 -214.822815 
1006716851069442 -91.104469 47.069027 -214.822815 
1006716871069442 -91.104469 47.069027 -214.822815 
1006716891069442 -91.104469 47.069027 -214.822815 
1006716911069442 -91.104469 47.069027 -214.822815 
1006716931069442 -91.104469 47.069027 -214.822815 
1006716951069442 -91.104469 47.069027 -214.822815 
1006716971069442 -91.104469 47.069027 -214.822815 
1006716991069442 -91.104469 47.069027 -214.822815 
1006717011069442 -91.104469 47.069027 -214.822815 
1006717031069442 -91.104469 47.069027 -214.822815 
1006717051069442 -91.104469 47.069027 -214.822815 
1006717071069442 -91.104469 47.069027 -214.822815 
1006717091069442 -91.104469 47.069027 -214.822815 
1006717111069442 -91.104469 47.069027 -214.822815 
1006717131069442 -91.104469 47.069027 -214.822815 
1006717151069442 -91.104469 47.069027 -214.822815 
1006717171069442 -91.104469 47.069027 -214.822815 
1006717191069442 -91.104469 47.069027 -214.822815 
1006717211069442 -91.104469 47.069027 -214.822815 
1006717231069442 -91.104469 47.069027 -214.822815 
1006717251069442 -91.104469 47.069027 -214.822815 
1006717271069442 -91.104469 47.069027 -214.822815 
1006717291069442 -91.104469 47.069027 -214.822815 
1006717311069442 -91.104469 47.069027 -214.822815 
1006717331069442 -91.104469 47.069027 -214.822815 
1006717351069442 -91.104469 47.069027 -214.822815 
1006717371069442 -91.104469 47.069027 -214.822815 
1006717391069442 -91.104469 47.069027 -214.822815 
1006717411069442 -91.104469 47.069027 -214.822815 
1006717431069442 -91.104469 47.069027 -214.822815 
1006717451069442 -91.104469 47.069027 -214.822815 
1006717471069442 -91.104469 47.069027 -214.822815 
1006717491069442 -91.104469 47.069027 -214.822815 
1006717511069442 -91.104469 47.069027 -214.822815 
1006717531069442 -91.104469 47.069027 -214.822815 
1006717551069442 -91.104469 47.069027 -214.822815 
1006717571069442 -91.104469 47.069027 -214.822815 
1006717591069442 -91.104469 47.069027 -214.822815 
1006717611069442 -91.104469 47.069027 -214.822815 
1006717631069442 -91.104469 47.069027 -214.822815 
1006717651069442 -91.104469 47.069027 -214.822815 
1006717671069442 -91.104469 47.069027 -214.822815 
1006717691069442 -91.104469 47.069027 -214.822815 
1006717711069442 -91.104469 47.069027 -214.822815 
1006717731069442 -91.104469 47.069027 -214.822815 
1006717751069442 -91.104469 47.069027 -214.822815 
1006717771069442 -91.104469 47.069027 -214.822815 
1006717791069442 -91.104469 47.069027 -214.822815 
1006717811069442 -91.104469 47.069027 -214.822815 
1006717831069442 -91.104469 47.069027 -214.822815 
1006717851069442 -91.104469 47.069027 -214.822815 
1006717871069442 -91.104469 47.069027 -214.822815 
1006717891069442 -91.104469 47.069027 -214.822815 
1006717911069442 -91.104469 47.069027 -214.822815 
1006717931069442 -91.104469 47.069027 -214.822815 
1006717951069442 -91.104469 47.069027 -214.822815 
1006717971069442 -91.104469 47.069027 -214.822815 
1006717991069442 -91.104469 47.069027 -214.822815 
1006718011069442 -91.104469 47.069027 -214.822815 
1006718031069442 -91.104469 47.069027 -214.822815 
1006718051069442 -91.104469 47.069027 -214.822815 
1006718071069442 -91.104469 47.069027 -214.822815 
1006718091069442 -91.104469 47.069027 -214.822815 
1006718111069442 -91.104469 47.069027 -214.822815 
1006718131069442 -91.104469 47.069027 -214.822815 
1006718151069442 -91.104469 47.069027 -214.822815 
1006718171069442 -91.104469 47.069027 -214.822815 
1006718191069442 -91.104469 47.069027 -214.822815 
1006718211069442 -91.104469 47.069027 -214.822815 
1006718231069442 -91.104469 47.069027 -214.822815 
1006718251069442 -91.104469 47.069027 -214.822815 
1006718271069442 -91.104469 47.069027 -214.822815 
1006718291069442 -91.104469 47.069027 -214.822815 
1006718311069442 -91.104469 47.069027 -214.822815 
1006718331069442 -91.104469 47.069027 -214.822815 
1006718351069442 -91.104469 47.069027 -214.822815 
1006718371069442 -91.104469 47.069027 -214.822815 
1006718391069442 -91.104469 47.069027 -214.822815 
1006718411069442 -91.104469 47.069027 -214.822815 
1006718431069442 -91.104469 47.069027 -214.822815 
1006718451069442 -91.104469 47.069027 -214.822815 
1006718471069442 -91.104469 47.069027 -214.822815 
1006718491069442 -91.104469 47.069027 -214.822815 
1006718511069442 -91.104469 47.069027 -214.822815 
1006718531069442 -91.104469 47.069027 -214.822815 
1006718551069442 -91.104469 47.069027 -214.822815 
1006718571069442 -91.104469 47.069027 -214.822815 
1006718591069442 -91.104469 47.069027 -214.822815 
1006718611069442 -91.104469 47.069027 -214.822815 
1006718631069442 -91.104469 47.069027 -214.822815 
1006718651069442 -91.104469 47.069027 -214.822815 
1006718671069442 -91.104469 47.069027 -214.822815 
1006718691069442 -91.104469 47.069027 -214.822815 
1006718711069442 -91.104469 47.069027 -214.822815 
1006718731069442 -91.104469 47.069027 -214.822815 
1006718751069442 -91.104469 47.069027 -214.822815 
1006718771069442 -91.104469 47.069027 -214.822815 
1006718791069442 -91.104469 47.069027 -214.822815 
1006718811069442 -91.104469 47.069027 -214.822815 
1006718831069442 -91.104469 47.069027 -214.822815 
1006718851069442 -91.104469 47.069027 -214.822815 
1006718871069442 -91.104469 47.069027 -214.822815 
1006718891069442 -91.104469 47.069027 -214.822815 
1006718911069442 -91.104469 47.069027 -214.822815 
1006718931069442 -91.104469 47.069027 -214.822815 
1006718951069442 -91.104469 47.069027 -214.822815 
1006718971069442 -91.104469 47.069027 -214.822815 
1006718991069442 -91.104469 47.069027 -214.822815 
1006719011069442 -91.104469 47.069027 -214.822815 
1006719031069442 -91.104469 47.069027 -214.822815 
1006719051069442 -91.104469 47.069027 -214.822815 
1006719071069442 -91.104469 47.069027 -214.822815 
1006719091069442 -91.104469 47.069027 -214.822815 
1006719111069442 -91.104469 47.069027 -214.822815 
1006719131069442 -91.104469 47.069027 -214.822815 
1006719151069442 -91.104469 47.069027 -214.822815 
1006719171069442 -91.104469 47.069027 -214.822815 
1006719191069442 -91.104469 47.069027 -214.822815 
1006719211069442 -91.104469 47.069027 -214.822815 
1006719231069442 -91.104469 47.069027 -214.822815 
1006719251069442 -91.104469 47.069027 -214.822815 
1006719271069442 -91.104469 47.069027 -214.822815 
1006719291069442 -91.104469 47.069027 -214.822815 
1006719311069442 -91.104469 47.069027 -214.822815 
1006719331069442 -91.104469 47.069027 -214.822815 
1006719351069442 -91.104469 47.069027 -214.822815 
1006719371069442 -91.104469 47.069027 -214.822815 
1006719391069442 -91.104469 47.069027 -214.822815 
1006719411069442 -91.104469 47.069027 -214.822815 
1006719431069442 -91.104469 47.069027 -214.822815 
1006719451069442 -91.104469 47.069027 -214.822815 
1006719471069442 -91.104469 47.069027 -214.822815 
1006719491069442 -91.104469 47.069027 -214.822815 
1006719511069442 -91.104469 47.069027 -214.822815 
1006719531069442 -91.104469 47.069027 -214.822815 
1006719551069442 -91.104469 47.069027 -214.822815 
1006719571069442 -91.104469 47.069027 -214.822815 
1006719591069442 -91.104469 47.069027 -214.822815 
1006719611069442 -91.104469 47.069027 -214.822815 
1006719631069442 -91.104469 47.069027 -214.822815 
1006719651069442 -91.104469 47.069027 -214.822815 
1006719671069442 -91.104469 47.069027 -214.822815 
1006719691069442 -91.104469 47.069027 -214.822815 
1006719711069442 -91.104469 47.069027 -214.822815 
1006719731069442 -91.104469 47.069027 -214.822815 
1006719751069442 -91.104469 47.069027 -214.822815 
1006719771069442 -91.104469 47.069027 -214.822815 
1006719791069442 -91.104469 47.069027 -214.822815 
1006719811069442 -91.104469 47.069027 -214.822815 
1006719831069442 -91.104469 47.069027 -214.822815 
1006719851069442 -91.104469 47.069027 -214.822815 
1006719871069442 -91.104469 47.069027 -214.822815 
1006719891069442 -91.104469 47.069027 -214.822815 
1006719911069442 -91.104469 47.069027 -214.822815 
1006719931069442 -91.104469 47.069027 -214.822815 
1006719951069442 -91.104469 47.069027 -214.822815 
1006719971069442 -91.104469 47.069027 -214.822815 
1006719991069442 -91.104469 47.069027 -214.822815 
1006720011069442 -91.104469 47.069027 -214.822815 
1006720031069442 -91.104469 47.069027 -214.822815 
1006720051069442 -91.104469 47.069027 -214.822815 
1006720071069442 -91.104469 47.069027 -214.822815 
1006720091069442 -91.104469 47.069027 -214.822815 
1006720111069442 -91.104469 47.069027 -214.822815 
1006720131069442 -91.104469 47.069027 -214.822815 
1006720151069442 -91.104469 47.069027 -214.822815 
1006720171069442 -91.104469 47.069027 -214.822815 
1006720191069442 -91.104469 47.069027 -214.822815 
1006720211069442 -91.104469 47.069027 -214.822815 
1006720231069442 -91.104469 47.069027 -214.822815 
1006720251069442 -91.104469 47.069027 -214.822815 
1006720271069442 -91.104469 47.069027 -214.822815 
1006720291069442 -91.104469 47.069027 -214.822815 
1006720311069442 -91.104469 47.069027 -214.822815 
1006720331069442 -91.104469 47.069027 -214.822815 
1006720351069442 -91.104469 47.069027 -214.822815 
1006720371069442 -91.104469 47.069027 -214.822815 
1006720391069442 -91.104469 47.069027 -214.822815 
1006720411069442 -91.104469 47.069027 -214.822815 
1006720431069442 -91.104469 47.069027 -214.822815 
1006720451069442 -91.104469 47.069027 -214.822815 
1006720471069442 -91.104469 47.069027 -214.822815 
1006720491069442 -91.104469 47.069027 -214.822815 
1006720511069442 -91.104469 47.069027 -214.822815 
1006720531069442 -91.104469 47.069027 -214.822815 
1006720551069442 -91.104469 47.069027 -214.822815 
1006720571069442 -91.104469 47.069027 -214.822815 
1006720591069442 -91.104469 47.069027 -214.822815 
1006720611069442 -91.104469 47.069027 -214.822815 
1006720631069442 -91.104469 47.069027 -214.822815 
1006720651069442 -91.104469 47.069027 -214.822815 
1006720671069442 -91.104469 47.069027 -214.822815 
1006720691069442 -91.104469 47.069027 -214.822815 
1006720711069442 -91.104469 47.069027 -214.822815 
1006720731069442 -91.104469 47.069027 -214.822815 
1006720751069442 -91.104469 47.069027 -214.822815 
1006720771069442 -91.104469 47.069027 -214.822815 
1006720791069442 -91.104469 47.069027 -214.822815 
1006720811069442 -91.104469 47.069027 -214.822815 
1006720831069442 -91.104469 47.069027 -214.822815 
1006720851069442 -91.104469 47.069027 -214.822815 
1006720871069442 -91.104469 47.069027 -214.822815 
1006720891069442 -91.104469 47.069027 -214.822815 
1006720911069442 -91.104469 47.069027 -214.822815 
1006720931069442 -91.104469 47.069027 -214.822815 
1006720951069442 -91.104469 47.069027 -214.822815 
1006720971069442 -91.104469 47.069027 -214.822815 
1006720991069442 -91.104469 47.069027 -214.822815 
1006721011069442 -91.104469 47.069027 -214.822815 
1006721031069442 -91.104469 47.069027 -214.822815 
1006721051069442 -91.104469 47.069027 -214.822815 
1006721071069442 -91.104469 47.069027 -214.822815 
1006721091069442 -91.104469 47.069027 -214.822815 
1006721111069442 -91.104469 47.069027 -214.822815 
1006721131069442 -91.104469 47.069027 -214.822815 
1006721151069442 -91.104469 47.069027 -214.822815 
1006721171069442 -91.104469 47.069027 -214.822815 
1006721191069442 -91.104469 47.069027 -214.822815 
1006721211069442 -91.104469 47.069027 -214.822815 
1006721231069442 -91.104469 47.069027 -214.822815 
1006721251069442 -91.104469 47.069027 -214.822815 
1006721271069442 -91.104469 47.069027 -214.822815 
1006721291069442 -91.104469 47.069027 -214.822815 
1006721311069442 -91.104469 47.069027 -214.822815 
1006721331069442 -91.104469 47.069027 -214.822815 
1006721351069442 -91.104469 47.069027 -214.822815 
1006721371069442 -91.104469 47.069027 -214.822815 
1006721391069442 -91.104469 47.069027 -214.822815 
1006721411069442 -91.104469 47.069027 -214.822815 
1006721431069442 -91.104469 47.069027 -214.822815 
1006721451069442 -91.104469 47.069027 -214.822815 
1006721471069442 -91.104469 47.069027 -214.822815 
1006721491069442 -91.104469 47.069027 -214.822815 
1006721511069442 -91.104469 47.069027 -214.822815 
1006721531069442 -91.104469 47.069027 -214.822815 
1006721551069442 -91.104469 47.069027 -214.822815 
1006721571069442 -91.104469 47.069027 -214.822815 
1006721591069442 -91.104469 47.069027 -214.822815 
1006721611069442 -91.104469 47.069027 -214.822815 
1006721631069442 -91.104469 47.069027 -214.822815 
1006721651069442 -91.104469 47.069027 -214.822815 
1006721671069442 -91.104469 47.069027 -214.822815 
1006721691069442 -91.104469 47.069027 -214.822815 
1006721711069442 -91.104469 47.069027 -214.822815 
1006721731069442 -91.104469 47.069027 -214.822815 
1006721751069442 -91.104469 47.069027 -214.822815 
1006721771069442 -91.104469 47.069027 -214.822815 
1006721791069442 -91.104469 47.069027 -214.822815 
1006721811069442 -91.104469 47.069027 -214.822815 
1006721831069442 -91.104469 47.069027 -214.822815 
1006721851069442 -91.104469 47.069027 -214.822815 
1006721871069442 -91.104469 47.069027 -214.822815 
1006721891069442 -91.104469 47.069027 -214.822815 
1006721911069442 -91.104469 47.069027 -214.822815 
1006721931069442 -91.104469 47.069027 -214.822815 
1006721951069442 -91.104469 47.069027 -214.822815 
1006721971069442 -91.104469 47.069027 -214.822815 
1006721991069442 -91.104469 47.069027 -214.822815 
1006722011069442 -91.104469 47.069027 -214.822815 
1006722031069442 -91.104469 47.069027 -214.822815 
1006722051069442 -91.104469 47.069027 -214.822815 
1006722071069442 -91.104469 47.069027 -214.822815 
1006722091069442 -91.104469 47.069027 -214.822815 
1006722111069442 -91.104469 47.069027 -214.822815 
1006722131069442 -91.104469 47.069027 -214.822815 
1006722151069442 -91.104469 47.069027 -214.822815 
1006722171069442 -91.104469 47.069027 -214.822815 
1006722191069442 -91.104469 47.069027 -214.822815 
1006722211069442 -91.104469 47.069027 -214.822815 
1006722231069442 -91.104469 47.069027 -214.822815 
1006722251069442 -91.104469 47.069027 -214.822815 
1006722271069442 -91.104469 47.069027 -214.822815 
1006722291069442 -91.104469 47.069027 -214.822815 
1006722311069442 -91.104469 47.069027 -214.822815 
1006722331069442 -91.104469 47.069027 -214.822815 
1006722351069442 -91.104469 47.069027 -214.822815 
1006722371069442 -91.104469 47.069027 -214.822815 
1006722391069442 -91.104469 47.069027 -214.822815 
1006722411069442 -91.104469 47.069027 -214.822815 
1006722431069442 -91.104469 47.069027 -214.822815 
1006722451069442 -91.104469 47.069027 -214.822815 
1006722471069442 -91.104469 47.069027 -214.822815 
1006722491069442 -91.104469 47.069027 -214.822815 
1006722511069442 -91.104469 47.069027 -214.822815 
1006722531069442 -91.104469 47.069027 -214.822815 
1006722551069442 -91.104469 47.069027 -214.822815 
1006722571069442 -91.104469 47.069027 -214.822815 
1006722591069442 -91.104469 47.069027 -214.822815 
1006722611069442 -91.104469 47.069027 -214.822815 
1006722631069442 -91.104469 47.069027 -214.822815 
1006722651069442 -91.104469 47.069027 -214.822815 
1006722671069442 -91.104469 47.069027 -214.822815 
1006722691069442 -91.104469 47.069027 -214.822815 
1006722711069442 -91.104469 47.069027 -214.822815 
1006722731069442 -91.104469 47.069027 -214.822815 
1006722751069442 -91.104469 47.069027 -214.822815 
1006722771069442 -91.104469 47.069027 -214.822815 
1006722791069442 -91.104469 47.069027 -214.822815 
1006722811069442 -91.104469 47.069027 -214.822815 
1006722831069442 -91.104469 47.069027 -214.822815 
1006722851069442 -91.104469 47.069027 -214.822815 
1006722871069442 -91.104469 47.069027 -214.822815 
1006722891069442 -91.104469 47.069027 -214.822815 
1006722911069442 -91.104469 47.069027 -214.822815 
1006722931069442 -91.104469 47.069027 -214.822815 
1006722951069442 -91.104469 47.069027 -214.822815 
1006722971069442 -91.104469 47.069027 -214.822815 
1006722991069442 -91.104469 47.069027 -214.822815 
1006723011069442 -91.104469 47.069027 -214.822815 
1006723031069442 -91.104469 47.069027 -214.822815 
1006723051069442 -91.104469 47.069027 -214.822815 
1006723071069442 -91.104469 47.069027 -214.822815 
1006723091069442 -91.104469 47.069027 -214.822815 
1006723111069442 -91.104469 47.069027 -214.822815 
1006723131069442 -91.104469 47.069027 -214.822815 
1006723151069442 -91.104469 47.069027 -214.822815 
1006723171069442 -91.104469 47.069027 -214.822815 
1006723191069442 -91.104469 47.069027 -214.822815 
1006723211069442 -91.104469 47.069027 -214.822815 
1006723231069442 -91.104469 47.069027 -214.822815 
1006723251069442 -91.104469 47.069027 -214.822815 
1006723271069442 -91.104469 47.069027 -214.822815 
1006723291069442 -91.104469 47.069027 -214.822815 
1006723311069442 -91.104469 47.069027 -214.822815 
1006723331069442 -91.104469 47.069027 -214.822815 
1006723351069442 -91.104469 47.069027 -214.822815 
1006723371069442 -91.104469 47.069027 -214.822815 
1006723391069442 -91.104469 47.069027 -214.822815 
1006723411069442 -91.104469 47.069027 -214.822815 
1006723431069442 -91.104469 47.069027 -214.822815 
1006723451069442 -91.104469 47.069027 -214.822815 
1006723471069442 -91.104469 47.069027 -214.822815 
1006723491069442 -91.104469 47.069027 -214.822815 
1006723511069442 -91.104469 47.069027 -214.822815 
1006723531069442 -91.104469 47.069027 -214.822815 
1006723551069442 -91.104469 47.069027 -214.822815 
1006723571069442 -91.104469 47.069027 -214.822815 
1006723591069442 -91.104469 47.069027 -214.822815 
1006723611069442 -91.104469 47.069027 -214.822815 
1006723631069442 -91.104469 47.069027 -214.822815 
1006723651069442 -91.104469 47.069027 -214.822815 
1006723671069442 -91.104469 47.069027 -214.822815 
1006723691069442 -91.104469 47.069027 -214.822815 
1006723711069442 -91.104469 47.069027 -214.822815 
1006723731069442 -91.104469 47.069027 -214.822815 
1006723751069442 -91.104469 47.069027 -214.822815 
1006723771069442 -91.104469 47.069027 -214.822815 
1006723791069442 -91.104469 47.069027 -214.822815 
1006723811069442 -91.104469 47.069027 -214.822815 
1006723831069442 -91.104469 47.069027 -214.822815 
1006723851069442 -91.104469 47.069027 -214.822815 
1006723871069442 -91.104469 47.069027 -214.822815 
1006723891069442 -91.104469 47.069027 -214.822815 
1006723911069442 -91.104469 47.069027 -214.822815 
1006723931069442 -91.104469 47.069027 -214.822815 
1006723951069442 -91.104469 47.069027 -214.822815 
1006723971069442 -91.104469 47.069027 -214.822815 
1006723991069442 -91.104469 47.069027 -214.822815 
1006724011069442 -91.104469 47.069027 -214.822815 
1006724031069442 -91.104469 47.069027 -214.822815 
1006724051069442 -91.104469 47.069027 -214.822815 
1006724071069442 -91.104469 47.069027 -214.822815 
1006724091069442 -91.104469 47.069027 -214.822815 
1006724111069442 -91.104469 47.069027 -214.822815 
1006724131069442 -91.104469 47.069027 -214.822815 
1006724151069442 -91.104469 47.069027 -214.822815 
1006724171069442 -91.104469 47.069027 -214.822815 
1006724191069442 -91.104469 47.069027 -214.822815 
1006724211069442 -91.104469 47.069027 -214.822815 
1006724231069442 -91.104469 47.069027 -214.822815 
1006724251069442 -91.104469 47.069027 -214.822815 
1006724271069442 -91.104469 47.069027 -214.822815 
1006724291069442 -91.104469 47.069027 -214.822815 
1006724311069442 -91.104469 47.069027 -214.822815 
1006724331069442 -91.104469 47.069027 -214.822815 
1006724351069442 -91.104469 47.069027 -214.822815 
1006724371069442 -91.104469 47.069027 -214.822815 
1006724391069442 -91.104469 47.069027 -214.822815 
1006724411069442 -91.104469 47.069027 -214.822815 
1006724431069442 -91.104469 47.069027 -214.822815 
1006724451069442 -91.104469 47.069027 -214.822815 
1006724471069442 -91.104469 47.069027 -214.822815 
1006724491069442 -91.104469 47.069027 -214.822815 
1006724511069442 -91.104469 47.069027 -214.822815 
1006724531069442 -91.104469 47.069027 -214.822815 
1006724551069442 -91.104469 47.069027 -214.822815 
1006724571069442 -91.104469 47.069027 -214.822815 
1006724591069442 -91.104469 47.069027 -214.822815 
1006724611069442 -91.104469 47.069027 -214.822815 
1006724631069442 -91.104469 47.069027 -214.822815 
1006724651069442 -91.104469 47.069027 -214.822815 
1006724671069442 -91.104469 47.069027 -214.822815 
1006724691069442 -91.104469 47.069027 -214.822815 
1006724711069442 -91.104469 47.069027 -214.822815 
1006724731069442 -91.104469 47.069027 -214.822815 
1006724751069442 -91.104469 47.069027 -214.822815 
1006724771069442 -91.104469 47.069027 -214.822815 
1006724791069442 -91.104469 47.069027 -214.822815 
1006724811069442 -91.104469 47.069027 -214.822815 
1006724831069442 -91.104469 47.069027 -214.822815 
1006724851069442 -91.104469 47.069027 -214.822815 
1006724871069442 -91.104469 47.069027 -214.822815 
1006724891069442 -91.104469 47.069027 -214.822815 
1006724911069442 -91.104469 47.069027 -214.822815 
1006724931069442 -91.104469 47.069027 -214.822815 
1006724951069442 -91.104469 47.069027 -214.822815 
1006724971069442 -91.104469 47.069027 -214.822815 
1006724991069442 -91.104469 47.069027 -214.822815 
1006725011069442 -91.104469 47.069027 -214.822815 
1006725031069442 -91.104469 47.069027 -214.822815 
1006725051069442 -91.104469 47.069027 -214.822815 
1006725071069442 -91.104469 47.069027 -214.822815 
1006725091069442 -91.104469 47.069027 -214.822815 
1006725111069442 -91.104469 47.069027 -214.822815 
1006725131069442 -91.104469 47.069027 -214.822815 
1006725151069442 -91.104469 47.069027 -214.822815 
1006725171069442 -91.104469 47.069027 -214.822815 
1006725191069442 -91.104469 47.069027 -214.822815 
1006725211069442 -91.104469 47.069027 -214.822815 
1006725231069442 -91.104469 47.069027 -214.822815 
1006725251069442 -91.104469 47.069027 -214.822815 
1006725271069442 -91.104469 47.069027 -214.822815 
1006725291069442 -91.104469 47.069027 -214.822815 
1006725311069442 -91.104469 47.069027 -214.822815 
1006725331069442 -91.104469 47.069027 -214.822815 
1006725351069442 -91.104469 47.069027 -214.822815 
1006725371069442 -91.104469 47.069027 -214.822815 
1006725391069442 -91.104469 47.069027 -214.822815 
1006725411069442 -91.104469 47.069027 -214.822815 
1006725431069442 -91.104469 47.069027 -214.822815 
1006725451069442 -91.104469 47.069027 -214.822815 
1006725471069442 -91.104469 47.069027 -214.822815 
1006725491069442 -91.104469 47.069027 -214.822815 
1006725511069442 -91.104469 47.069027 -214.822815 
1006725531069442 -91.104469 47.069027 -214.822815 
1006725551069442 -91.104469 47.069027 -214.822815 
1006725571069442 -91.104469 47.069027 -214.822815 
1006725591069442 -91.104469 47.069027 -214.822815 
1006725611069442 -91.104469 47.069027 -214.822815 
1006725631069442 -91.104469 47.069027 -214.822815 
1006725651069442 -91.104469 47.069027 -214.822815 
1006725671069442 -91.104469 47.069027 -214.822815 
1006725691069442 -91.104469 47.069027 -214.822815 
1006725711069442 -91.104469 47.069027 -214.822815 
1006725731069442 -91.104469 47.069027 -214.822815 
1006725751069442 -91.104469 47.069027 -214.822815 
1006725771069442 -91.104469 47.069027 -214.822815 
1006725791069442 -91.104469 47.069027 -214.822815 
1006725811069442 -91.104469 47.069027 -214.822815 
1006725831069442 -91.104469 47.069027 -214.822815 
1006725851069442 -91.104469 47.069027 -214.822815 
1006725871069442 -91.104469 47.069027 -214.822815 
1006725891069442 -91.104469 47.069027 -214.822815 
1006725911069442 -91.104469 47.069027 -214.822815 
1006725931069442 -91.104469 47.069027 -214.822815 
1006725951069442 -91.104469 47.069027 -214.822815 
1006725971069442 -91.104469 47.069027 -214.822815 
1006725991069442 -91.104469 47.069027 -214.822815 
1006726011069442 -91.104469 47.069027 -214.822815 
1006726031069442 -91.104469 47.069027 -214.822815 
1006726051069442 -91.104469 47.069027 -214.822815 
1006726071069442 -91.104469 47.069027 -214.822815 
1006726091069442 -91.104469 47.069027 -214.822815 
1006726111069442 -91.104469 47.069027 -214.822815 
1006726131069442 -91.104469 47.069027 -214.822815 
1006726151069442 -91.104469 47.069027 -214.822815 
1006726171069442 -91.104469 47.069027 -214.822815 
1006726191069442 -91.104469 47.069027 -214.822815 
1006726211069442 -91.104469 47.069027 -214.822815 
1006726231069442 -91.104469 47.069027 -214.822815 
1006726251069442 -91.104469 47.069027 -214.822815 
1006726271069442 -91.104469 47.069027 -214.822815 
1006726291069442 -91.104469 47.069027 -214.822815 
1006726311069442 -91.104469 47.069027 -214.822815 
1006726331069442 -91.104469 47.069027 -214.822815 
1006726351069442 -91.104469 47.069027 -214.822815 
1006726371069442 -91.104469 47.069027 -214.822815 
1006726391069442 -91.104469 47.069027 -214.822815 
1006726411069442 -91.104469 47.069027 -214.822815 
1006726431069442 -91.104469 47.069027 -214.822815 
1006726451069442 -91.104469 47.069027 -214.822815 
1006726471069442 -91.104469 47.069027 -214.822815 
1006726491069442 -91.104469 47.069027 -214.822815 
1006726511069442 -91.104469 47.069027 -214.822815 
1006726531069442 -91.104469 47.069027 -214.822815 
1006726551069442 -91.104469 47.069027 -214.822815 
1006726571069442 -91.104469 47.069027 -214.822815 
1006726591069442 -91.104469 47.069027 -214.822815 
1006726611069442 -91.104469 47.069027 -214.822815 
1006726631069442 -91.104469 47.069027 -214.822815 
1006726651069442 -91.104469 47.069027 -214.822815 
1006726671069442 -91.104469 47.069027 -214.822815 
1006726691069442 -91.104469 47.069027 -214.822815 
1006726711069442 -91.104469 47.069027 -214.822815 
1006726731069442 -91.104469 47.069027 -214.822815 
1006726751069442 -91.104469 47.069027 -214.822815 
1006726771069442 -91.104469 47.069027 -214.822815 
1006726791069442 -91.104469 47.069027 -214.822815 
1006726811069442 -91.104469 47.069027 -214.822815 
1006726831069442 -91.104469 47.069027 -214.822815 
1006726851069442 -91.104469 47.069027 -214.822815 
1006726871069442 -91.104469 47.069027 -214.822815 
1006726891069442 -91.104469 47.069027 -214.822815 
1006726911069442 -91.104469 47.069027 -214.822815 
1006726931069442 -91.104469 47.069027 -214.822815 
1006726951069442 -91.104469 47.069027 -214.822815 
1006726971069442 -91.104469 47.069027 -214.822815 
1006726991069442 -91.104469 47.069027 -214.822815 
1006727011069442 -91.104469 47.069027 -214.822815 
1006727031069442 -91.104469 47.069027 -214.822815 
1006727051069442 -91.104469 47.069027 -214.822815 
1006727071069442 -91.104469 47.069027 -214.822815 
1006727091069442 -91.104469 47.069027 -214.822815 
1006727111069442 -91.104469 47.069027 -214.822815 
1006727131069442 -91.104469 47.069027 -214.822815 
1006727151069442 -91.104469 47.069027 -214.822815 
1006727171069442 -91.104469 47.069027 -214.822815 
1006727191069442 -91.104469 47.069027 -214.822815 
1006727211069442 -91.104469 47.069027 -214.822815 
1006727231069442 -91.104469 47.069027 -214.822815 
1006727251069442 -91.104469 47.069027 -214.822815 
1006727271069442 -91.104469 47.069027 -214.822815 
1006727291069442 -91.104469 47.069027 -214.822815 
1006727311069442 -91.104469 47.069027 -214.822815 
1006727331069442 -91.104469 47.069027 -214.822815 
