# Created at Thu Jun 06 10:35:43 GMT+03:00 2024 in Burnaby Canada 
1006694900856838 0.053663 0.034723 0.556232 0.828565 
1006694919763192 0.049326 0.041803 0.557746 0.827489 
1006694938669494 0.044830 0.048042 0.559641 0.826126 
1006694957575848 0.043101 0.049471 0.561151 0.825109 
1006694976482203 0.042576 0.045707 0.561540 0.825088 
1006694995388557 0.038420 0.041424 0.561572 0.825497 
1006695014294911 0.032170 0.036574 0.561963 0.825727 
1006695033201213 0.027329 0.029710 0.562180 0.826029 
1006695052107567 0.025817 0.020529 0.560912 0.827218 
1006695071013921 0.026563 0.011472 0.558333 0.829112 
1006695089920276 0.028467 0.004945 0.552622 0.832931 
1006695108826630 0.031354 0.001176 0.545895 0.837266 
1006695127732984 0.034820 -0.000981 0.538533 0.841884 
1006695146639338 0.037435 -0.001396 0.532473 0.845617 
1006695165545692 0.037755 0.001105 0.528153 0.848308 
1006695184452046 0.036893 0.005741 0.525287 0.850105 
1006695203358401 0.035095 0.012165 0.524005 0.850905 
1006695222264755 0.032528 0.019455 0.522755 0.851640 
1006695241171161 0.030512 0.025940 0.521610 0.852243 
1006695260077515 0.030300 0.030402 0.520162 0.852988 
1006695278983869 0.032600 0.031016 0.519510 0.853279 
1006695297890223 0.034301 0.028782 0.519495 0.853299 
1006695316796578 0.031314 0.027158 0.520407 0.852911 
1006695335702984 0.024803 0.026630 0.521898 0.852231 
1006695354609338 0.019211 0.025227 0.523440 0.851472 
1006695373515692 0.014667 0.024086 0.525974 0.850033 
1006695392422098 0.010040 0.023610 0.528705 0.848418 
1006695411328453 0.006252 0.022296 0.531004 0.847053 
1006695430234859 0.003463 0.020165 0.534022 0.845223 
1006695449141213 0.002097 0.017219 0.537849 0.842863 
1006695468047619 0.002686 0.013806 0.540645 0.841133 
1006695486953973 0.005398 0.011482 0.541884 0.840357 
1006695505860380 0.011617 0.008835 0.541520 0.840561 
1006695524766734 0.020460 0.003676 0.539844 0.841508 
1006695543673140 0.027580 -0.000956 0.536725 0.843306 
1006695562579546 0.030857 -0.001378 0.532795 0.845680 
1006695581485901 0.032719 0.000939 0.529446 0.847712 
1006695600392307 0.035599 0.002434 0.527080 0.849066 
1006695619298713 0.039370 0.002130 0.525440 0.849917 
1006695638205067 0.042875 0.000901 0.524555 0.850296 
1006695657111473 0.044782 0.000996 0.525639 0.849528 
1006695676017880 0.045393 0.003087 0.527843 0.848122 
1006695694924286 0.045490 0.006226 0.529648 0.846974 
1006695713830692 0.045161 0.009059 0.530506 0.846429 
1006695732737098 0.044369 0.010574 0.531242 0.845991 
1006695751643505 0.043841 0.010408 0.531426 0.845905 
1006695770549911 0.044121 0.008942 0.531147 0.846083 
1006695789456317 0.044413 0.007296 0.530549 0.846458 
1006695808362723 0.044239 0.005483 0.529125 0.847372 
1006695827269130 0.043118 0.004273 0.528121 0.848063 
1006695846175536 0.041328 0.004734 0.527819 0.848338 
1006695865081994 0.039929 0.006043 0.528538 0.847948 
1006695883988401 0.039659 0.007126 0.529489 0.847359 
1006695902894807 0.040189 0.008338 0.530192 0.846883 
1006695921801213 0.040672 0.010815 0.530823 0.846437 
1006695940707619 0.042108 0.013333 0.530792 0.846350 
1006695959614078 0.044564 0.014402 0.530473 0.846407 
1006695978520484 0.046045 0.013997 0.529740 0.846794 
1006695997426942 0.046319 0.013005 0.526388 0.848882 
1006696016333348 0.043335 0.011965 0.524096 0.850472 
1006696035239755 0.037597 0.010317 0.523312 0.851249 
1006696054146213 0.030239 0.007389 0.523890 0.851217 
1006696073052619 0.023376 0.003002 0.524623 0.851009 
1006696091959078 0.019449 -0.002239 0.524188 0.851377 
1006696110865536 0.022491 -0.010221 0.521862 0.852672 
1006696129771942 0.031657 -0.020686 0.517110 0.855083 
1006696148678401 0.041465 -0.030311 0.511873 0.857524 
1006696167584807 0.047574 -0.035770 0.508357 0.859087 
1006696186491265 0.051009 -0.037325 0.506447 0.859951 
1006696205397723 0.054023 -0.036909 0.505045 0.860610 
1006696224304182 0.056192 -0.035423 0.504563 0.860816 
1006696243210588 0.056629 -0.034244 0.505037 0.860557 
1006696262117046 0.054372 -0.033310 0.507043 0.859559 
1006696281023505 0.050158 -0.032430 0.510452 0.857830 
1006696299929963 0.045601 -0.031977 0.513969 0.855999 
1006696318836421 0.041769 -0.032650 0.516742 0.854498 
1006696337742880 0.039140 -0.034327 0.518178 0.853687 
1006696356649338 0.037503 -0.035064 0.517868 0.853919 
1006696375555796 0.037679 -0.034548 0.516593 0.854703 
1006696394462255 0.039941 -0.033391 0.515242 0.855462 
1006696413368713 0.043262 -0.031781 0.513519 0.856397 
1006696432275171 0.045745 -0.029001 0.511501 0.857574 
1006696451181630 0.046920 -0.025046 0.510107 0.858465 
1006696470088088 0.047292 -0.021482 0.509891 0.858669 
1006696488994546 0.046963 -0.019409 0.510706 0.858253 
1006696507901005 0.045330 -0.017526 0.510765 0.858345 
1006696526807463 0.042950 -0.015548 0.509303 0.859374 
1006696545713973 0.040960 -0.014521 0.507487 0.860563 
1006696564620432 0.039486 -0.014287 0.506164 0.861414 
1006696583526890 0.038280 -0.014603 0.505650 0.861765 
1006696602433348 0.037064 -0.015497 0.507083 0.860960 
1006696621339859 0.035844 -0.016672 0.509535 0.859541 
1006696640246317 0.035053 -0.017716 0.511868 0.858166 
1006696659152828 0.034601 -0.017505 0.513129 0.857435 
1006696678059286 0.034468 -0.015597 0.513380 0.857327 
1006696696965744 0.035941 -0.014335 0.512814 0.857628 
1006696715872255 0.039946 -0.015153 0.511685 0.858110 
1006696734778713 0.045311 -0.017590 0.511853 0.857697 
1006696753685223 0.047735 -0.018692 0.514512 0.855949 
1006696772591682 0.044859 -0.016560 0.519729 0.852992 
1006696791498192 0.039844 -0.013497 0.524615 0.850299 
1006696810404703 0.036442 -0.010991 0.527940 0.848428 
1006696829311161 0.036706 -0.009652 0.528722 0.847946 
1006696848217671 0.040040 -0.010705 0.528041 0.848207 
1006696867124130 0.043057 -0.013282 0.527140 0.848583 
1006696886030640 0.042697 -0.014801 0.526505 0.848970 
1006696904937151 0.039240 -0.014136 0.526263 0.849298 
1006696923843609 0.036070 -0.013366 0.526606 0.849239 
1006696942750119 0.034574 -0.013501 0.527378 0.848819 
1006696961656630 0.034301 -0.013998 0.528219 0.848299 
1006696980563140 0.035118 -0.014191 0.528939 0.847814 
1006696999469651 0.036743 -0.013013 0.529588 0.847359 
1006697018376161 0.038832 -0.010150 0.529672 0.847253 
1006697037282619 0.041024 -0.005937 0.529665 0.847194 
1006697056189130 0.043740 -0.001769 0.530046 0.846838 
1006697075095640 0.047098 0.001769 0.531702 0.845619 
1006697094002151 0.050319 0.005332 0.533776 0.844111 
1006697112908661 0.053054 0.008640 0.535480 0.842836 
1006697131815171 0.055137 0.010921 0.536744 0.841871 
1006697150721682 0.056516 0.011926 0.537965 0.840986 
1006697169628192 0.057820 0.011739 0.539247 0.840079 
1006697188534703 0.058973 0.011225 0.540209 0.839387 
1006697207441213 0.059452 0.011109 0.540061 0.839450 
1006697226347723 0.059085 0.010963 0.539300 0.839967 
1006697245254286 0.058055 0.010186 0.537684 0.841084 
1006697264160796 0.057013 0.008205 0.535008 0.842881 
1006697283067307 0.055749 0.004427 0.531402 0.845272 
1006697301973817 0.054409 -0.000245 0.526750 0.848277 
1006697320880328 0.053119 -0.004180 0.522485 0.850982 
1006697339786890 0.052638 -0.006563 0.520504 0.852210 
1006697358693401 0.053722 -0.006768 0.520485 0.852152 
1006697377599911 0.057044 -0.005634 0.521065 0.851590 
1006697396506473 0.061975 -0.004182 0.520990 0.851300 
1006697415412984 0.066701 -0.002422 0.521147 0.850853 
1006697434319494 0.069839 0.000451 0.522616 0.849703 
1006697453226057 0.071737 0.004238 0.525149 0.847971 
1006697472132567 0.073293 0.008335 0.526788 0.846790 
1006697491039078 0.074902 0.011260 0.526160 0.847005 
1006697509945640 0.076252 0.012240 0.524478 0.847914 
1006697528852151 0.076359 0.012664 0.522892 0.848878 
1006697547758713 0.074998 0.014341 0.521227 0.849996 
1006697566665223 0.072941 0.017849 0.519522 0.851151 
1006697585571786 0.070692 0.023281 0.518324 0.851940 
1006697604478296 0.070002 0.028672 0.517916 0.852080 
1006697623384859 0.071680 0.031264 0.519856 0.850667 
1006697642291421 0.074239 0.032889 0.522823 0.848565 
1006697661197932 0.075796 0.035228 0.525260 0.846827 
1006697680104494 0.075562 0.039270 0.526733 0.845755 
1006697699011057 0.074909 0.043497 0.527381 0.845201 
1006697717917567 0.075036 0.045960 0.527492 0.844991 
1006697736824130 0.075538 0.046056 0.527264 0.845083 
1006697755730692 0.074997 0.044894 0.526892 0.845426 
1006697774637255 0.073137 0.043621 0.525838 0.846311 
1006697793543765 0.070580 0.042734 0.524348 0.847497 
1006697812450328 0.067632 0.042468 0.522756 0.848733 
1006697831356890 0.064711 0.042156 0.521363 0.849833 
1006697850263453 0.061965 0.041220 0.520728 0.850473 
1006697869170015 0.059023 0.040821 0.519975 0.851161 
1006697888076578 0.056148 0.040729 0.519345 0.851745 
1006697906983140 0.053439 0.040675 0.519251 0.851979 
1006697925889703 0.050784 0.040861 0.519734 0.851838 
1006697944796265 0.048114 0.041429 0.520056 0.851769 
1006697963702828 0.045931 0.041860 0.520040 0.851878 
1006697982609390 0.044181 0.042387 0.519902 0.852029 
1006698001515953 0.042900 0.042836 0.519714 0.852187 
1006698020422515 0.041988 0.043291 0.519524 0.852325 
1006698039329078 0.040924 0.044336 0.518899 0.852703 
1006698058235640 0.039963 0.044792 0.518872 0.852742 
1006698077142203 0.039679 0.044450 0.519478 0.852404 
1006698096048765 0.040133 0.044173 0.519401 0.852444 
1006698114955328 0.040871 0.044446 0.518241 0.853101 
1006698133861890 0.042004 0.045173 0.516353 0.854152 
1006698152768505 0.043550 0.046009 0.514925 0.854891 
1006698171675067 0.044653 0.047067 0.514464 0.855054 
1006698190581630 0.045224 0.047869 0.514597 0.854900 
1006698209488192 0.045772 0.047870 0.514775 0.854763 
1006698228394807 0.046921 0.046846 0.514306 0.855040 
1006698247301369 0.048294 0.046012 0.512985 0.855802 
1006698266207932 0.050163 0.046323 0.511429 0.856608 
1006698285114546 0.052280 0.048465 0.510773 0.856755 
1006698304021109 0.054241 0.052398 0.511840 0.855764 
1006698322927671 0.056921 0.056297 0.513721 0.854214 
1006698341834286 0.059807 0.059455 0.515315 0.852842 
1006698360740848 0.061354 0.062283 0.516402 0.851872 
1006698379647463 0.061587 0.064590 0.517018 0.851309 
1006698398554026 0.061494 0.065798 0.516250 0.851690 
1006698417460640 0.061693 0.065162 0.514116 0.853014 
1006698436367203 0.061357 0.062975 0.511745 0.854627 
1006698455273817 0.059365 0.060720 0.509360 0.856354 
1006698474180380 0.055229 0.059788 0.507683 0.857691 
1006698493086994 0.050752 0.059960 0.506447 0.858685 
1006698511993557 0.047803 0.060416 0.505524 0.859366 
1006698530900171 0.046119 0.061413 0.505256 0.859545 
1006698549806786 0.044935 0.063000 0.505734 0.859212 
1006698568713348 0.043903 0.064804 0.507121 0.858313 
1006698587619963 0.043143 0.066111 0.510034 0.856524 
1006698606526578 0.043205 0.066096 0.514126 0.854072 
1006698625433140 0.043319 0.065529 0.518182 0.851655 
1006698644339755 0.042761 0.065241 0.520739 0.850145 
1006698663246369 0.041410 0.065075 0.522915 0.848888 
1006698682152932 0.040399 0.064299 0.525657 0.847301 
1006698701059546 0.040496 0.063375 0.528452 0.845625 
1006698719966161 0.041580 0.062798 0.530578 0.844283 
1006698738872776 0.042503 0.062854 0.532038 0.843314 
1006698757779390 0.042314 0.063405 0.533445 0.842393 
1006698776685953 0.041153 0.063313 0.535777 0.840976 
1006698795592567 0.039931 0.062589 0.538612 0.839276 
1006698814499182 0.039751 0.061664 0.540728 0.837992 
1006698833405796 0.040366 0.060270 0.542045 0.837213 
1006698852312411 0.040142 0.059035 0.542935 0.836735 
1006698871219026 0.037473 0.060277 0.542716 0.836912 
1006698890125640 0.032196 0.065183 0.542446 0.836939 
1006698909032255 0.026201 0.073175 0.542086 0.836721 
1006698927938869 0.021721 0.081933 0.542090 0.836034 
1006698946845484 0.020713 0.087870 0.542910 0.834924 
1006698965752098 0.023063 0.088756 0.544297 0.833865 
1006698984658713 0.025826 0.087205 0.545190 0.833364 
1006699003565328 0.027085 0.085824 0.544616 0.833843 
1006699022471942 0.026670 0.084919 0.543228 0.834854 
1006699041378557 0.025551 0.082962 0.542205 0.835750 
1006699060285171 0.024600 0.078334 0.541836 0.836464 
1006699079191786 0.022971 0.071920 0.541657 0.837202 
1006699098098401 0.020254 0.065203 0.541117 0.838171 
1006699117005067 0.017079 0.059356 0.539990 0.839402 
1006699135911682 0.014367 0.055035 0.538398 0.840769 
1006699154818296 0.012457 0.052228 0.536813 0.841991 
1006699173724911 0.011835 0.049264 0.535719 0.842875 
1006699192631578 0.011499 0.046754 0.535254 0.843318 
1006699211538192 0.011237 0.045613 0.534475 0.843878 
1006699230444807 0.011260 0.045529 0.533435 0.844540 
1006699249351421 0.011586 0.045523 0.532102 0.845376 
1006699268258088 0.011733 0.044711 0.530434 0.846465 
1006699287164703 0.011184 0.043299 0.528464 0.847777 
1006699306071317 0.010527 0.041428 0.526086 0.849357 
1006699324977984 0.010899 0.038069 0.522968 0.851432 
1006699343884598 0.011458 0.032360 0.519290 0.853909 
1006699362791213 0.009919 0.025352 0.515414 0.856509 
1006699381697880 0.006094 0.017941 0.511963 0.858798 
1006699400604494 0.001227 0.011576 0.509945 0.860128 
1006699419511161 -0.002050 0.006207 0.509740 0.860304 
1006699438417776 -0.002375 0.001717 0.510631 0.859795 
1006699457324442 -0.000587 -0.001534 0.511171 0.859477 
1006699476231057 0.001176 -0.002914 0.511336 0.859375 
1006699495137723 0.001806 -0.001931 0.511145 0.859490 
1006699514044338 0.003967 -0.001855 0.510274 0.860001 
1006699532951005 0.010277 -0.008919 0.508005 0.861247 
1006699551857619 0.015999 -0.020710 0.503150 0.863803 
1006699570764286 0.016289 -0.031582 0.496052 0.867566 
1006699589670901 0.012677 -0.041466 0.488697 0.871376 
1006699608577567 0.007395 -0.049127 0.482985 0.874218 
1006699627484234 0.003116 -0.053936 0.479483 0.875887 
1006699646390848 0.002180 -0.058131 0.478809 0.875990 
1006699665297515 0.003740 -0.062710 0.479868 0.875089 
1006699684204130 0.005556 -0.067608 0.480795 0.874205 
1006699703110796 0.006456 -0.070587 0.480082 0.874355 
1006699722017463 0.008538 -0.071518 0.477129 0.875877 
1006699740924130 0.013794 -0.073567 0.472032 0.878398 
1006699759830744 0.020017 -0.077191 0.465004 0.881710 
1006699778737411 0.025296 -0.080130 0.460173 0.883844 
1006699797644078 0.028139 -0.079760 0.460103 0.883828 
1006699816550744 0.029577 -0.076686 0.459050 0.884600 
1006699835457359 0.030775 -0.072431 0.459899 0.884477 
1006699854364026 0.032026 -0.069173 0.463726 0.882694 
1006699873270692 0.032848 -0.065935 0.468147 0.880575 
1006699892177359 0.033614 -0.060200 0.472481 0.878640 
1006699911084026 0.035945 -0.053600 0.476008 0.877070 
1006699929990692 0.039560 -0.046830 0.478205 0.876106 
1006699948897359 0.043683 -0.041948 0.479492 0.875454 
1006699967803973 0.047806 -0.039710 0.480670 0.874696 
1006699986710640 0.051931 -0.039090 0.481926 0.873798 
1006700005617307 0.056046 -0.038898 0.483125 0.872889 
1006700024523973 0.058936 -0.037773 0.482997 0.872820 
1006700043430640 0.059243 -0.034251 0.480235 0.874466 
1006700062337307 0.057859 -0.028457 0.476066 0.877043 
1006700081243973 0.056493 -0.023504 0.472665 0.879115 
1006700100150640 0.056189 -0.020632 0.470852 0.880179 
1006700119057307 0.057056 -0.018992 0.470988 0.880087 
1006700137963973 0.058015 -0.017630 0.471934 0.879546 
1006700156870640 0.058334 -0.015161 0.472700 0.879160 
1006700175777307 0.058225 -0.011355 0.472388 0.879392 
1006700194683973 0.058185 -0.007178 0.471435 0.879950 
1006700213590692 0.058568 -0.004478 0.471013 0.880169 
1006700232497359 0.059097 -0.004082 0.471081 0.880099 
1006700251404026 0.058592 -0.005386 0.470783 0.880285 
1006700270310692 0.056377 -0.006567 0.469535 0.881088 
1006700289217359 0.053507 -0.006142 0.467086 0.882570 
1006700308124026 0.051711 -0.004055 0.464742 0.883926 
1006700327030692 0.052144 -0.002081 0.464207 0.884188 
1006700345937411 0.053573 -0.001463 0.465428 0.883462 
1006700364844078 0.053814 -0.001514 0.467044 0.882594 
1006700383750744 0.053016 -0.001210 0.467595 0.882351 
1006700402657411 0.052055 -0.000584 0.466708 0.882878 
1006700421564130 0.050854 -0.000025 0.465532 0.883569 
1006700440470796 0.050191 -0.000343 0.465029 0.883871 
1006700459377463 0.049947 -0.001159 0.465472 0.883651 
1006700478284130 0.049578 -0.002014 0.465969 0.883409 
1006700497190848 0.049078 -0.002874 0.465736 0.883557 
1006700516097515 0.048735 -0.003354 0.463841 0.884571 
1006700535004182 0.048461 -0.002883 0.460881 0.886133 
1006700553910901 0.048652 -0.001987 0.458952 0.887126 
1006700572817567 0.048871 -0.001030 0.459077 0.887051 
1006700591724234 0.048975 -0.000057 0.460946 0.886076 
1006700610630953 0.048476 0.001963 0.463445 0.884797 
1006700629537619 0.046931 0.005173 0.465679 0.883693 
1006700648444286 0.044598 0.007881 0.466916 0.883141 
1006700667351005 0.041800 0.008359 0.467364 0.883037 
1006700686257671 0.039265 0.006867 0.468219 0.882713 
1006700705164390 0.037770 0.006805 0.469475 0.882111 
1006700724071057 0.039120 0.006711 0.470851 0.881319 
1006700742977776 0.040960 0.007009 0.473046 0.880057 
1006700761884442 0.043867 0.004519 0.474527 0.879136 
1006700780791161 0.045633 0.000017 0.477848 0.877256 
1006700799697828 0.045274 -0.003876 0.481307 0.875374 
1006700818604546 0.040902 -0.003549 0.484924 0.873592 
1006700837511213 0.032668 0.002341 0.490049 0.871079 
1006700856417932 0.025070 0.008074 0.496800 0.867465 
1006700875324598 0.021307 0.008360 0.504526 0.863093 
1006700894231317 0.019618 0.004968 0.511507 0.859041 
1006700913137984 0.017275 0.002014 0.516918 0.855858 
1006700932044703 0.015356 -0.000057 0.520768 0.853560 
1006700950951421 0.016650 -0.003266 0.522898 0.852227 
1006700969858088 0.021131 -0.007837 0.522852 0.852125 
1006700988764807 0.025751 -0.010468 0.520668 0.853307 
1006701007671473 0.030963 -0.011627 0.517283 0.855175 
1006701026578192 0.039402 -0.013100 0.513613 0.857017 
1006701045484911 0.049955 -0.013606 0.509845 0.858707 
1006701064391578 0.060315 -0.010838 0.505168 0.860843 
1006701083298296 0.065958 0.000302 0.501215 0.862806 
1006701102205015 0.066300 0.016041 0.500813 0.862864 
1006701121111682 0.064973 0.030039 0.503597 0.860968 
1006701140018401 0.065282 0.038023 0.508292 0.857865 
1006701158925119 0.067044 0.039496 0.513324 0.854660 
1006701177831838 0.069743 0.038228 0.516374 0.852662 
1006701196738505 0.074210 0.034801 0.518346 0.851234 
1006701215645223 0.082675 0.027391 0.520819 0.849212 
1006701234551942 0.093093 0.019440 0.525109 0.845705 
1006701253458661 0.101869 0.015105 0.531441 0.840812 
1006701272365328 0.106891 0.016726 0.535970 0.837275 
1006701291272046 0.108567 0.023530 0.537851 0.835689 
1006701310178765 0.109283 0.032038 0.538846 0.834671 
1006701329085484 0.110401 0.037696 0.539826 0.833654 
1006701347992151 0.109388 0.038992 0.540557 0.833254 
1006701366898869 0.105610 0.037872 0.541278 0.833325 
1006701385805588 0.100313 0.038530 0.543462 0.832527 
1006701404712307 0.095536 0.041540 0.546510 0.830948 
1006701423619026 0.092776 0.043986 0.550300 0.828630 
1006701442525744 0.092033 0.044607 0.555039 0.825513 
1006701461432463 0.090648 0.045015 0.560901 0.821673 
1006701480339130 0.086675 0.046035 0.567610 0.817427 
1006701499245901 0.080660 0.048389 0.573410 0.813851 
1006701518152567 0.073828 0.052245 0.577184 0.811590 
1006701537059286 0.067765 0.055880 0.578928 0.810634 
1006701555966005 0.063626 0.057413 0.580272 0.809901 
1006701574872723 0.061346 0.057167 0.582251 0.808673 
1006701593779442 0.060979 0.055415 0.584580 0.807141 
1006701612686161 0.062253 0.051609 0.586514 0.805892 
1006701631592880 0.062775 0.047690 0.588216 0.804852 
1006701650499598 0.060703 0.046119 0.590568 0.803379 
1006701669406317 0.057193 0.047175 0.594072 0.800988 
1006701688313036 0.055393 0.047868 0.599113 0.797311 
1006701707219755 0.055999 0.047081 0.605221 0.792689 
1006701726126473 0.056420 0.047420 0.611088 0.788124 
1006701745033192 0.054430 0.051029 0.616158 0.784081 
1006701763939911 0.051481 0.056726 0.620116 0.780761 
1006701782846630 0.050903 0.061488 0.623449 0.777778 
1006701801753348 0.053759 0.063167 0.626701 0.774833 
1006701820660067 0.057666 0.062443 0.629932 0.771985 
1006701839566786 0.059699 0.061202 0.632707 0.769658 
1006701858473505 0.058465 0.061098 0.635070 0.767811 
1006701877380223 0.054664 0.062449 0.637212 0.766207 
1006701896286942 0.052668 0.061977 0.639143 0.764776 
1006701915193661 0.054536 0.057814 0.640515 0.763822 
1006701934100432 0.055550 0.051845 0.641336 0.763488 
1006701953007151 0.055061 0.045437 0.641889 0.763467 
1006701971913869 0.054907 0.041181 0.641895 0.763715 
1006701990820588 0.055800 0.040914 0.641156 0.764285 
1006702009727307 0.057299 0.043724 0.640021 0.764970 
1006702028634026 0.058271 0.047754 0.639110 0.765417 
1006702047540744 0.058041 0.052436 0.638834 0.765358 
1006702066447463 0.056774 0.057469 0.639023 0.764934 
1006702085354234 0.055276 0.061566 0.639422 0.764391 
1006702104260953 0.054798 0.062093 0.639613 0.764223 
1006702123167671 0.055631 0.058987 0.639380 0.764604 
1006702142074390 0.056719 0.055794 0.638974 0.765103 
1006702160981109 0.057075 0.055559 0.638569 0.765431 
1006702179887880 0.057003 0.058190 0.638292 0.765473 
1006702198794598 0.057301 0.060796 0.638753 0.764863 
1006702217701317 0.057323 0.062348 0.639391 0.764202 
1006702236608036 0.056795 0.063573 0.640321 0.763362 
1006702255514755 0.056119 0.066708 0.641039 0.762542 
1006702274421526 0.056091 0.070345 0.641590 0.761753 
1006702293328244 0.058343 0.070833 0.639839 0.763010 
1006702312234963 0.060032 0.069284 0.637947 0.764604 
1006702331141734 0.060544 0.067290 0.635646 0.766656 
1006702350048453 0.059875 0.065600 0.633138 0.768927 
1006702368955171 0.059045 0.064792 0.630855 0.770933 
1006702387861890 0.058610 0.064484 0.629284 0.772275 
1006702406768661 0.058480 0.063245 0.628468 0.773051 
1006702425675380 0.058607 0.061341 0.628126 0.773473 
1006702444582098 0.058667 0.060021 0.627410 0.774152 
1006702463488869 0.057749 0.059507 0.626531 0.774973 
1006702482395588 0.056821 0.059529 0.624539 0.776645 
1006702501302307 0.056555 0.059985 0.621212 0.779294 
1006702520209078 0.057148 0.059711 0.618791 0.781196 
1006702539115796 0.058946 0.059219 0.617065 0.782464 
1006702558022515 0.060047 0.060779 0.615991 0.783107 
1006702576929286 0.059113 0.064494 0.615421 0.783328 
1006702595836005 0.057171 0.067807 0.615180 0.783382 
1006702614742776 0.056202 0.068833 0.615111 0.783417 
1006702633649494 0.056660 0.068093 0.615406 0.783216 
1006702652556213 0.057974 0.067072 0.616024 0.782723 
1006702671462984 0.058875 0.067217 0.616829 0.782008 
1006702690369703 0.058406 0.068744 0.617611 0.781294 
1006702709276473 0.057101 0.069707 0.618310 0.780752 
1006702728183192 0.055828 0.070131 0.619224 0.780081 
1006702747089911 0.055446 0.070392 0.620783 0.778845 
1006702765996682 0.056114 0.070290 0.622253 0.777632 
1006702784903401 0.056234 0.070067 0.623165 0.776913 
1006702803810171 0.055947 0.069318 0.623207 0.776967 
1006702822716890 0.055363 0.069018 0.622901 0.777281 
1006702841623661 0.054828 0.070239 0.622494 0.777536 
1006702860530380 0.055539 0.071482 0.622133 0.777661 
1006702879437151 0.056662 0.071951 0.622306 0.777398 
1006702898343869 0.057153 0.072156 0.622873 0.776889 
1006702917250640 0.057392 0.072208 0.623365 0.776472 
1006702936157359 0.058403 0.071820 0.623227 0.776543 
1006702955064130 0.060858 0.069599 0.622147 0.777423 
1006702973970848 0.065633 0.061888 0.620847 0.778724 
1006702992877619 0.071284 0.048710 0.619164 0.780501 
1006703011784338 0.075450 0.035514 0.617269 0.782320 
1006703030691109 0.078214 0.027405 0.615660 0.783641 
1006703049597828 0.080018 0.024974 0.614572 0.784395 
1006703068504598 0.080968 0.024803 0.613951 0.784789 
1006703087411317 0.081209 0.023808 0.613643 0.785036 
1006703106318088 0.081474 0.021688 0.613765 0.784974 
1006703125224807 0.081689 0.019524 0.614435 0.784485 
1006703144131578 0.081772 0.017976 0.615963 0.783313 
1006703163038296 0.081262 0.017837 0.618275 0.781546 
1006703181945067 0.079897 0.019308 0.621019 0.779473 
1006703200851838 0.078317 0.021646 0.624081 0.777123 
1006703219758557 0.076979 0.024033 0.626958 0.774867 
1006703238665328 0.075315 0.025450 0.629122 0.773230 
1006703257572046 0.072888 0.025684 0.630462 0.772363 
1006703276478817 0.070212 0.025257 0.631280 0.771957 
1006703295385588 0.067653 0.024741 0.632026 0.771592 
1006703314292307 0.065205 0.024697 0.633223 0.770822 
1006703333199078 0.063661 0.025422 0.634797 0.769632 
1006703352105848 0.063243 0.026985 0.636221 0.768436 
1006703371012567 0.063273 0.029557 0.637174 0.767549 
1006703389919338 0.062790 0.032872 0.637771 0.766959 
1006703408826057 0.062041 0.035838 0.638029 0.766672 
1006703427732828 0.060852 0.037807 0.638259 0.766481 
1006703446639598 0.059703 0.037899 0.638622 0.766265 
1006703465546317 0.059965 0.035031 0.638935 0.766119 
1006703484453088 0.060424 0.027898 0.640086 0.765416 
1006703503359859 0.061038 0.017527 0.639666 0.766025 
1006703522266578 0.061664 0.006858 0.637458 0.767983 
1006703541173348 0.062740 -0.001735 0.634117 0.770686 
1006703560080119 0.064248 -0.008615 0.630884 0.773165 
1006703578986890 0.063743 -0.015554 0.631171 0.772864 
1006703597893609 0.060082 -0.020379 0.633182 0.771398 
1006703616800380 0.055199 -0.022524 0.636649 0.768846 
1006703635707151 0.051589 -0.023171 0.640211 0.766115 
1006703654613869 0.050103 -0.023642 0.642306 0.764443 
1006703673520640 0.049659 -0.024183 0.642203 0.764542 
1006703692427411 0.049080 -0.024921 0.640029 0.766376 
1006703711334130 0.048413 -0.026004 0.636850 0.769027 
1006703730240901 0.047599 -0.026584 0.634226 0.771223 
1006703749147671 0.046668 -0.026201 0.633035 0.772271 
1006703768054442 0.046149 -0.024870 0.633041 0.772341 
1006703786961213 0.045746 -0.022889 0.633687 0.771897 
1006703805867932 0.045549 -0.020848 0.633952 0.771748 
1006703824774703 0.045125 -0.019099 0.633286 0.772365 
1006703843681473 0.044205 -0.017784 0.632130 0.773396 
1006703862588244 0.043809 -0.017119 0.631048 0.774317 
1006703881494963 0.043758 -0.016549 0.630483 0.774792 
1006703900401734 0.043580 -0.015876 0.630251 0.775005 
1006703919308505 0.043174 -0.015295 0.629878 0.775343 
1006703938215276 0.042739 -0.013970 0.629297 0.775863 
1006703957121994 0.042010 -0.010430 0.628744 0.776407 
1006703976028765 0.040890 -0.004527 0.628308 0.776876 
1006703994935536 0.039664 0.001886 0.627405 0.777680 
1006704013842307 0.039238 0.006524 0.625709 0.779042 
1006704032749078 0.040320 0.009406 0.623496 0.780729 
1006704051655796 0.041805 0.013238 0.621366 0.782292 
1006704070562567 0.042914 0.019119 0.619701 0.783431 
1006704089469338 0.043242 0.026410 0.617948 0.784585 
1006704108376109 0.042834 0.033042 0.615858 0.785998 
1006704127282880 0.042308 0.037654 0.613274 0.787837 
1006704146189598 0.040331 0.040206 0.611155 0.789460 
1006704165096369 0.039453 0.040055 0.608522 0.791543 
1006704184003140 0.039471 0.038284 0.606341 0.793301 
1006704202909911 0.039880 0.036575 0.604681 0.794627 
1006704221816682 0.040482 0.036041 0.603613 0.795433 
1006704240723453 0.041665 0.037470 0.602852 0.795883 
1006704259630223 0.043312 0.040864 0.602183 0.796134 
1006704278536994 0.044589 0.045439 0.601586 0.796267 
1006704297443713 0.045491 0.049890 0.601015 0.796381 
1006704316350484 0.046698 0.052967 0.600419 0.796562 
1006704335257255 0.048506 0.054395 0.599863 0.796777 
1006704354164026 0.050108 0.054755 0.599440 0.796971 
1006704373070796 0.050874 0.054456 0.599420 0.796958 
1006704391977567 0.050489 0.053843 0.599707 0.796808 
1006704410884338 0.049230 0.052821 0.600283 0.796522 
1006704429791057 0.048471 0.050947 0.600931 0.796202 
1006704448697828 0.048097 0.049023 0.601575 0.795858 
1006704467604598 0.047539 0.047525 0.602178 0.795527 
1006704486511369 0.047232 0.045997 0.602282 0.795557 
1006704505418140 0.047173 0.044704 0.601770 0.796021 
1006704524324911 0.046585 0.044350 0.601036 0.796629 
1006704543231682 0.045575 0.044145 0.600374 0.797199 
1006704562138453 0.045216 0.043257 0.599849 0.797663 
1006704581045223 0.046986 0.041594 0.599301 0.798061 
1006704599951994 0.051279 0.040001 0.598223 0.798686 
1006704618858713 0.056655 0.039612 0.596335 0.799753 
1006704637765484 0.061139 0.040646 0.593952 0.801144 
1006704656672255 0.063334 0.042910 0.591430 0.802719 
1006704675579026 0.063277 0.045241 0.589319 0.804147 
1006704694485796 0.062457 0.046140 0.587944 0.805166 
1006704713392567 0.062151 0.045387 0.587176 0.805792 
1006704732299338 0.061444 0.044232 0.586246 0.806588 
1006704751206109 0.058639 0.044207 0.583904 0.808495 
1006704770112880 0.053422 0.046050 0.579495 0.811918 
1006704789019651 0.047781 0.047660 0.574217 0.815917 
1006704807926421 0.045446 0.045832 0.569537 0.819428 
1006704826833192 0.046401 0.041185 0.566870 0.821468 
1006704845739963 0.048183 0.035980 0.566611 0.821788 
1006704864646734 0.049309 0.031623 0.567632 0.821195 
1006704883553505 0.049150 0.029930 0.568710 0.820523 
1006704902460276 0.047388 0.032444 0.569386 0.820061 
1006704921367046 0.045656 0.037578 0.569988 0.819523 
1006704940273817 0.045476 0.041106 0.571355 0.818410 
1006704959180588 0.046016 0.040809 0.574226 0.816383 
1006704978087359 0.045628 0.038559 0.577896 0.813921 
1006704996994130 0.043351 0.037656 0.581592 0.811452 
1006705015900848 0.039510 0.039092 0.584734 0.809319 
1006705034807671 0.035928 0.041915 0.586920 0.807761 
1006705053714390 0.034018 0.045627 0.588569 0.806441 
1006705072621161 0.033740 0.049620 0.589962 0.805198 
1006705091527932 0.034041 0.053019 0.590381 0.804662 
1006705110434703 0.034438 0.054797 0.589440 0.805215 
1006705129341473 0.034935 0.055386 0.587344 0.806684 
1006705148248244 0.035635 0.055946 0.585132 0.808221 
1006705167155015 0.036890 0.057087 0.583526 0.809245 
1006705186061786 0.038321 0.059503 0.582820 0.809513 
1006705204968557 0.039476 0.062862 0.583137 0.808976 
1006705223875328 0.040740 0.065335 0.584044 0.808062 
1006705242782098 0.042154 0.065689 0.584906 0.807337 
1006705261688869 0.043434 0.064169 0.585491 0.806967 
1006705280595640 0.044008 0.062204 0.585882 0.806806 
1006705299502463 0.043379 0.061199 0.586600 0.806396 
1006705318409234 0.042500 0.061203 0.587672 0.805661 
1006705337316005 0.042153 0.061232 0.589109 0.804627 
1006705356222776 0.041824 0.060425 0.590909 0.803384 
1006705375129546 0.041061 0.058582 0.593079 0.801960 
1006705394036317 0.039781 0.055530 0.595387 0.800530 
1006705412943088 0.038134 0.052061 0.597426 0.799323 
1006705431849859 0.036123 0.048980 0.599389 0.798141 
1006705450756630 0.033486 0.046364 0.601472 0.796844 
1006705469663401 0.030824 0.044839 0.603329 0.795634 
1006705488570171 0.030002 0.045110 0.604746 0.794573 
1006705507476942 0.031874 0.046712 0.605920 0.793513 
1006705526383713 0.035063 0.048911 0.607039 0.792390 
1006705545290484 0.037204 0.051633 0.608274 0.791172 
1006705564197255 0.037875 0.054050 0.609730 0.789857 
1006705583104026 0.037937 0.055402 0.611388 0.788477 
1006705602010796 0.038209 0.056201 0.612907 0.787227 
1006705620917567 0.038311 0.057344 0.614341 0.786021 
1006705639824338 0.038095 0.058423 0.615787 0.784820 
1006705658731109 0.037916 0.059011 0.617147 0.783715 
1006705677637880 0.037829 0.059392 0.618448 0.782665 
1006705696544651 0.038020 0.059722 0.619505 0.781793 
1006705715451421 0.038819 0.059714 0.620035 0.781335 
1006705734358192 0.039112 0.059967 0.620177 0.781188 
1006705753264963 0.039112 0.060129 0.620085 0.781249 
1006705772171734 0.039111 0.060217 0.619885 0.781401 
1006705791078557 0.038955 0.060767 0.619484 0.781683 
1006705809985328 0.039471 0.061381 0.618707 0.782225 
1006705828892098 0.040459 0.061427 0.617809 0.782881 
1006705847798869 0.040654 0.060921 0.617006 0.783543 
1006705866705640 0.039758 0.059624 0.616306 0.784239 
1006705885612411 0.038831 0.057082 0.615552 0.785066 
1006705904519182 0.038680 0.053338 0.614859 0.785880 
1006705923425953 0.039173 0.049467 0.614322 0.786528 
1006705942332723 0.040936 0.046309 0.613939 0.786930 
1006705961239494 0.043532 0.044592 0.613614 0.787143 
1006705980146265 0.045128 0.044560 0.613653 0.787024 
1006705999053036 0.046625 0.045123 0.613064 0.787365 
1006706017959807 0.049115 0.045487 0.610827 0.788929 
1006706036866578 0.052018 0.045581 0.607272 0.791478 
1006706055773348 0.053712 0.046138 0.603725 0.794042 
1006706074680119 0.053234 0.047303 0.601536 0.795665 
1006706093586942 0.051553 0.048288 0.601108 0.796040 
1006706112493713 0.049888 0.048613 0.601937 0.795500 
1006706131400484 0.049409 0.048199 0.602481 0.795143 
1006706150307255 0.049311 0.047969 0.601682 0.795767 
1006706169214026 0.047977 0.048174 0.600138 0.797001 
1006706188120796 0.045601 0.048119 0.599121 0.797909 
1006706207027567 0.042895 0.048015 0.598960 0.798186 
1006706225934338 0.040534 0.048398 0.599425 0.797937 
1006706244841109 0.039191 0.048436 0.600391 0.797275 
1006706263747880 0.037954 0.048030 0.601385 0.796611 
1006706282654703 0.036634 0.048063 0.601795 0.796361 
1006706301561473 0.035364 0.049544 0.601654 0.796434 
1006706320468244 0.033918 0.052357 0.601772 0.796228 
1006706339375015 0.032540 0.055348 0.602687 0.795391 
1006706358281786 0.030617 0.058187 0.604308 0.794033 
1006706377188557 0.028443 0.060110 0.606359 0.792406 
1006706396095328 0.027631 0.060526 0.608383 0.790850 
1006706415002098 0.028035 0.060711 0.610129 0.789475 
1006706433908869 0.028251 0.061647 0.611456 0.788367 
1006706452815692 0.027564 0.062767 0.612674 0.787357 
1006706471722463 0.026900 0.063493 0.613717 0.786509 
1006706490629234 0.026777 0.063828 0.614930 0.785538 
1006706509536005 0.026912 0.063734 0.616327 0.784445 
1006706528442776 0.027100 0.063414 0.617726 0.783364 
1006706547349546 0.026537 0.063483 0.619229 0.782190 
1006706566256317 0.024059 0.064031 0.621455 0.780458 
1006706585163088 0.021797 0.062776 0.624617 0.778099 
1006706604069859 0.020681 0.058642 0.628353 0.775440 
1006706622976682 0.020088 0.052536 0.631854 0.773044 
1006706641883453 0.018357 0.046401 0.635287 0.770663 
1006706660790223 0.015916 0.041567 0.638654 0.768206 
1006706679696994 0.013234 0.038934 0.642239 0.765401 
1006706698603765 0.011065 0.037972 0.646317 0.762043 
1006706717510536 0.011159 0.038024 0.650478 0.758491 
1006706736417307 0.013329 0.039074 0.654442 0.754984 
1006706755324130 0.015991 0.040542 0.657848 0.751889 
1006706774230901 0.018324 0.041842 0.660367 0.749553 
1006706793137671 0.019151 0.043100 0.662517 0.747560 
1006706812044442 0.019525 0.043933 0.664581 0.745668 
1006706830951213 0.021193 0.044030 0.666628 0.743787 
1006706849857984 0.023487 0.043677 0.668921 0.741677 
1006706868764755 0.025204 0.043062 0.671489 0.739333 
1006706887671578 0.026266 0.042139 0.674096 0.736973 
1006706906578348 0.027585 0.041120 0.676188 0.735063 
1006706925485119 0.029511 0.040241 0.677614 0.733723 
1006706944391890 0.030308 0.039943 0.679001 0.732423 
1006706963298661 0.029328 0.040268 0.680824 0.730751 
1006706982205432 0.027864 0.041437 0.682884 0.728819 
1006707001112255 0.027103 0.043466 0.684796 0.726932 
1006707020019026 0.026920 0.045816 0.686096 0.725568 
1006707038925796 0.026393 0.047819 0.686887 0.724709 
1006707057832567 0.024608 0.048340 0.687134 0.724503 
1006707076739338 0.022348 0.046982 0.686748 0.725031 
1006707095646109 0.021044 0.044649 0.686024 0.725903 
1006707114552932 0.020787 0.043182 0.685211 0.726766 
1006707133459703 0.021242 0.043497 0.684309 0.727584 
1006707152366473 0.021762 0.045381 0.683503 0.728211 
1006707171273244 0.022135 0.047874 0.682589 0.728897 
1006707190180015 0.022307 0.050141 0.681496 0.729761 
1006707209086786 0.021523 0.052271 0.680363 0.730692 
1006707227993609 0.020122 0.054278 0.678838 0.732003 
1006707246900380 0.020166 0.055394 0.676744 0.733854 
1006707265807151 0.021916 0.055418 0.674846 0.735548 
1006707284713921 0.023182 0.055118 0.674183 0.736140 
1006707303620692 0.023303 0.054539 0.674651 0.735750 
1006707322527515 0.023219 0.053393 0.675447 0.735106 
1006707341434286 0.024102 0.051815 0.675477 0.735164 
1006707360341057 0.025537 0.050267 0.674669 0.735964 
1006707379247828 0.026565 0.048721 0.673722 0.736898 
1006707398154651 0.026830 0.047117 0.673058 0.737600 
1006707417061421 0.026506 0.045401 0.672969 0.737800 
1006707435968192 0.025480 0.043447 0.673765 0.737228 
1006707454874963 0.024485 0.041173 0.674850 0.736398 
1006707473781786 0.023837 0.038745 0.675771 0.735707 
1006707492688557 0.024073 0.035947 0.676205 0.735443 
1006707511595328 0.024389 0.033857 0.675631 0.736058 
1006707530502098 0.023244 0.033824 0.673976 0.737612 
1006707549408869 0.020499 0.035729 0.672372 0.739067 
1006707568315692 0.016932 0.038831 0.671512 0.739781 
1006707587222463 0.015299 0.040949 0.670663 0.740473 
1006707606129234 0.016085 0.041087 0.669146 0.741820 
1006707625036005 0.017113 0.040674 0.666763 0.743962 
1006707643942828 0.017919 0.040769 0.663801 0.746582 
1006707662849598 0.016790 0.041660 0.662792 0.747456 
1006707681756369 0.014272 0.043657 0.662152 0.747960 
1006707700663192 0.012002 0.045658 0.661788 0.748204 
1006707719569963 0.010288 0.047333 0.661863 0.748058 
1006707738476734 0.008682 0.048769 0.662344 0.747560 
1006707757383505 0.008507 0.049364 0.662671 0.747234 
1006707776290328 0.009334 0.049757 0.662499 0.747351 
1006707795197098 0.008865 0.050486 0.663344 0.746557 
1006707814103869 0.007765 0.051187 0.665315 0.744765 
1006707833010640 0.007520 0.051037 0.668424 0.741989 
1006707851917463 0.008265 0.050036 0.672336 0.738507 
1006707870824234 0.009133 0.048109 0.676266 0.735028 
1006707889731005 0.010088 0.045831 0.679300 0.732359 
1006707908637776 0.011759 0.044168 0.681037 0.730821 
1006707927544598 0.013684 0.043049 0.681704 0.730232 
1006707946451369 0.015582 0.041643 0.682203 0.729810 
1006707965358140 0.016376 0.039667 0.683634 0.728562 
1006707984264963 0.015702 0.036697 0.685973 0.726532 
1006708003171734 0.014522 0.032565 0.688576 0.724288 
1006708022078505 0.012803 0.028224 0.690748 0.722431 
1006708040985328 0.011175 0.024185 0.692292 0.721126 
1006708059892098 0.010152 0.020482 0.693292 0.720294 
1006708078798869 0.010436 0.016836 0.693656 0.720034 
1006708097705640 0.011339 0.013932 0.693370 0.720358 
1006708116612463 0.012283 0.012180 0.692678 0.721039 
1006708135519234 0.012493 0.011746 0.691729 0.721953 
1006708154426005 0.010916 0.012839 0.690562 0.723077 
1006708173332828 0.007848 0.014917 0.689422 0.724163 
1006708192239598 0.004798 0.016525 0.688960 0.724595 
1006708211146369 0.003191 0.016908 0.689455 0.724124 
1006708230053140 0.003411 0.016893 0.690662 0.722972 
1006708248959963 0.005622 0.017033 0.692100 0.721578 
1006708267866734 0.009623 0.017661 0.693185 0.720479 
1006708286773505 0.013659 0.019510 0.693963 0.719617 
1006708305680328 0.016514 0.022690 0.694487 0.718958 
1006708324587098 0.017771 0.026300 0.694712 0.718588 
1006708343493869 0.017988 0.028987 0.694562 0.718623 
1006708362400692 0.018022 0.030640 0.694313 0.718795 
1006708381307463 0.017878 0.032395 0.694371 0.718665 
1006708400214234 0.016758 0.034489 0.695187 0.717805 
1006708419121005 0.013745 0.035063 0.696373 0.716691 
1006708438027828 0.010881 0.033370 0.697154 0.716062 
1006708456934598 0.009846 0.031575 0.697383 0.715935 
1006708475841369 0.010220 0.032829 0.697259 0.715994 
1006708494748192 0.010521 0.037205 0.696827 0.716196 
1006708513654963 0.008967 0.041550 0.695982 0.716800 
1006708532561734 0.006723 0.042589 0.695005 0.717711 
1006708551468557 0.005542 0.040458 0.694500 0.718333 
1006708570375328 0.005151 0.037165 0.694414 0.718596 
1006708589282098 0.005623 0.033141 0.694167 0.719029 
1006708608188921 0.005972 0.029506 0.693517 0.719811 
1006708627095692 0.006219 0.028253 0.692777 0.720572 
1006708646002463 0.006736 0.029733 0.692587 0.720690 
1006708664909234 0.006919 0.031310 0.693023 0.720202 
1006708683816057 0.006918 0.030583 0.693765 0.719518 
1006708702722828 0.007286 0.027876 0.694778 0.718647 
1006708721629598 0.007740 0.025379 0.695845 0.717702 
1006708740536421 0.007613 0.024365 0.696659 0.716949 
1006708759443192 0.006691 0.024664 0.696813 0.716797 
1006708778349963 0.005043 0.025411 0.696179 0.717400 
1006708797256786 0.004413 0.025548 0.695076 0.718468 
1006708816163557 0.005547 0.024979 0.694284 0.719246 
1006708835070328 0.006483 0.024593 0.694017 0.719509 
1006708853977151 0.006652 0.024657 0.693925 0.719594 
1006708872883921 0.006623 0.025194 0.693637 0.719853 
1006708891790692 0.007357 0.025240 0.693502 0.719975 
1006708910697515 0.008783 0.025208 0.692794 0.720641 
1006708929604286 0.010812 0.024969 0.691150 0.722199 
1006708948511057 0.012539 0.024061 0.689531 0.723748 
1006708967417880 0.013658 0.022487 0.688837 0.724438 
1006708986324651 0.014905 0.020750 0.688837 0.724466 
1006709005231421 0.015557 0.019660 0.689384 0.723962 
1006709024138244 0.016318 0.019624 0.689414 0.723918 
1006709043045015 0.017989 0.020051 0.688584 0.724656 
1006709061951786 0.019877 0.020685 0.687050 0.726043 
1006709080858609 0.022292 0.021192 0.684927 0.727962 
1006709099765380 0.024373 0.021678 0.682897 0.729786 
1006709118672151 0.025197 0.022492 0.681599 0.730946 
1006709137578973 0.025808 0.023808 0.680624 0.731791 
1006709156485744 0.026261 0.026502 0.679130 0.733069 
1006709175392515 0.026022 0.030809 0.677063 0.734819 
1006709194299338 0.025571 0.035023 0.674956 0.736582 
1006709213206109 0.025605 0.037378 0.673234 0.738040 
1006709232112880 0.026287 0.037686 0.671951 0.739169 
1006709251019703 0.029676 0.033128 0.672034 0.739183 
1006709269926473 0.038034 0.022225 0.672435 0.738844 
1006709288833244 0.044386 0.013200 0.673743 0.737513 
1006709307740067 0.046338 0.010865 0.675441 0.735877 
1006709326646838 0.043706 0.016354 0.677443 0.734094 
1006709345553609 0.039896 0.026735 0.679446 0.732152 
1006709364460432 0.039437 0.035837 0.681456 0.729917 
1006709383367203 0.041053 0.042038 0.683021 0.728031 
1006709402273973 0.042597 0.044600 0.683654 0.727195 
1006709421180796 0.044695 0.040891 0.682724 0.728161 
1006709440087567 0.047245 0.029902 0.680351 0.730750 
1006709458994338 0.048105 0.018356 0.676490 0.734649 
1006709477901161 0.046863 0.014033 0.672221 0.738733 
1006709496807932 0.046451 0.014447 0.668813 0.741837 
1006709515714703 0.046753 0.016091 0.666499 0.743864 
1006709534621526 0.046407 0.019141 0.665039 0.745120 
1006709553528296 0.044855 0.023076 0.664306 0.745756 
1006709572435067 0.042844 0.025141 0.664145 0.745952 
1006709591341890 0.041822 0.024543 0.663386 0.746704 
1006709610248661 0.041149 0.024033 0.661863 0.748108 
1006709629155484 0.040797 0.025042 0.660275 0.749497 
1006709648062255 0.041092 0.026832 0.658948 0.750586 
1006709666969026 0.041916 0.028433 0.657739 0.751542 
1006709685875848 0.043769 0.029320 0.656435 0.752541 
1006709704782619 0.045921 0.029649 0.655262 0.753422 
1006709723689390 0.046675 0.029355 0.654165 0.754340 
1006709742596213 0.045498 0.029257 0.653375 0.755100 
1006709761502984 0.044478 0.029149 0.653293 0.755235 
1006709780409755 0.044592 0.028718 0.653769 0.754833 
1006709799316578 0.045547 0.028022 0.654195 0.754433 
1006709818223348 0.046865 0.027299 0.654380 0.754219 
1006709837130119 0.047747 0.027150 0.654275 0.754259 
1006709856036942 0.048696 0.027161 0.654472 0.754028 
1006709874943713 0.049411 0.026314 0.655244 0.753340 
1006709893850484 0.049371 0.024404 0.656159 0.752611 
1006709912757307 0.048842 0.021826 0.657112 0.751892 
1006709931664078 0.048579 0.019805 0.658138 0.751067 
1006709950570901 0.048924 0.018943 0.659762 0.749641 
1006709969477671 0.049563 0.018602 0.661335 0.748220 
1006709988384442 0.050132 0.017499 0.663000 0.746734 
1006710007291265 0.051608 0.015319 0.664499 0.745348 
1006710026198036 0.053870 0.013875 0.664806 0.744942 
1006710045104807 0.056005 0.013854 0.664384 0.745162 
1006710064011630 0.057841 0.014438 0.663662 0.745654 
1006710082918401 0.059590 0.015560 0.662968 0.746111 
1006710101825223 0.062168 0.016323 0.661869 0.746859 
1006710120731994 0.064136 0.016467 0.659928 0.748405 
1006710139638765 0.063359 0.015342 0.658233 0.749986 
1006710158545588 0.060086 0.012964 0.657710 0.750759 
1006710177452359 0.056047 0.011088 0.657864 0.750967 
1006710196359130 0.053297 0.011077 0.658322 0.750766 
1006710215265953 0.052365 0.013507 0.659389 0.749854 
1006710234172723 0.052447 0.016875 0.660806 0.748532 
1006710253079494 0.052447 0.018883 0.661954 0.747469 
1006710271986317 0.052290 0.019268 0.662387 0.747086 
1006710290893088 0.052453 0.021252 0.662284 0.747113 
1006710309799911 0.053313 0.025416 0.662226 0.746973 
1006710328706682 0.054688 0.030114 0.662349 0.746590 
1006710347613453 0.056736 0.032761 0.661999 0.746636 
1006710366520276 0.057930 0.032955 0.661308 0.747147 
1006710385427046 0.057882 0.032092 0.660722 0.747708 
1006710404333817 0.057156 0.031969 0.660145 0.748277 
1006710423240640 0.056694 0.032591 0.659827 0.748566 
1006710442147411 0.056525 0.033335 0.660073 0.748329 
1006710461054234 0.056843 0.032846 0.660372 0.748064 
1006710479961005 0.056576 0.031112 0.660712 0.747858 
1006710498867776 0.055091 0.029110 0.661241 0.747581 
1006710517774598 0.053244 0.028010 0.661804 0.747259 
1006710536681369 0.052031 0.028192 0.662419 0.746792 
1006710555588140 0.050984 0.029203 0.663895 0.745514 
1006710574494963 0.049219 0.029537 0.665965 0.743771 
1006710593401734 0.046947 0.027421 0.667898 0.742264 
1006710612308505 0.046162 0.022646 0.668817 0.741647 
1006710631215328 0.047612 0.017705 0.669129 0.741408 
1006710650122098 0.049503 0.015483 0.669594 0.740914 
1006710669028921 0.050663 0.015114 0.669741 0.740711 
1006710687935692 0.050214 0.013254 0.671393 0.739279 
1006710706842463 0.050674 0.011700 0.670391 0.740184 
1006710725749286 0.052822 0.011756 0.668744 0.741521 
1006710744656057 0.055863 0.013788 0.667746 0.742162 
1006710763562828 0.058441 0.016052 0.667334 0.742289 
1006710782469651 0.058896 0.017665 0.667445 0.742116 
1006710801376421 0.057876 0.018113 0.667875 0.741798 
1006710820283244 0.056775 0.017992 0.668122 0.741665 
1006710839190015 0.056368 0.018173 0.667904 0.741887 
1006710858096786 0.056659 0.018674 0.667444 0.742267 
1006710877003609 0.057183 0.018824 0.666889 0.742721 
1006710895910380 0.057078 0.018806 0.666459 0.743116 
1006710914817151 0.056344 0.018528 0.666121 0.743482 
1006710933723973 0.055620 0.017623 0.665435 0.744172 
1006710952630744 0.055807 0.016153 0.664026 0.745449 
1006710971537567 0.057023 0.013982 0.661963 0.747234 
1006710990444338 0.057973 0.011933 0.659648 0.749241 
1006711009351109 0.058186 0.010903 0.657573 0.751061 
1006711028257932 0.057837 0.010760 0.656070 0.752404 
1006711047164703 0.057253 0.010524 0.654960 0.753418 
1006711066071473 0.056894 0.009759 0.653904 0.754372 
1006711084978296 0.057318 0.008883 0.652363 0.755684 
1006711103885067 0.058077 0.007392 0.651220 0.756627 
1006711122791890 0.058461 0.006093 0.650026 0.757635 
1006711141698661 0.058276 0.006324 0.648446 0.759001 
1006711160605432 0.057859 0.007390 0.647076 0.760191 
1006711179512255 0.057122 0.008071 0.646231 0.760958 
1006711198419026 0.055959 0.008259 0.645803 0.761406 
1006711217325796 0.054968 0.006806 0.645979 0.761343 
1006711236232619 0.054115 0.005323 0.645272 0.762015 
1006711255139390 0.053187 0.005897 0.643466 0.763602 
1006711274046213 0.051609 0.007357 0.642354 0.764633 
1006711292952984 0.049539 0.008702 0.641883 0.765151 
1006711311859755 0.047646 0.009534 0.641394 0.765671 
1006711330766578 0.046129 0.010167 0.640484 0.766517 
1006711349673348 0.044805 0.010857 0.639284 0.767587 
1006711368580119 0.043565 0.012299 0.637825 0.768849 
1006711387486942 0.042524 0.013616 0.636945 0.769615 
1006711406393713 0.042274 0.013033 0.636567 0.769951 
1006711425300536 0.042861 0.010822 0.635628 0.770729 
1006711444207307 0.043039 0.009404 0.634241 0.771879 
1006711463114078 0.042650 0.010078 0.633563 0.772449 
1006711482020901 0.042406 0.011104 0.634398 0.771762 
1006711500927671 0.042053 0.011790 0.635263 0.771060 
1006711519834494 0.041961 0.012203 0.635687 0.770709 
1006711538741265 0.042494 0.013252 0.635684 0.770665 
1006711557648036 0.042930 0.014726 0.636127 0.770248 
1006711576554859 0.042545 0.015119 0.637304 0.769289 
1006711595461630 0.041669 0.014670 0.638168 0.768628 
1006711614368453 0.040673 0.014620 0.638340 0.768540 
1006711633275223 0.039530 0.014786 0.638704 0.768295 
1006711652181994 0.038505 0.014977 0.639006 0.768091 
1006711671088817 0.037947 0.014435 0.639479 0.767735 
1006711689995588 0.037930 0.013438 0.639558 0.767689 
1006711708902411 0.038027 0.012463 0.639333 0.767888 
1006711727809182 0.037539 0.012080 0.639377 0.767882 
1006711746715953 0.036416 0.012236 0.640035 0.767385 
1006711765622776 0.035445 0.012125 0.641044 0.766590 
1006711784529546 0.035374 0.012267 0.641247 0.766421 
1006711803436369 0.035645 0.013286 0.640691 0.766856 
1006711822343140 0.035194 0.014424 0.640715 0.766836 
1006711841249911 0.034203 0.014633 0.641659 0.766087 
1006711860156734 0.033670 0.014636 0.642142 0.765706 
1006711879063505 0.033419 0.015919 0.641683 0.766076 
1006711897970328 0.032047 0.017290 0.642343 0.765552 
1006711916877098 0.029333 0.016749 0.645094 0.763356 
1006711935783869 0.027241 0.014066 0.647828 0.761169 
1006711954690692 0.027634 0.011335 0.648202 0.760883 
1006711973597463 0.029344 0.011125 0.646893 0.761935 
1006711992504286 0.030600 0.012593 0.645790 0.762798 
1006712011411057 0.030729 0.013883 0.645622 0.762912 
1006712030317828 0.030340 0.011515 0.646652 0.762095 
1006712049224651 0.028374 0.006483 0.647726 0.761317 
1006712068131421 0.025816 0.003533 0.647956 0.761232 
1006712087038244 0.026723 0.000798 0.647769 0.761367 
1006712105945015 0.029858 -0.001009 0.648662 0.760490 
1006712124851838 0.034201 -0.002357 0.650984 0.758317 
1006712143758609 0.038975 -0.003866 0.655286 0.754365 
1006712162665380 0.044483 -0.004408 0.660327 0.749646 
1006712181572203 0.049773 -0.003343 0.664461 0.745657 
1006712200478973 0.052569 -0.000244 0.666359 0.743775 
1006712219385744 0.052612 0.004207 0.666634 0.743514 
1006712238292567 0.050931 0.009045 0.666178 0.743997 
1006712257199338 0.047785 0.014349 0.665702 0.744548 
1006712276106161 0.044877 0.018979 0.665954 0.744399 
1006712295012932 0.043440 0.021885 0.666964 0.743501 
1006712313919703 0.041927 0.023657 0.668363 0.742276 
1006712332826526 0.039400 0.024259 0.669981 0.740935 
1006712351733296 0.036095 0.023868 0.671310 0.739912 
1006712370640119 0.032892 0.023092 0.672079 0.739388 
1006712389546890 0.030487 0.022699 0.672038 0.739541 
1006712408453661 0.028919 0.023124 0.671092 0.740449 
1006712427360484 0.027982 0.023762 0.669792 0.741641 
1006712446267255 0.027294 0.024329 0.668807 0.742537 
1006712465174078 0.025381 0.024849 0.668664 0.742716 
1006712484080848 0.022182 0.024765 0.668899 0.742610 
1006712502987619 0.018921 0.024050 0.668555 0.743033 
1006712521894442 0.016299 0.023128 0.667508 0.744065 
1006712540801213 0.015387 0.022509 0.666008 0.745447 
1006712559708036 0.015970 0.022761 0.664815 0.746490 
1006712578614807 0.016585 0.023502 0.664160 0.747037 
1006712597521630 0.017432 0.023735 0.663582 0.747524 
1006712616428401 0.018959 0.023212 0.662695 0.748289 
1006712635335171 0.020277 0.022666 0.661647 0.749199 
1006712654241994 0.020456 0.022648 0.660912 0.749843 
1006712673148765 0.019836 0.022428 0.660751 0.750008 
1006712692055588 0.019429 0.021422 0.660955 0.749868 
1006712710962359 0.019139 0.020215 0.661266 0.749634 
1006712729869130 0.018398 0.019459 0.661542 0.749430 
1006712748775953 0.017339 0.019002 0.661576 0.749437 
1006712767682723 0.016811 0.018436 0.661338 0.749673 
1006712786589546 0.016746 0.018286 0.661034 0.749946 
1006712805496317 0.016481 0.018860 0.661075 0.749901 
1006712824403140 0.016106 0.019690 0.661381 0.749618 
1006712843309911 0.016312 0.020397 0.661737 0.749281 
1006712862216682 0.017016 0.020841 0.662050 0.748976 
1006712881123505 0.018048 0.020721 0.662376 0.748668 
1006712900030276 0.019301 0.020236 0.662615 0.748438 
1006712918937098 0.020506 0.019789 0.662751 0.748298 
1006712937843869 0.021517 0.019403 0.662586 0.748425 
1006712956750692 0.021535 0.019052 0.662873 0.748180 
1006712975657463 0.021141 0.018108 0.663891 0.747311 
1006712994564234 0.020660 0.016731 0.665183 0.746207 
1006713013471057 0.020756 0.015511 0.665927 0.745567 
1006713032377828 0.020818 0.015081 0.666252 0.745283 
1006713051284651 0.020344 0.015404 0.666376 0.745179 
1006713070191421 0.020013 0.015980 0.665847 0.745649 
1006713089098244 0.020050 0.016468 0.664564 0.746781 
1006713108005015 0.019681 0.017033 0.663213 0.747978 
1006713126911786 0.018671 0.017158 0.662462 0.748666 
1006713145818609 0.017737 0.016259 0.662440 0.748728 
1006713164725380 0.017440 0.014983 0.662677 0.748552 
1006713183632203 0.017517 0.014201 0.662831 0.748430 
1006713202538973 0.017821 0.013930 0.662602 0.748630 
1006713221445796 0.017856 0.014169 0.662161 0.749015 
1006713240352567 0.017135 0.014422 0.662135 0.749050 
1006713259259338 0.015305 0.014035 0.662667 0.748626 
1006713278166161 0.013636 0.012552 0.663382 0.748051 
1006713297072932 0.013390 0.010705 0.663612 0.747881 
1006713315979755 0.014512 0.009576 0.662759 0.748631 
1006713334886526 0.016128 0.009395 0.660908 0.750235 
1006713353793348 0.017425 0.009386 0.658775 0.752080 
1006713372700119 0.018440 0.008902 0.656795 0.753791 
1006713391606890 0.019279 0.008604 0.654997 0.755336 
1006713410513713 0.019591 0.009085 0.653559 0.756567 
1006713429420484 0.019344 0.009956 0.652630 0.757364 
1006713448327307 0.018395 0.010665 0.652542 0.757454 
1006713467234078 0.016968 0.010959 0.653218 0.756901 
1006713486140901 0.015540 0.010762 0.654063 0.756203 
1006713505047671 0.014698 0.010307 0.654283 0.756037 
1006713523954494 0.014750 0.009782 0.653561 0.756666 
1006713542861265 0.015253 0.009358 0.652332 0.757722 
1006713561768036 0.015650 0.009127 0.650819 0.759017 
1006713580674859 0.015806 0.009080 0.649233 0.760371 
1006713599581630 0.015889 0.009070 0.647711 0.761667 
1006713618488453 0.015644 0.008995 0.646443 0.762749 
1006713637395223 0.015042 0.008780 0.645257 0.763767 
1006713656302046 0.015168 0.008175 0.644104 0.764744 
1006713675208817 0.015844 0.008075 0.643102 0.765574 
1006713694115588 0.016479 0.009088 0.642073 0.766412 
1006713713022411 0.017114 0.010581 0.640806 0.767439 
1006713731929182 0.017553 0.011852 0.639491 0.768507 
1006713750836005 0.017206 0.012704 0.638591 0.769249 
1006713769742776 0.017024 0.012985 0.637962 0.769770 
1006713788649598 0.017650 0.012929 0.637714 0.769962 
1006713807556369 0.018150 0.013321 0.638033 0.769680 
1006713826463192 0.018140 0.014175 0.638624 0.769175 
1006713845369963 0.017943 0.014711 0.639436 0.768494 
1006713864276734 0.017250 0.014607 0.640660 0.767492 
1006713883183557 0.016599 0.013718 0.642022 0.766384 
1006713902090328 0.016910 0.012537 0.643080 0.765510 
1006713920997151 0.017589 0.012133 0.643943 0.764775 
1006713939903921 0.017934 0.012623 0.644526 0.764268 
1006713958810744 0.018035 0.013186 0.644827 0.764002 
1006713977717515 0.018522 0.013016 0.644874 0.763954 
1006713996624338 0.019039 0.012620 0.644662 0.764126 
1006714015531109 0.018932 0.012484 0.644754 0.764053 
1006714034437880 0.017544 0.012507 0.645661 0.763320 
1006714053344703 0.015592 0.012292 0.647001 0.762230 
1006714072251473 0.013937 0.012068 0.648285 0.761175 
1006714091158296 0.013100 0.011920 0.649445 0.760202 
1006714110065067 0.012298 0.011957 0.650696 0.759144 
1006714128971890 0.011293 0.011953 0.651935 0.758096 
1006714147878661 0.010791 0.011540 0.652911 0.757270 
1006714166785484 0.010766 0.010722 0.653804 0.756511 
1006714185692255 0.010386 0.010032 0.654793 0.755670 
1006714204599026 0.009563 0.009467 0.655978 0.754660 
1006714223505848 0.009073 0.008466 0.657482 0.753368 
1006714242412619 0.008731 0.007254 0.659102 0.751968 
1006714261319442 0.008642 0.006187 0.660271 0.750952 
1006714280226213 0.009189 0.005525 0.660626 0.750639 
1006714299133036 0.009938 0.005588 0.660153 0.751044 
1006714318039807 0.009874 0.006379 0.659537 0.751580 
1006714336946578 0.008734 0.007138 0.659503 0.751617 
1006714355853401 0.007031 0.007142 0.660388 0.750858 
1006714374760171 0.005593 0.006505 0.661766 0.749661 
1006714393666994 0.004524 0.006443 0.662999 0.748579 
1006714412573765 0.003681 0.007640 0.663828 0.747837 
1006714431480588 0.003941 0.009495 0.664005 0.747658 
1006714450387359 0.005358 0.011573 0.663690 0.747899 
1006714469294182 0.006762 0.013732 0.663436 0.748076 
1006714488200953 0.007899 0.015678 0.663398 0.748061 
1006714507107723 0.008449 0.017176 0.663934 0.747546 
1006714526014546 0.008035 0.018140 0.665053 0.746533 
1006714544921317 0.007511 0.018289 0.666198 0.745513 
1006714563828140 0.007742 0.017716 0.667189 0.744637 
1006714582734911 0.008565 0.016959 0.668218 0.743723 
1006714601641734 0.008796 0.016408 0.669591 0.742496 
1006714620548505 0.007763 0.016026 0.671498 0.740792 
1006714639455276 0.005861 0.016766 0.673669 0.738819 
1006714658362098 0.004310 0.020729 0.675919 0.736672 
1006714677268869 0.003778 0.027994 0.678658 0.733911 
1006714696175692 0.003000 0.035236 0.682774 0.729773 
1006714715082463 0.001373 0.039459 0.687364 0.725239 
1006714733989286 0.000452 0.040665 0.690462 0.722225 
1006714752896057 0.001234 0.041676 0.690177 0.722439 
1006714771802880 0.003149 0.041295 0.688870 0.723701 
1006714790709651 0.004792 0.038734 0.687214 0.725405 
1006714809616421 0.005266 0.035291 0.685800 0.726915 
1006714828523244 0.005049 0.034411 0.685149 0.727572 
1006714847430015 0.005437 0.036868 0.685299 0.727308 
1006714866336838 0.006941 0.040049 0.685850 0.726607 
1006714885243609 0.009284 0.041273 0.686071 0.726304 
1006714904150432 0.011173 0.040109 0.685637 0.726752 
1006714923057203 0.011620 0.037801 0.684905 0.727558 
1006714941963973 0.010779 0.036012 0.684548 0.727998 
1006714960870796 0.009871 0.035195 0.684726 0.727884 
1006714979777567 0.009598 0.034738 0.685057 0.727597 
1006714998684390 0.009785 0.033832 0.685014 0.727678 
1006715017591161 0.009596 0.032380 0.684411 0.728314 
1006715036497984 0.008839 0.031203 0.683500 0.729230 
1006715055404755 0.008265 0.030728 0.682621 0.730079 
1006715074311526 0.007866 0.030796 0.681794 0.730853 
1006715093218348 0.007519 0.030641 0.680693 0.731889 
1006715112125119 0.006856 0.030377 0.679614 0.732909 
1006715131031942 0.006269 0.030204 0.678959 0.733528 
1006715149938713 0.006248 0.029948 0.678745 0.733737 
1006715168845536 0.007008 0.029339 0.678598 0.733890 
1006715187752307 0.007762 0.028841 0.678029 0.734428 
1006715206659130 0.008376 0.028760 0.676917 0.735449 
1006715225565901 0.009382 0.028962 0.675309 0.736906 
1006715244472671 0.011046 0.028924 0.673561 0.738483 
1006715263379494 0.012219 0.028895 0.672141 0.739758 
1006715282286265 0.012081 0.029087 0.671392 0.740433 
1006715301193088 0.011326 0.028783 0.671309 0.740532 
1006715320099859 0.011280 0.027605 0.671284 0.740600 
1006715339006682 0.012024 0.026138 0.670827 0.741056 
1006715357913453 0.012386 0.025127 0.669992 0.741839 
1006715376820276 0.012165 0.024857 0.668955 0.742788 
1006715395727046 0.012179 0.025057 0.667900 0.743730 
1006715414633817 0.012276 0.025262 0.666950 0.744573 
1006715433540640 0.011866 0.024962 0.666088 0.745361 
1006715452447411 0.010931 0.024193 0.665025 0.746349 
1006715471354234 0.009362 0.023599 0.663754 0.747520 
1006715490261005 0.007813 0.022943 0.662244 0.748897 
1006715509167828 0.006836 0.022299 0.660408 0.750545 
1006715528074598 0.005826 0.022888 0.658551 0.752166 
1006715546981421 0.005384 0.024647 0.656524 0.753883 
1006715565888192 0.005412 0.026216 0.654525 0.755567 
1006715584795015 0.005317 0.026916 0.652611 0.757196 
1006715603701786 0.005115 0.027027 0.650904 0.758661 
1006715622608609 0.004838 0.027130 0.649826 0.759583 
1006715641515380 0.004329 0.027583 0.649535 0.759819 
1006715660422203 0.004208 0.027917 0.649855 0.759534 
1006715679328973 0.004625 0.027875 0.650461 0.759014 
1006715698235796 0.004795 0.027689 0.651214 0.758373 
1006715717142567 0.004444 0.027288 0.652046 0.757675 
1006715736049390 0.004087 0.026468 0.653085 0.756811 
1006715754956161 0.004152 0.025541 0.654130 0.755939 
1006715773862984 0.004712 0.025188 0.654819 0.755351 
1006715792769755 0.005202 0.025525 0.655177 0.755026 
1006715811676578 0.005106 0.025860 0.655506 0.754730 
1006715830583348 0.004343 0.025556 0.655987 0.754327 
1006715849490171 0.003305 0.024704 0.656138 0.754230 
1006715868396994 0.002593 0.023712 0.655885 0.754484 
1006715887303765 0.002328 0.023248 0.655749 0.754618 
1006715906210588 0.001911 0.023712 0.655866 0.754502 
1006715925117359 0.001099 0.024468 0.656097 0.754279 
1006715944024182 0.000187 0.024830 0.656135 0.754235 
1006715962930953 -0.000498 0.025002 0.655656 0.754646 
1006715981837776 -0.000008 0.024872 0.654899 0.755307 
1006716000744546 0.001292 0.024647 0.654477 0.755679 
1006716019651369 0.002548 0.024958 0.654329 0.755794 
1006716038558140 0.002611 0.025670 0.654689 0.755458 
1006716057464963 0.001455 0.025760 0.655742 0.754544 
1006716076371786 0.001143 0.024746 0.657254 0.753262 
1006716095278557 0.002152 0.023523 0.659150 0.751640 
1006716114185380 0.003217 0.023241 0.660773 0.750219 
1006716133092151 0.003508 0.023736 0.661901 0.749207 
1006716151998973 0.002993 0.024057 0.663011 0.748217 
1006716170905744 0.003173 0.023752 0.664111 0.747250 
1006716189812567 0.004279 0.023647 0.665087 0.746379 
1006716208719390 0.005988 0.023525 0.665659 0.745861 
1006716227626161 0.007217 0.023053 0.666090 0.745480 
1006716246532984 0.007538 0.022624 0.666447 0.745171 
1006716265439755 0.008047 0.022385 0.666384 0.745230 
1006716284346578 0.009239 0.022347 0.665871 0.745675 
1006716303253401 0.010338 0.022688 0.664942 0.746479 
1006716322160171 0.011611 0.022857 0.663420 0.747808 
1006716341066994 0.012950 0.022836 0.661656 0.749347 
1006716359973765 0.013150 0.022995 0.660503 0.750356 
1006716378880588 0.012110 0.023188 0.660118 0.750706 
1006716397787411 0.011141 0.022903 0.660152 0.750700 
1006716416694182 0.010735 0.021945 0.660563 0.750373 
1006716435601005 0.010752 0.020306 0.661124 0.749925 
1006716454507828 0.010635 0.018577 0.661567 0.749580 
1006716473414598 0.010540 0.017028 0.661545 0.749638 
1006716492321421 0.011154 0.014823 0.661659 0.749575 
1006716511228192 0.012065 0.008304 0.663342 0.748173 
1006716530135015 0.014344 -0.000356 0.661095 0.750165 
1006716549041838 0.017063 -0.007617 0.657913 0.752862 
1006716567948609 0.020752 -0.009473 0.654603 0.755628 
1006716586855432 0.024504 -0.005607 0.651847 0.757934 
1006716605762255 0.027036 0.000043 0.650267 0.759224 
1006716624669026 0.028028 0.003808 0.650112 0.759312 
1006716643575848 0.028875 0.004335 0.650927 0.758579 
1006716662482671 0.029880 0.003297 0.651861 0.757743 
1006716681389442 0.030635 0.002540 0.652102 0.757508 
1006716700296265 0.030844 0.002387 0.651679 0.757864 
1006716719203088 0.030949 0.002376 0.651362 0.758132 
1006716738109859 0.031268 0.002186 0.651788 0.757753 
1006716757016682 0.031900 0.001337 0.653073 0.756622 
1006716775923505 0.033194 -0.000071 0.654696 0.755163 
1006716794830276 0.034506 -0.000955 0.655876 0.754079 
1006716813737098 0.035171 -0.001010 0.656115 0.753840 
1006716832643921 0.035190 -0.000563 0.655455 0.754414 
1006716851550692 0.034713 0.000296 0.654471 0.755290 
1006716870457515 0.034604 0.001399 0.653820 0.755857 
1006716889364286 0.035347 0.002642 0.653697 0.755926 
1006716908271109 0.036349 0.004350 0.653728 0.755844 
1006716927177932 0.036765 0.006815 0.653486 0.756014 
1006716946084755 0.036421 0.009079 0.653017 0.756412 
1006716964991526 0.035613 0.010036 0.652560 0.756833 
1006716983898348 0.035037 0.009831 0.652526 0.756892 
1006717002805171 0.035215 0.009308 0.652864 0.756599 
1006717021711942 0.035359 0.009695 0.652993 0.756476 
1006717040618765 0.034477 0.011166 0.653455 0.756097 
1006717059525588 0.033045 0.012931 0.654414 0.755303 
1006717078432359 0.032086 0.014519 0.655598 0.754288 
1006717097339182 0.032727 0.016003 0.656415 0.753520 
1006717116246005 0.034091 0.017779 0.656947 0.752956 
1006717135152828 0.034655 0.020208 0.657344 0.752522 
1006717154059598 0.034563 0.022669 0.657744 0.752107 
1006717172966421 0.033710 0.024577 0.658092 0.751781 
1006717191873244 0.032562 0.025680 0.658103 0.751785 
1006717210780015 0.031837 0.025731 0.657733 0.752138 
1006717229686838 0.031351 0.025041 0.657198 0.752649 
1006717248593661 0.030736 0.024438 0.657001 0.752867 
1006717267500432 0.030523 0.024609 0.657170 0.752722 
1006717286407255 0.029884 0.025730 0.657953 0.752026 
1006717305314078 0.028971 0.026636 0.658875 0.751222 
1006717324220901 0.028636 0.026761 0.659271 0.750883 
1006717343127671 0.028757 0.026718 0.659441 0.750731 
1006717362034494 0.029437 0.026472 0.659814 0.750385 
1006717380941317 0.030284 0.025929 0.660634 0.749649 
1006717399848140 0.031342 0.025323 0.661360 0.748985 
1006717418754911 0.032270 0.024726 0.662194 0.748228 
1006717437661734 0.032785 0.024118 0.663090 0.747432 
1006717456568557 0.032745 0.023505 0.664023 0.746625 
1006717475475328 0.033069 0.022707 0.664828 0.745919 
1006717494382151 0.034553 0.022041 0.665397 0.745364 
1006717513288973 0.036260 0.022441 0.665779 0.744929 
1006717532195796 0.037250 0.023862 0.665537 0.745052 
1006717551102567 0.037729 0.025185 0.664581 0.745838 
1006717570009390 0.038131 0.025942 0.663157 0.747059 
1006717588916213 0.038375 0.027295 0.660486 0.749360 
1006717607823036 0.040747 0.026505 0.660458 0.749288 
1006717626729859 0.042887 0.026199 0.662129 0.747703 
1006717645636630 0.043872 0.026731 0.664750 0.745297 
1006717664543453 0.043175 0.028361 0.667639 0.742691 
1006717683450276 0.042012 0.030031 0.669903 0.740650 
1006717702357098 0.041328 0.030648 0.670977 0.739691 
1006717721263921 0.040975 0.030505 0.671334 0.739393 
1006717740170692 0.040554 0.029970 0.671679 0.739124 
1006717759077515 0.039681 0.029628 0.672389 0.738540 
1006717777984338 0.038775 0.029506 0.673216 0.737839 
1006717796891161 0.037295 0.029725 0.673614 0.737543 
1006717815797984 0.035159 0.030560 0.673413 0.737798 
1006717834704755 0.033862 0.031573 0.672808 0.738367 
1006717853611578 0.034188 0.032644 0.672038 0.739006 
1006717872518401 0.034991 0.033874 0.672107 0.738851 
1006717891425223 0.033604 0.036048 0.672517 0.738439 
1006717910332046 0.030990 0.038453 0.672221 0.738701 
1006717929238869 0.028676 0.040579 0.671475 0.739360 
1006717948145640 0.027075 0.042299 0.670164 0.740512 
1006717967052463 0.026949 0.042553 0.668569 0.741942 
1006717985959286 0.026829 0.042163 0.666714 0.743636 
1006718004866109 0.025704 0.042326 0.664857 0.745327 
1006718023772932 0.025232 0.043117 0.663252 0.746727 
1006718042679755 0.025525 0.045021 0.662053 0.747668 
1006718061586526 0.025311 0.048588 0.661386 0.748043 
1006718080493348 0.023357 0.051692 0.660091 0.749041 
1006718099400171 0.018679 0.054087 0.658719 0.750210 
1006718118306994 0.015421 0.055023 0.656942 0.751772 
1006718137213817 0.015614 0.055709 0.654468 0.753873 
1006718156120640 0.017924 0.057462 0.652128 0.755715 
1006718175027411 0.019962 0.059750 0.650793 0.756637 
1006718193934234 0.022113 0.061799 0.650062 0.757041 
1006718212841057 0.024883 0.063745 0.649761 0.757052 
1006718231747880 0.026952 0.065018 0.649896 0.756758 
1006718250654703 0.028308 0.066293 0.649992 0.756515 
1006718269561526 0.030749 0.068577 0.649540 0.756604 
1006718288468348 0.033733 0.071953 0.648627 0.756946 
1006718307375171 0.035555 0.074593 0.648360 0.756836 
1006718326281994 0.035946 0.074849 0.648797 0.756418 
1006718345188765 0.036053 0.073500 0.649165 0.756229 
1006718364095588 0.036173 0.071899 0.649358 0.756211 
1006718383002411 0.035850 0.070919 0.649554 0.756152 
1006718401909234 0.035659 0.069918 0.649816 0.756028 
1006718420816057 0.036203 0.068782 0.649745 0.756168 
1006718439722880 0.036260 0.067738 0.649548 0.756428 
1006718458629703 0.034583 0.066561 0.649519 0.756636 
1006718477536526 0.032560 0.065438 0.649067 0.757212 
1006718496443348 0.031205 0.064837 0.647997 0.758237 
1006718515350171 0.030087 0.064436 0.647045 0.759128 
1006718534256942 0.029930 0.063850 0.646848 0.759352 
1006718553163765 0.030635 0.063515 0.646997 0.759224 
1006718572070588 0.031006 0.063017 0.647008 0.759241 
1006718590977411 0.030999 0.062124 0.646793 0.759499 
1006718609884234 0.030558 0.062325 0.646743 0.759543 
1006718628791057 0.030605 0.063776 0.646734 0.759429 
1006718647697880 0.031058 0.064862 0.647092 0.759013 
1006718666604703 0.031399 0.064387 0.648031 0.758238 
1006718685511526 0.031629 0.062703 0.648850 0.757669 
1006718704418348 0.031464 0.061449 0.649650 0.757092 
1006718723325171 0.031433 0.061036 0.650848 0.756097 
1006718742231994 0.031938 0.061230 0.652217 0.754880 
1006718761138817 0.032577 0.061232 0.653571 0.753681 
1006718780045640 0.033115 0.059900 0.654863 0.752642 
1006718798952411 0.033544 0.057535 0.656086 0.751742 
1006718817859234 0.033879 0.055617 0.657139 0.750951 
1006718836766057 0.034109 0.054782 0.658132 0.750132 
1006718855672880 0.034064 0.054588 0.659005 0.749381 
1006718874579703 0.034266 0.053426 0.660070 0.748518 
1006718893486526 0.034458 0.051086 0.660956 0.747891 
1006718912393348 0.033601 0.049642 0.661561 0.747491 
1006718931300171 0.032607 0.049801 0.661917 0.747210 
1006718950206994 0.032036 0.050698 0.662185 0.746937 
1006718969113817 0.031910 0.050297 0.662386 0.746791 
1006718988020640 0.032155 0.048115 0.662374 0.746935 
1006719006927463 0.032018 0.045426 0.661813 0.747606 
1006719025834286 0.031007 0.043135 0.661576 0.747994 
1006719044741109 0.029453 0.043619 0.660197 0.749246 
1006719063647932 0.026196 0.046062 0.661319 0.748231 
1006719082554755 0.022786 0.049353 0.661906 0.747613 
1006719101461578 0.021412 0.050443 0.662104 0.747406 
1006719120368401 0.022695 0.048419 0.661667 0.747889 
1006719139275223 0.023775 0.046441 0.661083 0.748497 
1006719158182046 0.024059 0.045574 0.661161 0.748472 
1006719177088869 0.024514 0.045805 0.661236 0.748377 
1006719195995692 0.026405 0.045899 0.661234 0.748308 
1006719214902515 0.030069 0.044114 0.661387 0.748143 
1006719233809338 0.034140 0.041914 0.661147 0.748306 
1006719252716161 0.037043 0.040986 0.661013 0.748338 
1006719271622984 0.037772 0.041988 0.661233 0.748051 
1006719290529807 0.036267 0.042143 0.662021 0.747420 
1006719309436630 0.033516 0.038914 0.662462 0.747333 
1006719328343453 0.028877 0.033201 0.663436 0.746938 
1006719347250276 0.024375 0.028108 0.661743 0.748807 
1006719366157098 0.022946 0.024366 0.659388 0.751058 
1006719385063921 0.024690 0.024830 0.656593 0.753432 
1006719403970744 0.030237 0.027992 0.653389 0.755900 
1006719422877567 0.037848 0.031351 0.650436 0.757970 
1006719441784390 0.043407 0.034236 0.648190 0.759469 
1006719460691213 0.044143 0.037459 0.647522 0.759845 
1006719479598036 0.040891 0.041437 0.648763 0.758760 
1006719498504859 0.036313 0.046046 0.651241 0.756602 
1006719517411682 0.032760 0.050319 0.654607 0.753581 
1006719536318505 0.031216 0.053454 0.658959 0.749628 
1006719555225328 0.031418 0.056254 0.664092 0.744869 
1006719574132151 0.033684 0.058295 0.669239 0.739991 
1006719593038973 0.037915 0.058852 0.674006 0.735401 
1006719611945796 0.042804 0.058612 0.678388 0.731110 
1006719630852619 0.047360 0.057912 0.682330 0.727207 
1006719649759442 0.050735 0.058326 0.685768 0.723703 
1006719668666265 0.053099 0.060433 0.688602 0.720664 
1006719687573140 0.055082 0.062866 0.690480 0.718506 
1006719706479963 0.056756 0.063553 0.691378 0.717451 
1006719725386786 0.057383 0.061647 0.691406 0.717541 
1006719744293609 0.056416 0.057754 0.691159 0.718178 
1006719763200432 0.054572 0.053740 0.691007 0.718779 
1006719782107255 0.053785 0.050197 0.690779 0.719314 
1006719801014078 0.055251 0.047283 0.690109 0.720042 
1006719819920901 0.058669 0.044744 0.688749 0.721236 
1006719838827723 0.062825 0.042221 0.687056 0.722651 
1006719857734546 0.065325 0.040810 0.686162 0.723359 
1006719876641369 0.064790 0.041588 0.686251 0.723279 
1006719895548192 0.062921 0.043308 0.686747 0.722872 
1006719914455015 0.060825 0.045085 0.687380 0.722341 
1006719933361890 0.058672 0.046332 0.688008 0.721842 
1006719952268713 0.056217 0.046845 0.688508 0.721527 
1006719971175536 0.053269 0.046877 0.689245 0.721046 
1006719990082359 0.050946 0.046612 0.690501 0.720028 
1006720008989182 0.049963 0.046760 0.692065 0.718585 
1006720027896005 0.050036 0.047645 0.693631 0.717010 
1006720046802828 0.050462 0.048820 0.695068 0.715508 
1006720065709651 0.050812 0.049541 0.696123 0.714407 
1006720084616473 0.051102 0.049412 0.696786 0.713748 
1006720103523296 0.051586 0.048637 0.697021 0.713537 
1006720122430171 0.052079 0.047777 0.696859 0.713718 
1006720141336994 0.051602 0.047430 0.696409 0.714214 
1006720160243817 0.049627 0.047695 0.695652 0.715074 
1006720179150640 0.046637 0.048343 0.694801 0.716058 
1006720198057463 0.043548 0.049069 0.693805 0.717169 
1006720216964286 0.040949 0.049367 0.692212 0.718839 
1006720235871109 0.038993 0.048860 0.690011 0.721094 
1006720254777984 0.037355 0.047557 0.687547 0.723617 
1006720273684807 0.036140 0.045817 0.685179 0.726034 
1006720292591630 0.035427 0.044544 0.683177 0.728032 
1006720311498453 0.034718 0.044780 0.681644 0.729486 
1006720330405276 0.034175 0.045998 0.680336 0.730657 
1006720349312098 0.034452 0.047108 0.678737 0.732059 
1006720368218921 0.035276 0.047503 0.676871 0.733720 
1006720387125796 0.035748 0.046708 0.674897 0.735564 
1006720406032619 0.035162 0.044979 0.673287 0.737174 
1006720424939442 0.032941 0.043878 0.672531 0.738032 
1006720443846265 0.029918 0.043609 0.672597 0.738117 
1006720462753088 0.027459 0.043732 0.672854 0.737970 
1006720481659911 0.026529 0.043761 0.672874 0.737985 
1006720500566786 0.027093 0.043155 0.672481 0.738358 
1006720519473609 0.027998 0.042313 0.671826 0.738969 
1006720538380432 0.028662 0.041496 0.670887 0.739843 
1006720557287255 0.029014 0.040555 0.669783 0.740881 
1006720576194078 0.029147 0.039064 0.668559 0.742060 
1006720595100901 0.029237 0.037135 0.667274 0.743311 
1006720614007776 0.028951 0.035296 0.666628 0.743991 
1006720632914598 0.028803 0.033839 0.666203 0.744446 
1006720651821421 0.028816 0.032869 0.665979 0.744688 
1006720670728244 0.028936 0.031939 0.666412 0.744337 
1006720689635067 0.029908 0.030732 0.667024 0.743801 
1006720708541942 0.031337 0.030209 0.667171 0.743632 
1006720727448765 0.031934 0.031006 0.667096 0.743641 
1006720746355588 0.030683 0.032785 0.667450 0.743299 
1006720765262411 0.028333 0.034138 0.668670 0.742235 
1006720784169286 0.026158 0.034768 0.670107 0.740989 
1006720803076109 0.024913 0.035229 0.671213 0.740008 
1006720821982932 0.024580 0.035675 0.671764 0.739497 
1006720840889755 0.024152 0.036603 0.671167 0.740008 
1006720859796578 0.022194 0.037464 0.670686 0.740462 
1006720878703453 0.018941 0.037645 0.670804 0.740437 
1006720897610276 0.015662 0.037031 0.671268 0.740123 
1006720916517098 0.012786 0.036479 0.671335 0.740145 
1006720935423921 0.009961 0.035750 0.671699 0.739894 
1006720954330796 0.007229 0.034409 0.672161 0.739570 
1006720973237619 0.005226 0.032428 0.672456 0.739408 
1006720992144442 0.005475 0.029680 0.672225 0.739732 
1006721011051265 0.007529 0.027238 0.671590 0.740384 
1006721029958140 0.009754 0.026077 0.670757 0.741154 
1006721048864963 0.011241 0.025754 0.669901 0.741919 
1006721067771786 0.012318 0.025478 0.669041 0.742687 
1006721086678609 0.013914 0.024862 0.668272 0.743371 
1006721105585484 0.016099 0.024348 0.667872 0.743703 
1006721124492307 0.018349 0.024388 0.668050 0.743490 
1006721143399130 0.019984 0.024863 0.668906 0.742662 
1006721162305953 0.021840 0.024571 0.670002 0.741631 
1006721181212828 0.024619 0.023706 0.670995 0.740674 
1006721200119651 0.027966 0.023009 0.672277 0.739413 
1006721219026473 0.030936 0.023065 0.673847 0.737863 
1006721237933348 0.033046 0.023816 0.675267 0.736448 
1006721256840171 0.034700 0.024750 0.676311 0.735382 
1006721275746994 0.036732 0.024922 0.676823 0.734807 
1006721294653817 0.039240 0.024011 0.676772 0.734754 
1006721313560692 0.041319 0.022701 0.676534 0.734901 
1006721332467515 0.042262 0.021331 0.676542 0.734881 
1006721351374338 0.041641 0.019678 0.677048 0.734497 
1006721370281213 0.039461 0.017845 0.678065 0.733724 
1006721389188036 0.036540 0.016227 0.679372 0.732704 
1006721408094859 0.034014 0.014937 0.680594 0.731719 
1006721427001734 0.032323 0.013984 0.681427 0.731038 
1006721445908557 0.031086 0.013424 0.681718 0.730831 
1006721464815380 0.030214 0.012702 0.681383 0.731193 
1006721483722255 0.030002 0.010942 0.680201 0.732329 
1006721502629078 0.030660 0.007788 0.678046 0.734339 
1006721521535901 0.031541 0.004291 0.675131 0.737011 
1006721540442776 0.032003 0.001855 0.671883 0.739963 
1006721559349598 0.031720 0.001280 0.668796 0.742768 
1006721578256421 0.031324 0.001967 0.666157 0.745151 
1006721597163296 0.031735 0.002841 0.663778 0.747251 
1006721616070119 0.032217 0.004656 0.661889 0.748894 
1006721634976942 0.032289 0.007721 0.660831 0.749800 
1006721653883817 0.031654 0.011916 0.660559 0.750012 
1006721672790640 0.030903 0.016214 0.660894 0.749667 
1006721691697463 0.030605 0.019732 0.661695 0.748888 
1006721710604338 0.030423 0.022684 0.662906 0.747741 
1006721729511161 0.030916 0.024531 0.664307 0.746417 
1006721748417984 0.031907 0.025168 0.665631 0.745174 
1006721767324859 0.032401 0.025384 0.666977 0.743940 
1006721786231682 0.032522 0.025292 0.668492 0.742577 
1006721805138557 0.032866 0.024653 0.669948 0.741271 
1006721824045380 0.033643 0.023204 0.671117 0.740224 
1006721842952203 0.034496 0.021162 0.671911 0.739526 
1006721861859078 0.034986 0.019047 0.672389 0.739125 
1006721880765901 0.034924 0.017225 0.672649 0.738937 
1006721899672776 0.034575 0.015066 0.673101 0.738589 
1006721918579598 0.034683 0.012205 0.672967 0.738758 
1006721937486421 0.035113 0.009146 0.672024 0.739640 
1006721956393296 0.035133 0.006682 0.670835 0.740744 
1006721975300119 0.034595 0.005134 0.669585 0.741912 
1006721994206942 0.033959 0.004385 0.668147 0.743241 
1006722013113817 0.033830 0.003837 0.666532 0.744699 
1006722032020640 0.033706 0.003868 0.664717 0.746325 
1006722050927515 0.032983 0.004739 0.663083 0.747804 
1006722069834338 0.032462 0.005321 0.661516 0.749209 
1006722088741213 0.032822 0.004809 0.659632 0.750856 
1006722107648036 0.033396 0.003483 0.657609 0.752611 
1006722126554859 0.033679 0.002173 0.654903 0.754959 
1006722145461734 0.033325 0.001118 0.652013 0.757474 
1006722164368557 0.032465 0.000590 0.649260 0.759873 
1006722183275380 0.031749 0.000892 0.646673 0.762105 
1006722202182255 0.032015 0.001960 0.644248 0.764143 
1006722221089078 0.033321 0.003562 0.641848 0.766099 
1006722239995953 0.034982 0.005580 0.639320 0.768124 
1006722258902776 0.036462 0.007441 0.636807 0.770124 
1006722277809651 0.037067 0.009167 0.634708 0.771808 
1006722296716473 0.036697 0.010912 0.633299 0.772960 
1006722315623348 0.035878 0.012404 0.632450 0.773671 
1006722334530171 0.035341 0.012763 0.632069 0.774001 
1006722353436994 0.035127 0.012187 0.631432 0.774539 
1006722372343869 0.034718 0.011639 0.630591 0.775251 
1006722391250692 0.033841 0.011605 0.630117 0.775675 
1006722410157567 0.032838 0.011853 0.630187 0.775658 
1006722429064390 0.032090 0.012255 0.630195 0.775676 
1006722447971265 0.031368 0.012477 0.630493 0.775460 
1006722466878088 0.030812 0.011927 0.630979 0.775096 
1006722485784911 0.030207 0.011355 0.631074 0.775051 
1006722504691786 0.028987 0.011576 0.631244 0.774956 
1006722523598609 0.027783 0.012203 0.631815 0.774525 
1006722542505484 0.027204 0.012750 0.632651 0.773854 
1006722561412307 0.027469 0.013092 0.633191 0.773397 
1006722580319182 0.027966 0.013211 0.633524 0.773105 
1006722599226005 0.027939 0.012985 0.633956 0.772755 
1006722618132880 0.027183 0.012639 0.634526 0.772320 
1006722637039703 0.025762 0.012424 0.635566 0.771517 
1006722655946578 0.024053 0.012643 0.636697 0.770635 
1006722674853401 0.022575 0.013235 0.637873 0.769697 
1006722693760223 0.022007 0.014195 0.638561 0.769126 
1006722712667098 0.022527 0.015467 0.638693 0.768976 
1006722731573973 0.023954 0.016622 0.638572 0.769009 
1006722750480796 0.025740 0.017657 0.637951 0.769444 
1006722769387619 0.026617 0.018654 0.637648 0.769642 
1006722788294494 0.026472 0.019133 0.638187 0.769188 
1006722807201317 0.026101 0.019113 0.638847 0.768653 
1006722826108192 0.026171 0.018617 0.639323 0.768267 
1006722845015015 0.026740 0.017917 0.639649 0.767993 
1006722863921890 0.027651 0.016781 0.640022 0.767675 
1006722882828713 0.028543 0.015376 0.640306 0.767436 
1006722901735588 0.028815 0.014739 0.640499 0.767277 
1006722920642411 0.028431 0.015492 0.641019 0.766842 
1006722939549286 0.027967 0.017990 0.641567 0.766346 
1006722958456109 0.028111 0.021413 0.642479 0.765488 
1006722977362984 0.028556 0.025179 0.643529 0.764474 
1006722996269807 0.028459 0.029484 0.644319 0.763658 
1006723015176682 0.027164 0.034557 0.645355 0.762617 
1006723034083505 0.024887 0.039631 0.647283 0.760812 
1006723052990380 0.022177 0.043232 0.650010 0.758371 
1006723071897203 0.019957 0.043656 0.652816 0.755994 
1006723090804078 0.017746 0.041600 0.655084 0.754202 
1006723109710901 0.014698 0.038546 0.657454 0.752364 
1006723128617776 0.011822 0.035618 0.659466 0.750797 
1006723147524598 0.009653 0.034343 0.660752 0.749756 
1006723166431473 0.008844 0.034899 0.661617 0.748977 
1006723185338296 0.009854 0.036750 0.661839 0.748680 
1006723204245171 0.011552 0.038322 0.662571 0.747929 
1006723223152046 0.013109 0.039019 0.663094 0.747403 
1006723242058869 0.013177 0.038943 0.663803 0.746777 
1006723260965692 0.011778 0.038223 0.664722 0.746019 
1006723279872567 0.010068 0.036756 0.665638 0.745301 
1006723298779442 0.009278 0.034350 0.666130 0.744986 
1006723317686265 0.009390 0.031703 0.666226 0.745016 
1006723336593140 0.009548 0.029661 0.666140 0.745176 
1006723355499963 0.009688 0.028267 0.665713 0.745609 
1006723374406838 0.009712 0.026940 0.665336 0.745995 
1006723393313661 0.010416 0.025068 0.664623 0.746686 
1006723412220536 0.011784 0.022922 0.663528 0.747707 
1006723431127359 0.013512 0.020745 0.662129 0.748981 
1006723450034234 0.015096 0.018791 0.660544 0.750400 
1006723468941057 0.016333 0.017412 0.659043 0.751727 
1006723487847932 0.018053 0.016649 0.657489 0.753064 
1006723506754807 0.021390 0.016040 0.655788 0.754472 
1006723525661630 0.025260 0.015637 0.654078 0.755843 
1006723544568505 0.028008 0.015315 0.652586 0.757042 
1006723563475328 0.029098 0.014392 0.651381 0.758056 
1006723582382203 0.028360 0.012924 0.650606 0.758776 
1006723601289026 0.026603 0.011429 0.650429 0.759015 
1006723620195901 0.025098 0.010238 0.650705 0.758847 
1006723639102723 0.023858 0.010040 0.651552 0.758162 
1006723658009598 0.023171 0.010799 0.652795 0.757104 
1006723676916473 0.023532 0.012097 0.653929 0.756093 
1006723695823296 0.024860 0.013613 0.654780 0.755288 
1006723714730171 0.025917 0.014917 0.655395 0.754694 
1006723733636994 0.026326 0.015096 0.655714 0.754399 
1006723752543869 0.025708 0.014816 0.655711 0.754429 
1006723771450744 0.024486 0.014926 0.655693 0.754483 
1006723790357567 0.023656 0.015203 0.655913 0.754313 
1006723809264442 0.023722 0.015482 0.655920 0.754299 
1006723828171265 0.023867 0.015757 0.656220 0.754028 
1006723847078140 0.023567 0.015998 0.657047 0.753312 
1006723865984963 0.023120 0.015951 0.658433 0.752115 
1006723884891838 0.023774 0.015099 0.659708 0.750994 
1006723903798661 0.025758 0.013082 0.660492 0.750277 
1006723922705536 0.027676 0.010457 0.660832 0.749950 
1006723941612411 0.028774 0.007421 0.661276 0.749554 
1006723960519234 0.029543 0.005018 0.661251 0.749566 
1006723979426109 0.030111 0.003459 0.661452 0.749375 
1006723998332932 0.030797 0.002412 0.661871 0.748981 
1006724017239807 0.031977 0.001337 0.662229 0.748617 
1006724036146682 0.033313 0.000241 0.662526 0.748298 
1006724055053505 0.033669 -0.000302 0.663199 0.747686 
1006724073960380 0.033149 -0.000581 0.664465 0.746584 
1006724092867203 0.032578 -0.000724 0.665735 0.745477 
1006724111774078 0.032548 -0.001074 0.666949 0.744391 
1006724130680953 0.032727 -0.001454 0.667926 0.743506 
1006724149587776 0.032740 -0.001413 0.668376 0.743101 
1006724168494651 0.032106 -0.000843 0.668841 0.742711 
1006724187401473 0.031285 0.000257 0.669091 0.742522 
1006724206308348 0.030742 0.002008 0.669163 0.742477 
1006724225215223 0.030814 0.003880 0.669282 0.742359 
1006724244122046 0.031079 0.005429 0.669144 0.742462 
1006724263028921 0.031104 0.006220 0.668721 0.742836 
1006724281935744 0.030679 0.006459 0.668343 0.743193 
1006724300842619 0.030125 0.006106 0.668263 0.743290 
1006724319749494 0.029677 0.005131 0.668260 0.743318 
1006724338656317 0.029312 0.003675 0.668412 0.743204 
1006724357563192 0.028664 0.002644 0.668653 0.743017 
1006724376470015 0.027397 0.002082 0.669717 0.742108 
1006724395376890 0.025804 0.001938 0.670947 0.741054 
1006724414283765 0.024782 0.002034 0.671835 0.740283 
1006724433190588 0.025265 0.002254 0.672280 0.739863 
1006724452097463 0.027467 0.002610 0.672007 0.740030 
1006724471004338 0.030786 0.003012 0.670704 0.741080 
1006724489911161 0.033170 0.003657 0.669232 0.742304 
1006724508818036 0.034010 0.004664 0.668128 0.743254 
1006724527724859 0.034949 0.005267 0.667426 0.743837 
1006724546631734 0.036686 0.005246 0.667236 0.743924 
1006724565538609 0.038394 0.004887 0.667734 0.743393 
1006724584445432 0.039397 0.004491 0.668442 0.742707 
1006724603352307 0.039960 0.003700 0.669413 0.741806 
1006724622259182 0.041292 0.001786 0.670192 0.741036 
1006724641166005 0.043535 -0.000703 0.670215 0.740888 
1006724660072880 0.045548 -0.002664 0.669612 0.741308 
1006724678979755 0.045543 -0.003374 0.669858 0.741083 
1006724697886578 0.044179 -0.002844 0.670076 0.740971 
1006724716793453 0.042560 -0.001648 0.670178 0.740978 
1006724735700328 0.041207 0.000078 0.670379 0.740874 
1006724754607151 0.040356 0.001996 0.670453 0.740851 
1006724773514026 0.039837 0.003807 0.670069 0.741219 
1006724792420901 0.039348 0.005138 0.669255 0.741972 
1006724811327723 0.038836 0.005785 0.668152 0.742988 
1006724830234598 0.038789 0.005629 0.666815 0.744191 
1006724849141473 0.039579 0.004438 0.664811 0.745949 
1006724868048296 0.040862 0.002543 0.661953 0.748427 
1006724886955171 0.041515 0.000918 0.659175 0.750842 
1006724905862046 0.041552 0.000339 0.656475 0.753202 
1006724924768869 0.041271 0.000879 0.654534 0.754905 
1006724943675744 0.041234 0.001718 0.653517 0.755786 
1006724962582619 0.041521 0.002496 0.652692 0.756481 
1006724981489494 0.041543 0.002875 0.652197 0.756905 
1006725000396317 0.040930 0.002632 0.652099 0.757024 
1006725019303192 0.039435 0.002386 0.652452 0.756800 
1006725038210067 0.037834 0.002480 0.653075 0.756343 
1006725057116942 0.036806 0.002767 0.654032 0.755566 
1006725076023765 0.036645 0.003193 0.654822 0.754888 
1006725094930640 0.037153 0.003766 0.654755 0.754919 
1006725113837515 0.037197 0.003999 0.654883 0.754804 
1006725132744390 0.036524 0.003664 0.654986 0.754749 
1006725151651213 0.035539 0.002555 0.654937 0.754843 
1006725170558088 0.034229 0.001527 0.654461 0.755319 
1006725189464963 0.032621 0.000932 0.654056 0.755742 
1006725208371838 0.031422 0.000026 0.653671 0.756126 
1006725227278661 0.030782 -0.001082 0.652701 0.756990 
1006725246185536 0.030365 -0.002226 0.651534 0.758008 
1006725265092411 0.030476 -0.003616 0.649654 0.759610 
1006725283999286 0.030771 -0.005303 0.647131 0.761739 
1006725302906161 0.030728 -0.006756 0.644113 0.764283 
1006725321812984 0.029755 -0.007659 0.641498 0.766509 
1006725340719859 0.028162 -0.007884 0.639438 0.768286 
1006725359626734 0.026788 -0.007572 0.637880 0.769632 
1006725378533609 0.026194 -0.006681 0.636441 0.770851 
1006725397440484 0.026374 -0.005442 0.635005 0.772039 
1006725416347307 0.026374 -0.004058 0.633917 0.772941 
1006725435254182 0.025796 -0.002854 0.633110 0.773626 
1006725454161057 0.024776 -0.001854 0.632744 0.773962 
1006725473067932 0.023963 -0.001138 0.632903 0.773860 
1006725491974807 0.024098 -0.000915 0.633194 0.773617 
1006725510881630 0.024926 -0.000588 0.632931 0.773807 
1006725529788505 0.025169 -0.000111 0.633152 0.773618 
1006725548695380 0.024930 0.000006 0.633989 0.772940 
1006725567602255 0.024806 -0.000632 0.635553 0.771658 
1006725586509130 0.025568 -0.001961 0.637101 0.770353 
1006725605416005 0.027246 -0.003742 0.638476 0.769150 
1006725624322880 0.029091 -0.005344 0.639680 0.768072 
1006725643229703 0.030173 -0.006002 0.641023 0.766905 
1006725662136578 0.030354 -0.005326 0.642849 0.765373 
1006725681043453 0.030702 -0.003675 0.644921 0.763623 
1006725699950328 0.032244 -0.002077 0.647052 0.761761 
1006725718857203 0.034524 -0.001243 0.648974 0.760026 
1006725737764078 0.036082 -0.001453 0.651097 0.758135 
1006725756670953 0.036407 -0.002584 0.653409 0.756124 
1006725775577776 0.035346 -0.003706 0.655963 0.753956 
1006725794484651 0.034040 -0.004508 0.658869 0.751474 
1006725813391526 0.034139 -0.004785 0.661000 0.749593 
1006725832298401 0.035467 -0.004118 0.662261 0.748422 
1006725851205276 0.037630 -0.003309 0.662663 0.747964 
1006725870112151 0.039177 -0.002250 0.662379 0.748140 
1006725889019026 0.038733 -0.000472 0.662898 0.747707 
1006725907925901 0.037295 0.001706 0.664255 0.746573 
1006725926832776 0.036487 0.003552 0.666266 0.744812 
1006725945739598 0.037089 0.005050 0.668079 0.743148 
1006725964646473 0.038350 0.006494 0.669592 0.741710 
1006725983553348 0.039649 0.007521 0.671181 0.740195 
1006726002460223 0.040747 0.008521 0.672335 0.739075 
1006726021367098 0.041670 0.009042 0.673615 0.737851 
1006726040273973 0.043299 0.008613 0.674324 0.737115 
1006726059180848 0.045257 0.008231 0.673788 0.737491 
1006726078087723 0.046298 0.007487 0.673516 0.737684 
1006726096994598 0.045923 0.006500 0.673460 0.737767 
1006726115901473 0.044190 0.006286 0.673579 0.737766 
1006726134808296 0.042509 0.006707 0.673671 0.737777 
1006726153715171 0.041435 0.007867 0.673310 0.738157 
1006726172622046 0.040910 0.008559 0.673004 0.738457 
1006726191528921 0.041221 0.008554 0.671563 0.739751 
1006726210435796 0.041306 0.008113 0.669894 0.741262 
1006726229342671 0.040900 0.007271 0.668257 0.742770 
1006726248249546 0.039685 0.006023 0.667466 0.743558 
1006726267156421 0.038908 0.004845 0.665920 0.744992 
1006726286063296 0.038467 0.004214 0.664232 0.746524 
1006726304970171 0.038128 0.004582 0.662945 0.747682 
1006726323877046 0.037851 0.005928 0.661853 0.748654 
1006726342783921 0.037466 0.007683 0.661207 0.749228 
1006726361690796 0.037639 0.009245 0.660547 0.749783 
1006726380597671 0.038586 0.010727 0.659193 0.750907 
1006726399504546 0.039172 0.012423 0.657846 0.752031 
1006726418411421 0.039188 0.013869 0.656715 0.752992 
1006726437318296 0.038895 0.014732 0.655608 0.753955 
1006726456225119 0.038623 0.014957 0.654589 0.754850 
1006726475131994 0.038522 0.015060 0.653565 0.755740 
1006726494038869 0.038499 0.015493 0.652366 0.756767 
1006726512945796 0.037999 0.016675 0.651212 0.757760 
1006726531852619 0.037137 0.017875 0.650570 0.758327 
1006726550759494 0.036631 0.018446 0.649637 0.759137 
1006726569666369 0.036588 0.017835 0.648538 0.760093 
1006726588573244 0.036404 0.017125 0.647195 0.761262 
1006726607480119 0.035246 0.017363 0.646428 0.761963 
1006726626386994 0.033646 0.018557 0.646363 0.762062 
1006726645293869 0.032044 0.020383 0.646900 0.761629 
1006726664200744 0.031167 0.021831 0.647922 0.760755 
1006726683107619 0.031280 0.022852 0.648673 0.760081 
1006726702014494 0.031639 0.024143 0.649306 0.759485 
1006726720921369 0.032313 0.025687 0.649288 0.759422 
1006726739828244 0.032657 0.027012 0.649093 0.759528 
1006726758735119 0.032647 0.027380 0.648868 0.759707 
1006726777641994 0.032319 0.026806 0.648413 0.760130 
1006726796548869 0.031602 0.026049 0.647865 0.760654 
1006726815455744 0.030918 0.025823 0.647027 0.761402 
1006726834362619 0.030833 0.026266 0.645613 0.762590 
1006726853269494 0.031052 0.026876 0.643998 0.763924 
1006726872176369 0.030897 0.027473 0.642397 0.765256 
1006726891083244 0.029984 0.027680 0.641859 0.765736 
1006726909990119 0.029677 0.027920 0.641508 0.766033 
1006726928896994 0.034127 0.030933 0.640665 0.766438 
1006726947803869 0.038041 0.035203 0.639040 0.767425 
1006726966710744 0.036891 0.039499 0.638027 0.768115 
1006726985617619 0.032564 0.041358 0.638483 0.767834 
1006727004524494 0.029380 0.040428 0.638275 0.768184 
1006727023431369 0.026928 0.038318 0.637471 0.769049 
1006727042338244 0.024184 0.036058 0.636257 0.770254 
1006727061245119 0.022243 0.033200 0.634838 0.771612 
1006727080151994 0.021343 0.030215 0.633894 0.772535 
1006727099058869 0.021404 0.028126 0.633335 0.773070 
1006727117965744 0.022036 0.027438 0.633206 0.773183 
1006727136872619 0.022798 0.027992 0.633816 0.772641 
1006727155779494 0.024064 0.028905 0.634767 0.771788 
1006727174686369 0.025455 0.029445 0.636421 0.770360 
1006727193593244 0.026011 0.030028 0.638648 0.768473 
1006727212500119 0.026350 0.029896 0.640758 0.766708 
1006727231406994 0.027080 0.028353 0.642320 0.765433 
1006727250313869 0.027756 0.026268 0.643599 0.764408 
1006727269220744 0.027711 0.025226 0.645010 0.763255 
1006727288127619 0.027099 0.026134 0.646876 0.761665 
