# Created at Thu Jun 06 10:35:43 GMT+03:00 2024 in Burnaby Canada 
1006694941169494 0.000000 0.000000 0.000000 
1006694960075848 0.000000 0.000000 0.000000 
1006694978982203 0.000000 0.000000 0.000000 
1006694997888557 0.000000 0.000000 0.000000 
1006695016794911 0.000000 0.000000 0.000000 
1006695035701213 0.000000 0.000000 0.000000 
1006695054607567 0.000000 0.000000 0.000000 
1006695073513921 0.000000 0.000000 0.000000 
1006695092420276 0.000000 0.000000 0.000000 
1006695111326630 0.000000 0.000000 0.000000 
1006695130232984 0.000000 0.000000 0.000000 
1006695149139338 0.000000 0.000000 0.000000 
1006695168045692 0.000000 0.000000 0.000000 
1006695186952046 0.000000 0.000000 0.000000 
1006695205858401 0.000000 0.000000 0.000000 
1006695224764755 0.000000 0.000000 0.000000 
1006695243671161 0.000000 0.000000 0.000000 
1006695262577515 0.000000 0.000000 0.000000 
1006695281483869 0.000000 0.000000 0.000000 
1006695300390223 0.000000 0.000000 0.000000 
1006695319296578 0.000000 0.000000 0.000000 
1006695338202984 0.000000 0.000000 0.000000 
1006695357109338 0.000000 0.000000 0.000000 
1006695376015692 0.000000 0.000000 0.000000 
1006695394922098 0.000000 0.000000 0.000000 
1006695413828453 0.000000 0.000000 0.000000 
1006695432734859 0.000000 0.000000 0.000000 
1006695451641213 0.000000 0.000000 0.000000 
1006695470547619 0.000000 0.000000 0.000000 
1006695489453973 0.000000 0.000000 0.000000 
1006695508360380 0.000000 0.000000 0.000000 
1006695527266734 0.000000 0.000000 0.000000 
1006695546173140 0.000000 0.000000 0.000000 
1006695565079546 0.000000 0.000000 0.000000 
1006695583985901 0.000000 0.000000 0.000000 
1006695602892307 0.000000 0.000000 0.000000 
1006695621798713 0.000000 0.000000 0.000000 
1006695640705067 0.000000 0.000000 0.000000 
1006695659611473 0.000000 0.000000 0.000000 
1006695678517880 0.000000 0.000000 0.000000 
1006695697424286 0.000000 0.000000 0.000000 
1006695716330692 0.000000 0.000000 0.000000 
1006695735237098 0.000000 0.000000 0.000000 
1006695754143505 0.000000 0.000000 0.000000 
1006695773049911 0.000000 0.000000 0.000000 
1006695791956317 0.000000 0.000000 0.000000 
1006695810862723 0.000000 0.000000 0.000000 
1006695829769130 0.000000 0.000000 0.000000 
1006695848675536 0.000000 0.000000 0.000000 
1006695867581994 0.000000 0.000000 0.000000 
1006695886488401 0.000000 0.000000 0.000000 
1006695905394807 0.000000 0.000000 0.000000 
1006695924301213 0.000000 0.000000 0.000000 
1006695943207619 0.000000 0.000000 0.000000 
1006695962114078 0.000000 0.000000 0.000000 
1006695981020484 0.000000 0.000000 0.000000 
1006695999926942 0.000000 0.000000 0.000000 
1006696018833348 0.000000 0.000000 0.000000 
1006696037739755 0.000000 0.000000 0.000000 
1006696056646213 0.000000 0.000000 0.000000 
1006696075552619 0.000000 0.000000 0.000000 
1006696094459078 0.000000 0.000000 0.000000 
1006696113365536 0.000000 0.000000 0.000000 
1006696132271942 0.000000 0.000000 0.000000 
1006696151178401 0.000000 0.000000 0.000000 
1006696170084807 0.000000 0.000000 0.000000 
1006696188991265 0.000000 0.000000 0.000000 
1006696207897723 0.000000 0.000000 0.000000 
1006696226804182 0.000000 0.000000 0.000000 
1006696245710588 0.000000 0.000000 0.000000 
1006696264617046 0.000000 0.000000 0.000000 
1006696283523505 0.000000 0.000000 0.000000 
1006696302429963 0.000000 0.000000 0.000000 
1006696321336421 0.000000 0.000000 0.000000 
1006696340242880 0.000000 0.000000 0.000000 
1006696359149338 0.000000 0.000000 0.000000 
1006696378055796 0.000000 0.000000 0.000000 
1006696396962255 0.000000 0.000000 0.000000 
1006696415868713 0.000000 0.000000 0.000000 
1006696434775171 0.000000 0.000000 0.000000 
1006696453681630 0.000000 0.000000 0.000000 
1006696472588088 0.000000 0.000000 0.000000 
1006696491494546 0.000000 0.000000 0.000000 
1006696510401005 0.000000 0.000000 0.000000 
1006696529307463 0.000000 0.000000 0.000000 
1006696548213973 0.000000 0.000000 0.000000 
1006696567120432 0.000000 0.000000 0.000000 
1006696586026890 0.000000 0.000000 0.000000 
1006696604933348 0.000000 0.000000 0.000000 
1006696623839859 0.000000 0.000000 0.000000 
1006696642746317 0.000000 0.000000 0.000000 
1006696661652828 0.000000 0.000000 0.000000 
1006696680559286 0.000000 0.000000 0.000000 
1006696699465744 0.000000 0.000000 0.000000 
1006696718372255 0.000000 0.000000 0.000000 
1006696737278713 0.000000 0.000000 0.000000 
1006696756185223 0.000000 0.000000 0.000000 
1006696775091682 0.000000 0.000000 0.000000 
1006696793998192 0.000000 0.000000 0.000000 
1006696812904703 0.000000 0.000000 0.000000 
1006696831811161 0.000000 0.000000 0.000000 
1006696850717671 0.000000 0.000000 0.000000 
1006696869624130 0.000000 0.000000 0.000000 
1006696888530640 0.000000 0.000000 0.000000 
1006696907437151 0.000000 0.000000 0.000000 
1006696926343609 0.000000 0.000000 0.000000 
1006696945250119 0.000000 0.000000 0.000000 
1006696964156630 0.000000 0.000000 0.000000 
1006696983063140 0.000000 0.000000 0.000000 
1006697001969651 0.000000 0.000000 0.000000 
1006697020876161 0.000000 0.000000 0.000000 
1006697039782619 0.000000 0.000000 0.000000 
1006697058689130 0.000000 0.000000 0.000000 
1006697077595640 0.000000 0.000000 0.000000 
1006697096502151 0.000000 0.000000 0.000000 
1006697115408661 0.000000 0.000000 0.000000 
1006697134315171 0.000000 0.000000 0.000000 
1006697153221682 0.000000 0.000000 0.000000 
1006697172128192 0.000000 0.000000 0.000000 
1006697191034703 0.000000 0.000000 0.000000 
1006697209941213 0.000000 0.000000 0.000000 
1006697228847723 0.000000 0.000000 0.000000 
1006697247754286 0.000000 0.000000 0.000000 
1006697266660796 0.000000 0.000000 0.000000 
1006697285567307 0.000000 0.000000 0.000000 
1006697304473817 0.000000 0.000000 0.000000 
1006697323380328 0.000000 0.000000 0.000000 
1006697342286890 0.000000 0.000000 0.000000 
1006697361193401 0.000000 0.000000 0.000000 
1006697380099911 0.000000 0.000000 0.000000 
1006697399006473 0.000000 0.000000 0.000000 
1006697417912984 0.000000 0.000000 0.000000 
1006697436819494 0.000000 0.000000 0.000000 
1006697455726057 0.000000 0.000000 0.000000 
1006697474632567 0.000000 0.000000 0.000000 
1006697493539078 0.000000 0.000000 0.000000 
1006697512445640 0.000000 0.000000 0.000000 
1006697531352151 0.000000 0.000000 0.000000 
1006697550258713 0.000000 0.000000 0.000000 
1006697569165223 0.000000 0.000000 0.000000 
1006697588071786 0.000000 0.000000 0.000000 
1006697606978296 0.000000 0.000000 0.000000 
1006697625884859 0.000000 0.000000 0.000000 
1006697644791421 0.000000 0.000000 0.000000 
1006697663697932 0.000000 0.000000 0.000000 
1006697682604494 0.000000 0.000000 0.000000 
1006697701511057 0.000000 0.000000 0.000000 
1006697720417567 0.000000 0.000000 0.000000 
1006697739324130 0.000000 0.000000 0.000000 
1006697758230692 0.000000 0.000000 0.000000 
1006697777137255 0.000000 0.000000 0.000000 
1006697796043765 0.000000 0.000000 0.000000 
1006697814950328 0.000000 0.000000 0.000000 
1006697833856890 0.000000 0.000000 0.000000 
1006697852763453 0.000000 0.000000 0.000000 
1006697871670015 0.000000 0.000000 0.000000 
1006697890576578 0.000000 0.000000 0.000000 
1006697909483140 0.000000 0.000000 0.000000 
1006697928389703 0.000000 0.000000 0.000000 
1006697947296265 0.000000 0.000000 0.000000 
1006697966202828 0.000000 0.000000 0.000000 
1006697985109390 0.000000 0.000000 0.000000 
1006698004015953 0.000000 0.000000 0.000000 
1006698022922515 0.000000 0.000000 0.000000 
1006698041829078 0.000000 0.000000 0.000000 
1006698060735640 0.000000 0.000000 0.000000 
1006698079642203 0.000000 0.000000 0.000000 
1006698098548765 0.000000 0.000000 0.000000 
1006698117455328 0.000000 0.000000 0.000000 
1006698136361890 0.000000 0.000000 0.000000 
1006698155268505 0.000000 0.000000 0.000000 
1006698174175067 0.000000 0.000000 0.000000 
1006698193081630 0.000000 0.000000 0.000000 
1006698211988192 0.000000 0.000000 0.000000 
1006698230894807 0.000000 0.000000 0.000000 
1006698249801369 0.000000 0.000000 0.000000 
1006698268707932 0.000000 0.000000 0.000000 
1006698287614546 0.000000 0.000000 0.000000 
1006698306521109 0.000000 0.000000 0.000000 
1006698325427671 0.000000 0.000000 0.000000 
1006698344334286 0.000000 0.000000 0.000000 
1006698363240848 0.000000 0.000000 0.000000 
1006698382147463 0.000000 0.000000 0.000000 
1006698401054026 0.000000 0.000000 0.000000 
1006698419960640 0.000000 0.000000 0.000000 
1006698438867203 0.000000 0.000000 0.000000 
1006698457773817 0.000000 0.000000 0.000000 
1006698476680380 0.000000 0.000000 0.000000 
1006698495586994 0.000000 0.000000 0.000000 
1006698514493557 0.000000 0.000000 0.000000 
1006698533400171 0.000000 0.000000 0.000000 
1006698552306786 0.000000 0.000000 0.000000 
1006698571213348 0.000000 0.000000 0.000000 
1006698590119963 0.000000 0.000000 0.000000 
1006698609026578 0.000000 0.000000 0.000000 
1006698627933140 0.000000 0.000000 0.000000 
1006698646839755 0.000000 0.000000 0.000000 
1006698665746369 0.000000 0.000000 0.000000 
1006698684652932 0.000000 0.000000 0.000000 
1006698703559546 0.000000 0.000000 0.000000 
1006698722466161 0.000000 0.000000 0.000000 
1006698741372776 0.000000 0.000000 0.000000 
1006698760279390 0.000000 0.000000 0.000000 
1006698779185953 0.000000 0.000000 0.000000 
1006698798092567 0.000000 0.000000 0.000000 
1006698816999182 0.000000 0.000000 0.000000 
1006698835905796 0.000000 0.000000 0.000000 
1006698854812411 0.000000 0.000000 0.000000 
1006698873719026 0.000000 0.000000 0.000000 
1006698892625640 0.000000 0.000000 0.000000 
1006698911532255 0.000000 0.000000 0.000000 
1006698930438869 0.000000 0.000000 0.000000 
1006698949345484 0.000000 0.000000 0.000000 
1006698968252098 0.000000 0.000000 0.000000 
1006698987158713 0.000000 0.000000 0.000000 
1006699006065328 0.000000 0.000000 0.000000 
1006699024971942 0.000000 0.000000 0.000000 
1006699043878557 0.000000 0.000000 0.000000 
1006699062785171 0.000000 0.000000 0.000000 
1006699081691786 0.000000 0.000000 0.000000 
1006699100598401 0.000000 0.000000 0.000000 
1006699119505067 0.000000 0.000000 0.000000 
1006699138411682 0.000000 0.000000 0.000000 
1006699157318296 0.000000 0.000000 0.000000 
1006699176224911 0.000000 0.000000 0.000000 
1006699195131578 0.000000 0.000000 0.000000 
1006699214038192 0.000000 0.000000 0.000000 
1006699232944807 0.000000 0.000000 0.000000 
1006699251851421 0.000000 0.000000 0.000000 
1006699270758088 0.000000 0.000000 0.000000 
1006699289664703 0.000000 0.000000 0.000000 
1006699308571317 0.000000 0.000000 0.000000 
1006699327477984 0.000000 0.000000 0.000000 
1006699346384598 0.000000 0.000000 0.000000 
1006699365291213 0.000000 0.000000 0.000000 
1006699384197880 0.000000 0.000000 0.000000 
1006699403104494 0.000000 0.000000 0.000000 
1006699422011161 0.000000 0.000000 0.000000 
1006699440917776 0.000000 0.000000 0.000000 
1006699459824442 0.000000 0.000000 0.000000 
1006699478731057 0.000000 0.000000 0.000000 
1006699497637723 0.000000 0.000000 0.000000 
1006699516544338 0.000000 0.000000 0.000000 
1006699535451005 0.000000 0.000000 0.000000 
1006699554357619 0.000000 0.000000 0.000000 
1006699573264286 0.000000 0.000000 0.000000 
1006699592170901 0.000000 0.000000 0.000000 
1006699611077567 0.000000 0.000000 0.000000 
1006699629984234 0.000000 0.000000 0.000000 
1006699648890848 0.000000 0.000000 0.000000 
1006699667797515 0.000000 0.000000 0.000000 
1006699686704130 0.000000 0.000000 0.000000 
1006699705610796 0.000000 0.000000 0.000000 
1006699724517463 0.000000 0.000000 0.000000 
1006699743424130 0.000000 0.000000 0.000000 
1006699762330744 0.000000 0.000000 0.000000 
1006699781237411 0.000000 0.000000 0.000000 
1006699800144078 0.000000 0.000000 0.000000 
1006699819050744 0.000000 0.000000 0.000000 
1006699837957359 0.000000 0.000000 0.000000 
1006699856864026 0.000000 0.000000 0.000000 
1006699875770692 0.000000 0.000000 0.000000 
1006699894677359 0.000000 0.000000 0.000000 
1006699913584026 0.000000 0.000000 0.000000 
1006699932490692 0.000000 0.000000 0.000000 
1006699951397359 0.000000 0.000000 0.000000 
1006699970303973 0.000000 0.000000 0.000000 
1006699989210640 0.000000 0.000000 0.000000 
1006700008117307 0.000000 0.000000 0.000000 
1006700027023973 0.000000 0.000000 0.000000 
1006700045930640 0.000000 0.000000 0.000000 
1006700064837307 0.000000 0.000000 0.000000 
1006700083743973 0.000000 0.000000 0.000000 
1006700102650640 0.000000 0.000000 0.000000 
1006700121557307 0.000000 0.000000 0.000000 
1006700140463973 0.000000 0.000000 0.000000 
1006700159370640 0.000000 0.000000 0.000000 
1006700178277307 0.000000 0.000000 0.000000 
1006700197183973 0.000000 0.000000 0.000000 
1006700216090692 0.000000 0.000000 0.000000 
1006700234997359 0.000000 0.000000 0.000000 
1006700253904026 0.000000 0.000000 0.000000 
1006700272810692 0.000000 0.000000 0.000000 
1006700291717359 0.000000 0.000000 0.000000 
1006700310624026 0.000000 0.000000 0.000000 
1006700329530692 0.000000 0.000000 0.000000 
1006700348437411 0.000000 0.000000 0.000000 
1006700367344078 0.000000 0.000000 0.000000 
1006700386250744 0.000000 0.000000 0.000000 
1006700405157411 0.000000 0.000000 0.000000 
1006700424064130 0.000000 0.000000 0.000000 
1006700442970796 0.000000 0.000000 0.000000 
1006700461877463 0.000000 0.000000 0.000000 
1006700480784130 0.000000 0.000000 0.000000 
1006700499690848 0.000000 0.000000 0.000000 
1006700518597515 0.000000 0.000000 0.000000 
1006700537504182 0.000000 0.000000 0.000000 
1006700556410901 0.000000 0.000000 0.000000 
1006700575317567 0.000000 0.000000 0.000000 
1006700594224234 0.000000 0.000000 0.000000 
1006700613130953 0.000000 0.000000 0.000000 
1006700632037619 0.000000 0.000000 0.000000 
1006700650944286 0.000000 0.000000 0.000000 
1006700669851005 0.000000 0.000000 0.000000 
1006700688757671 0.000000 0.000000 0.000000 
1006700707664390 0.000000 0.000000 0.000000 
1006700726571057 0.000000 0.000000 0.000000 
1006700745477776 0.000000 0.000000 0.000000 
1006700764384442 0.000000 0.000000 0.000000 
1006700783291161 0.000000 0.000000 0.000000 
1006700802197828 0.000000 0.000000 0.000000 
1006700821104546 0.000000 0.000000 0.000000 
1006700840011213 0.000000 0.000000 0.000000 
1006700858917932 0.000000 0.000000 0.000000 
1006700877824598 0.000000 0.000000 0.000000 
1006700896731317 0.000000 0.000000 0.000000 
1006700915637984 0.000000 0.000000 0.000000 
1006700934544703 0.000000 0.000000 0.000000 
1006700953451421 0.000000 0.000000 0.000000 
1006700972358088 0.000000 0.000000 0.000000 
1006700991264807 0.000000 0.000000 0.000000 
1006701010171473 0.000000 0.000000 0.000000 
1006701029078192 0.000000 0.000000 0.000000 
1006701047984911 0.000000 0.000000 0.000000 
1006701066891578 0.000000 0.000000 0.000000 
1006701085798296 0.000000 0.000000 0.000000 
1006701104705015 0.000000 0.000000 0.000000 
1006701123611682 0.000000 0.000000 0.000000 
1006701142518401 0.000000 0.000000 0.000000 
1006701161425119 0.000000 0.000000 0.000000 
1006701180331838 0.000000 0.000000 0.000000 
1006701199238505 0.000000 0.000000 0.000000 
1006701218145223 0.000000 0.000000 0.000000 
1006701237051942 0.000000 0.000000 0.000000 
1006701255958661 0.000000 0.000000 0.000000 
1006701274865328 0.000000 0.000000 0.000000 
1006701293772046 0.000000 0.000000 0.000000 
1006701312678765 0.000000 0.000000 0.000000 
1006701331585484 0.000000 0.000000 0.000000 
1006701350492151 0.000000 0.000000 0.000000 
1006701369398869 0.000000 0.000000 0.000000 
1006701388305588 0.000000 0.000000 0.000000 
1006701407212307 0.000000 0.000000 0.000000 
1006701426119026 0.000000 0.000000 0.000000 
1006701445025744 0.000000 0.000000 0.000000 
1006701463932463 0.000000 0.000000 0.000000 
1006701482839130 0.000000 0.000000 0.000000 
1006701501745901 0.000000 0.000000 0.000000 
1006701520652567 0.000000 0.000000 0.000000 
1006701539559286 0.000000 0.000000 0.000000 
1006701558466005 0.000000 0.000000 0.000000 
1006701577372723 0.000000 0.000000 0.000000 
1006701596279442 0.000000 0.000000 0.000000 
1006701615186161 0.000000 0.000000 0.000000 
1006701634092880 0.000000 0.000000 0.000000 
1006701652999598 0.000000 0.000000 0.000000 
1006701671906317 0.000000 0.000000 0.000000 
1006701690813036 0.000000 0.000000 0.000000 
1006701709719755 0.000000 0.000000 0.000000 
1006701728626473 0.000000 0.000000 0.000000 
1006701747533192 0.000000 0.000000 0.000000 
1006701766439911 0.000000 0.000000 0.000000 
1006701785346630 0.000000 0.000000 0.000000 
1006701804253348 0.000000 0.000000 0.000000 
1006701823160067 0.000000 0.000000 0.000000 
1006701842066786 0.000000 0.000000 0.000000 
1006701860973505 0.000000 0.000000 0.000000 
1006701879880223 0.000000 0.000000 0.000000 
1006701898786942 0.000000 0.000000 0.000000 
1006701917693661 0.000000 0.000000 0.000000 
1006701936600432 0.000000 0.000000 0.000000 
1006701955507151 0.000000 0.000000 0.000000 
1006701974413869 0.000000 0.000000 0.000000 
1006701993320588 0.000000 0.000000 0.000000 
1006702012227307 0.000000 0.000000 0.000000 
1006702031134026 0.000000 0.000000 0.000000 
1006702050040744 0.000000 0.000000 0.000000 
1006702068947463 0.000000 0.000000 0.000000 
1006702087854234 0.000000 0.000000 0.000000 
1006702106760953 0.000000 0.000000 0.000000 
1006702125667671 0.000000 0.000000 0.000000 
1006702144574390 0.000000 0.000000 0.000000 
1006702163481109 0.000000 0.000000 0.000000 
1006702182387880 0.000000 0.000000 0.000000 
1006702201294598 0.000000 0.000000 0.000000 
1006702220201317 0.000000 0.000000 0.000000 
1006702239108036 0.000000 0.000000 0.000000 
1006702258014755 0.000000 0.000000 0.000000 
1006702276921526 0.000000 0.000000 0.000000 
1006702295828244 0.000000 0.000000 0.000000 
1006702314734963 0.000000 0.000000 0.000000 
1006702333641734 0.000000 0.000000 0.000000 
1006702352548453 0.000000 0.000000 0.000000 
1006702371455171 0.000000 0.000000 0.000000 
1006702390361890 0.000000 0.000000 0.000000 
1006702409268661 0.000000 0.000000 0.000000 
1006702428175380 0.000000 0.000000 0.000000 
1006702447082098 0.000000 0.000000 0.000000 
1006702465988869 0.000000 0.000000 0.000000 
1006702484895588 0.000000 0.000000 0.000000 
1006702503802307 0.000000 0.000000 0.000000 
1006702522709078 0.000000 0.000000 0.000000 
1006702541615796 0.000000 0.000000 0.000000 
1006702560522515 0.000000 0.000000 0.000000 
1006702579429286 0.000000 0.000000 0.000000 
1006702598336005 0.000000 0.000000 0.000000 
1006702617242776 0.000000 0.000000 0.000000 
1006702636149494 0.000000 0.000000 0.000000 
1006702655056213 0.000000 0.000000 0.000000 
1006702673962984 0.000000 0.000000 0.000000 
1006702692869703 0.000000 0.000000 0.000000 
1006702711776473 0.000000 0.000000 0.000000 
1006702730683192 0.000000 0.000000 0.000000 
1006702749589911 0.000000 0.000000 0.000000 
1006702768496682 0.000000 0.000000 0.000000 
1006702787403401 0.000000 0.000000 0.000000 
1006702806310171 0.000000 0.000000 0.000000 
1006702825216890 0.000000 0.000000 0.000000 
1006702844123661 0.000000 0.000000 0.000000 
1006702863030380 0.000000 0.000000 0.000000 
1006702881937151 0.000000 0.000000 0.000000 
1006702900843869 0.000000 0.000000 0.000000 
1006702919750640 0.000000 0.000000 0.000000 
1006702938657359 0.000000 0.000000 0.000000 
1006702957564130 0.000000 0.000000 0.000000 
1006702976470848 0.000000 0.000000 0.000000 
1006702995377619 0.000000 0.000000 0.000000 
1006703014284338 0.000000 0.000000 0.000000 
1006703033191109 0.000000 0.000000 0.000000 
1006703052097828 0.000000 0.000000 0.000000 
1006703071004598 0.000000 0.000000 0.000000 
1006703089911317 0.000000 0.000000 0.000000 
1006703108818088 0.000000 0.000000 0.000000 
1006703127724807 0.000000 0.000000 0.000000 
1006703146631578 0.000000 0.000000 0.000000 
1006703165538296 0.000000 0.000000 0.000000 
1006703184445067 0.000000 0.000000 0.000000 
1006703203351838 0.000000 0.000000 0.000000 
1006703222258557 0.000000 0.000000 0.000000 
1006703241165328 0.000000 0.000000 0.000000 
1006703260072046 0.000000 0.000000 0.000000 
1006703278978817 0.000000 0.000000 0.000000 
1006703297885588 0.000000 0.000000 0.000000 
1006703316792307 0.000000 0.000000 0.000000 
1006703335699078 0.000000 0.000000 0.000000 
1006703354605848 0.000000 0.000000 0.000000 
1006703373512567 0.000000 0.000000 0.000000 
1006703392419338 0.000000 0.000000 0.000000 
1006703411326057 0.000000 0.000000 0.000000 
1006703430232828 0.000000 0.000000 0.000000 
1006703449139598 0.000000 0.000000 0.000000 
1006703468046317 0.000000 0.000000 0.000000 
1006703486953088 0.000000 0.000000 0.000000 
1006703505859859 0.000000 0.000000 0.000000 
1006703524766578 0.000000 0.000000 0.000000 
1006703543673348 0.000000 0.000000 0.000000 
1006703562580119 0.000000 0.000000 0.000000 
1006703581486890 0.000000 0.000000 0.000000 
1006703600393609 0.000000 0.000000 0.000000 
1006703619300380 0.000000 0.000000 0.000000 
1006703638207151 0.000000 0.000000 0.000000 
1006703657113869 0.000000 0.000000 0.000000 
1006703676020640 0.000000 0.000000 0.000000 
1006703694927411 0.000000 0.000000 0.000000 
1006703713834130 0.000000 0.000000 0.000000 
1006703732740901 0.000000 0.000000 0.000000 
1006703751647671 0.000000 0.000000 0.000000 
1006703770554442 0.000000 0.000000 0.000000 
1006703789461213 0.000000 0.000000 0.000000 
1006703808367932 0.000000 0.000000 0.000000 
1006703827274703 0.000000 0.000000 0.000000 
1006703846181473 0.000000 0.000000 0.000000 
1006703865088244 0.000000 0.000000 0.000000 
1006703883994963 0.000000 0.000000 0.000000 
1006703902901734 0.000000 0.000000 0.000000 
1006703921808505 0.000000 0.000000 0.000000 
1006703940715276 0.000000 0.000000 0.000000 
1006703959621994 0.000000 0.000000 0.000000 
1006703978528765 0.000000 0.000000 0.000000 
1006703997435536 0.000000 0.000000 0.000000 
1006704016342307 0.000000 0.000000 0.000000 
1006704035249078 0.000000 0.000000 0.000000 
1006704054155796 0.000000 0.000000 0.000000 
1006704073062567 0.000000 0.000000 0.000000 
1006704091969338 0.000000 0.000000 0.000000 
1006704110876109 0.000000 0.000000 0.000000 
1006704129782880 0.000000 0.000000 0.000000 
1006704148689598 0.000000 0.000000 0.000000 
1006704167596369 0.000000 0.000000 0.000000 
1006704186503140 0.000000 0.000000 0.000000 
1006704205409911 0.000000 0.000000 0.000000 
1006704224316682 0.000000 0.000000 0.000000 
1006704243223453 0.000000 0.000000 0.000000 
1006704262130223 0.000000 0.000000 0.000000 
1006704281036994 0.000000 0.000000 0.000000 
1006704299943713 0.000000 0.000000 0.000000 
1006704318850484 0.000000 0.000000 0.000000 
1006704337757255 0.000000 0.000000 0.000000 
1006704356664026 0.000000 0.000000 0.000000 
1006704375570796 0.000000 0.000000 0.000000 
1006704394477567 0.000000 0.000000 0.000000 
1006704413384338 0.000000 0.000000 0.000000 
1006704432291057 0.000000 0.000000 0.000000 
1006704451197828 0.000000 0.000000 0.000000 
1006704470104598 0.000000 0.000000 0.000000 
1006704489011369 0.000000 0.000000 0.000000 
1006704507918140 0.000000 0.000000 0.000000 
1006704526824911 0.000000 0.000000 0.000000 
1006704545731682 0.000000 0.000000 0.000000 
1006704564638453 0.000000 0.000000 0.000000 
1006704583545223 0.000000 0.000000 0.000000 
1006704602451994 0.000000 0.000000 0.000000 
1006704621358713 0.000000 0.000000 0.000000 
1006704640265484 0.000000 0.000000 0.000000 
1006704659172255 0.000000 0.000000 0.000000 
1006704678079026 0.000000 0.000000 0.000000 
1006704696985796 0.000000 0.000000 0.000000 
1006704715892567 0.000000 0.000000 0.000000 
1006704734799338 0.000000 0.000000 0.000000 
1006704753706109 0.000000 0.000000 0.000000 
1006704772612880 0.000000 0.000000 0.000000 
1006704791519651 0.000000 0.000000 0.000000 
1006704810426421 0.000000 0.000000 0.000000 
1006704829333192 0.000000 0.000000 0.000000 
1006704848239963 0.000000 0.000000 0.000000 
1006704867146734 0.000000 0.000000 0.000000 
1006704886053505 0.000000 0.000000 0.000000 
1006704904960276 0.000000 0.000000 0.000000 
1006704923867046 0.000000 0.000000 0.000000 
1006704942773817 0.000000 0.000000 0.000000 
1006704961680588 0.000000 0.000000 0.000000 
1006704980587359 0.000000 0.000000 0.000000 
1006704999494130 0.000000 0.000000 0.000000 
1006705018400848 0.000000 0.000000 0.000000 
1006705037307671 0.000000 0.000000 0.000000 
1006705056214390 0.000000 0.000000 0.000000 
1006705075121161 0.000000 0.000000 0.000000 
1006705094027932 0.000000 0.000000 0.000000 
1006705112934703 0.000000 0.000000 0.000000 
1006705131841473 0.000000 0.000000 0.000000 
1006705150748244 0.000000 0.000000 0.000000 
1006705169655015 0.000000 0.000000 0.000000 
1006705188561786 0.000000 0.000000 0.000000 
1006705207468557 0.000000 0.000000 0.000000 
1006705226375328 0.000000 0.000000 0.000000 
1006705245282098 0.000000 0.000000 0.000000 
1006705264188869 0.000000 0.000000 0.000000 
1006705283095640 0.000000 0.000000 0.000000 
1006705302002463 0.000000 0.000000 0.000000 
1006705320909234 0.000000 0.000000 0.000000 
1006705339816005 0.000000 0.000000 0.000000 
1006705358722776 0.000000 0.000000 0.000000 
1006705377629546 0.000000 0.000000 0.000000 
1006705396536317 0.000000 0.000000 0.000000 
1006705415443088 0.000000 0.000000 0.000000 
1006705434349859 0.000000 0.000000 0.000000 
1006705453256630 0.000000 0.000000 0.000000 
1006705472163401 0.000000 0.000000 0.000000 
1006705491070171 0.000000 0.000000 0.000000 
1006705509976942 0.000000 0.000000 0.000000 
1006705528883713 0.000000 0.000000 0.000000 
1006705547790484 0.000000 0.000000 0.000000 
1006705566697255 0.000000 0.000000 0.000000 
1006705585604026 0.000000 0.000000 0.000000 
1006705604510796 0.000000 0.000000 0.000000 
1006705623417567 0.000000 0.000000 0.000000 
1006705642324338 0.000000 0.000000 0.000000 
1006705661231109 0.000000 0.000000 0.000000 
1006705680137880 0.000000 0.000000 0.000000 
1006705699044651 0.000000 0.000000 0.000000 
1006705717951421 0.000000 0.000000 0.000000 
1006705736858192 0.000000 0.000000 0.000000 
1006705755764963 0.000000 0.000000 0.000000 
1006705774671734 0.000000 0.000000 0.000000 
1006705793578557 0.000000 0.000000 0.000000 
1006705812485328 0.000000 0.000000 0.000000 
1006705831392098 0.000000 0.000000 0.000000 
1006705850298869 0.000000 0.000000 0.000000 
1006705869205640 0.000000 0.000000 0.000000 
1006705888112411 0.000000 0.000000 0.000000 
1006705907019182 0.000000 0.000000 0.000000 
1006705925925953 0.000000 0.000000 0.000000 
1006705944832723 0.000000 0.000000 0.000000 
1006705963739494 0.000000 0.000000 0.000000 
1006705982646265 0.000000 0.000000 0.000000 
1006706001553036 0.000000 0.000000 0.000000 
1006706020459807 0.000000 0.000000 0.000000 
1006706039366578 0.000000 0.000000 0.000000 
1006706058273348 0.000000 0.000000 0.000000 
1006706077180119 0.000000 0.000000 0.000000 
1006706096086942 0.000000 0.000000 0.000000 
1006706114993713 0.000000 0.000000 0.000000 
1006706133900484 0.000000 0.000000 0.000000 
1006706152807255 0.000000 0.000000 0.000000 
1006706171714026 0.000000 0.000000 0.000000 
1006706190620796 0.000000 0.000000 0.000000 
1006706209527567 0.000000 0.000000 0.000000 
1006706228434338 0.000000 0.000000 0.000000 
1006706247341109 0.000000 0.000000 0.000000 
1006706266247880 0.000000 0.000000 0.000000 
1006706285154703 0.000000 0.000000 0.000000 
1006706304061473 0.000000 0.000000 0.000000 
1006706322968244 0.000000 0.000000 0.000000 
1006706341875015 0.000000 0.000000 0.000000 
1006706360781786 0.000000 0.000000 0.000000 
1006706379688557 0.000000 0.000000 0.000000 
1006706398595328 0.000000 0.000000 0.000000 
1006706417502098 0.000000 0.000000 0.000000 
1006706436408869 0.000000 0.000000 0.000000 
1006706455315692 0.000000 0.000000 0.000000 
1006706474222463 0.000000 0.000000 0.000000 
1006706493129234 0.000000 0.000000 0.000000 
1006706512036005 0.000000 0.000000 0.000000 
1006706530942776 0.000000 0.000000 0.000000 
1006706549849546 0.000000 0.000000 0.000000 
1006706568756317 0.000000 0.000000 0.000000 
1006706587663088 0.000000 0.000000 0.000000 
1006706606569859 0.000000 0.000000 0.000000 
1006706625476682 0.000000 0.000000 0.000000 
1006706644383453 0.000000 0.000000 0.000000 
1006706663290223 0.000000 0.000000 0.000000 
1006706682196994 0.000000 0.000000 0.000000 
1006706701103765 0.000000 0.000000 0.000000 
1006706720010536 0.000000 0.000000 0.000000 
1006706738917307 0.000000 0.000000 0.000000 
1006706757824130 0.000000 0.000000 0.000000 
1006706776730901 0.000000 0.000000 0.000000 
1006706795637671 0.000000 0.000000 0.000000 
1006706814544442 0.000000 0.000000 0.000000 
1006706833451213 0.000000 0.000000 0.000000 
1006706852357984 0.000000 0.000000 0.000000 
1006706871264755 0.000000 0.000000 0.000000 
1006706890171578 0.000000 0.000000 0.000000 
1006706909078348 0.000000 0.000000 0.000000 
1006706927985119 0.000000 0.000000 0.000000 
1006706946891890 0.000000 0.000000 0.000000 
1006706965798661 0.000000 0.000000 0.000000 
1006706984705432 0.000000 0.000000 0.000000 
1006707003612255 0.000000 0.000000 0.000000 
1006707022519026 0.000000 0.000000 0.000000 
1006707041425796 0.000000 0.000000 0.000000 
1006707060332567 0.000000 0.000000 0.000000 
1006707079239338 0.000000 0.000000 0.000000 
1006707098146109 0.000000 0.000000 0.000000 
1006707117052932 0.000000 0.000000 0.000000 
1006707135959703 0.000000 0.000000 0.000000 
1006707154866473 0.000000 0.000000 0.000000 
1006707173773244 0.000000 0.000000 0.000000 
1006707192680015 0.000000 0.000000 0.000000 
1006707211586786 0.000000 0.000000 0.000000 
1006707230493609 0.000000 0.000000 0.000000 
1006707249400380 0.000000 0.000000 0.000000 
1006707268307151 0.000000 0.000000 0.000000 
1006707287213921 0.000000 0.000000 0.000000 
1006707306120692 0.000000 0.000000 0.000000 
1006707325027515 0.000000 0.000000 0.000000 
1006707343934286 0.000000 0.000000 0.000000 
1006707362841057 0.000000 0.000000 0.000000 
1006707381747828 0.000000 0.000000 0.000000 
1006707400654651 0.000000 0.000000 0.000000 
1006707419561421 0.000000 0.000000 0.000000 
1006707438468192 0.000000 0.000000 0.000000 
1006707457374963 0.000000 0.000000 0.000000 
1006707476281786 0.000000 0.000000 0.000000 
1006707495188557 0.000000 0.000000 0.000000 
1006707514095328 0.000000 0.000000 0.000000 
1006707533002098 0.000000 0.000000 0.000000 
1006707551908869 0.000000 0.000000 0.000000 
1006707570815692 0.000000 0.000000 0.000000 
1006707589722463 0.000000 0.000000 0.000000 
1006707608629234 0.000000 0.000000 0.000000 
1006707627536005 0.000000 0.000000 0.000000 
1006707646442828 0.000000 0.000000 0.000000 
1006707665349598 0.000000 0.000000 0.000000 
1006707684256369 0.000000 0.000000 0.000000 
1006707703163192 0.000000 0.000000 0.000000 
1006707722069963 0.000000 0.000000 0.000000 
1006707740976734 0.000000 0.000000 0.000000 
1006707759883505 0.000000 0.000000 0.000000 
1006707778790328 0.000000 0.000000 0.000000 
1006707797697098 0.000000 0.000000 0.000000 
1006707816603869 0.000000 0.000000 0.000000 
1006707835510640 0.000000 0.000000 0.000000 
1006707854417463 0.000000 0.000000 0.000000 
1006707873324234 0.000000 0.000000 0.000000 
1006707892231005 0.000000 0.000000 0.000000 
1006707911137776 0.000000 0.000000 0.000000 
1006707930044598 0.000000 0.000000 0.000000 
1006707948951369 0.000000 0.000000 0.000000 
1006707967858140 0.000000 0.000000 0.000000 
1006707986764963 0.000000 0.000000 0.000000 
1006708005671734 0.000000 0.000000 0.000000 
1006708024578505 0.000000 0.000000 0.000000 
1006708043485328 0.000000 0.000000 0.000000 
1006708062392098 0.000000 0.000000 0.000000 
1006708081298869 0.000000 0.000000 0.000000 
1006708100205640 0.000000 0.000000 0.000000 
1006708119112463 0.000000 0.000000 0.000000 
1006708138019234 0.000000 0.000000 0.000000 
1006708156926005 0.000000 0.000000 0.000000 
1006708175832828 0.000000 0.000000 0.000000 
1006708194739598 0.000000 0.000000 0.000000 
1006708213646369 0.000000 0.000000 0.000000 
1006708232553140 0.000000 0.000000 0.000000 
1006708251459963 0.000000 0.000000 0.000000 
1006708270366734 0.000000 0.000000 0.000000 
1006708289273505 0.000000 0.000000 0.000000 
1006708308180328 0.000000 0.000000 0.000000 
1006708327087098 0.000000 0.000000 0.000000 
1006708345993869 0.000000 0.000000 0.000000 
1006708364900692 0.000000 0.000000 0.000000 
1006708383807463 0.000000 0.000000 0.000000 
1006708402714234 0.000000 0.000000 0.000000 
1006708421621005 0.000000 0.000000 0.000000 
1006708440527828 0.000000 0.000000 0.000000 
1006708459434598 0.000000 0.000000 0.000000 
1006708478341369 0.000000 0.000000 0.000000 
1006708497248192 0.000000 0.000000 0.000000 
1006708516154963 0.000000 0.000000 0.000000 
1006708535061734 0.000000 0.000000 0.000000 
1006708553968557 0.000000 0.000000 0.000000 
1006708572875328 0.000000 0.000000 0.000000 
1006708591782098 0.000000 0.000000 0.000000 
1006708610688921 0.000000 0.000000 0.000000 
1006708629595692 0.000000 0.000000 0.000000 
1006708648502463 0.000000 0.000000 0.000000 
1006708667409234 0.000000 0.000000 0.000000 
1006708686316057 0.000000 0.000000 0.000000 
1006708705222828 0.000000 0.000000 0.000000 
1006708724129598 0.000000 0.000000 0.000000 
1006708743036421 0.000000 0.000000 0.000000 
1006708761943192 0.000000 0.000000 0.000000 
1006708780849963 0.000000 0.000000 0.000000 
1006708799756786 0.000000 0.000000 0.000000 
1006708818663557 0.000000 0.000000 0.000000 
1006708837570328 0.000000 0.000000 0.000000 
1006708856477151 0.000000 0.000000 0.000000 
1006708875383921 0.000000 0.000000 0.000000 
1006708894290692 0.000000 0.000000 0.000000 
1006708913197515 0.000000 0.000000 0.000000 
1006708932104286 0.000000 0.000000 0.000000 
1006708951011057 0.000000 0.000000 0.000000 
1006708969917880 0.000000 0.000000 0.000000 
1006708988824651 0.000000 0.000000 0.000000 
1006709007731421 0.000000 0.000000 0.000000 
1006709026638244 0.000000 0.000000 0.000000 
1006709045545015 0.000000 0.000000 0.000000 
1006709064451786 0.000000 0.000000 0.000000 
1006709083358609 0.000000 0.000000 0.000000 
1006709102265380 0.000000 0.000000 0.000000 
1006709121172151 0.000000 0.000000 0.000000 
1006709140078973 0.000000 0.000000 0.000000 
1006709158985744 0.000000 0.000000 0.000000 
1006709177892515 0.000000 0.000000 0.000000 
1006709196799338 0.000000 0.000000 0.000000 
1006709215706109 0.000000 0.000000 0.000000 
1006709234612880 0.000000 0.000000 0.000000 
1006709253519703 0.000000 0.000000 0.000000 
1006709272426473 0.000000 0.000000 0.000000 
1006709291333244 0.000000 0.000000 0.000000 
1006709310240067 0.000000 0.000000 0.000000 
1006709329146838 0.000000 0.000000 0.000000 
1006709348053609 0.000000 0.000000 0.000000 
1006709366960432 0.000000 0.000000 0.000000 
1006709385867203 0.000000 0.000000 0.000000 
1006709404773973 0.000000 0.000000 0.000000 
1006709423680796 0.000000 0.000000 0.000000 
1006709442587567 0.000000 0.000000 0.000000 
1006709461494338 0.000000 0.000000 0.000000 
1006709480401161 0.000000 0.000000 0.000000 
1006709499307932 0.000000 0.000000 0.000000 
1006709518214703 0.000000 0.000000 0.000000 
1006709537121526 0.000000 0.000000 0.000000 
1006709556028296 0.000000 0.000000 0.000000 
1006709574935067 0.000000 0.000000 0.000000 
1006709593841890 0.000000 0.000000 0.000000 
1006709612748661 0.000000 0.000000 0.000000 
1006709631655484 0.000000 0.000000 0.000000 
1006709650562255 0.000000 0.000000 0.000000 
1006709669469026 0.000000 0.000000 0.000000 
1006709688375848 0.000000 0.000000 0.000000 
1006709707282619 0.000000 0.000000 0.000000 
1006709726189390 0.000000 0.000000 0.000000 
1006709745096213 0.000000 0.000000 0.000000 
1006709764002984 0.000000 0.000000 0.000000 
1006709782909755 0.000000 0.000000 0.000000 
1006709801816578 0.000000 0.000000 0.000000 
1006709820723348 0.000000 0.000000 0.000000 
1006709839630119 0.000000 0.000000 0.000000 
1006709858536942 0.000000 0.000000 0.000000 
1006709877443713 0.000000 0.000000 0.000000 
1006709896350484 0.000000 0.000000 0.000000 
1006709915257307 0.000000 0.000000 0.000000 
1006709934164078 0.000000 0.000000 0.000000 
1006709953070901 0.000000 0.000000 0.000000 
1006709971977671 0.000000 0.000000 0.000000 
1006709990884442 0.000000 0.000000 0.000000 
1006710009791265 0.000000 0.000000 0.000000 
1006710028698036 0.000000 0.000000 0.000000 
1006710047604807 0.000000 0.000000 0.000000 
1006710066511630 0.000000 0.000000 0.000000 
1006710085418401 0.000000 0.000000 0.000000 
1006710104325223 0.000000 0.000000 0.000000 
1006710123231994 0.000000 0.000000 0.000000 
1006710142138765 0.000000 0.000000 0.000000 
1006710161045588 0.000000 0.000000 0.000000 
1006710179952359 0.000000 0.000000 0.000000 
1006710198859130 0.000000 0.000000 0.000000 
1006710217765953 0.000000 0.000000 0.000000 
1006710236672723 0.000000 0.000000 0.000000 
1006710255579494 0.000000 0.000000 0.000000 
1006710274486317 0.000000 0.000000 0.000000 
1006710293393088 0.000000 0.000000 0.000000 
1006710312299911 0.000000 0.000000 0.000000 
1006710331206682 0.000000 0.000000 0.000000 
1006710350113453 0.000000 0.000000 0.000000 
1006710369020276 0.000000 0.000000 0.000000 
1006710387927046 0.000000 0.000000 0.000000 
1006710406833817 0.000000 0.000000 0.000000 
1006710425740640 0.000000 0.000000 0.000000 
1006710444647411 0.000000 0.000000 0.000000 
1006710463554234 0.000000 0.000000 0.000000 
1006710482461005 0.000000 0.000000 0.000000 
1006710501367776 0.000000 0.000000 0.000000 
1006710520274598 0.000000 0.000000 0.000000 
1006710539181369 0.000000 0.000000 0.000000 
1006710558088140 0.000000 0.000000 0.000000 
1006710576994963 0.000000 0.000000 0.000000 
1006710595901734 0.000000 0.000000 0.000000 
1006710614808505 0.000000 0.000000 0.000000 
1006710633715328 0.000000 0.000000 0.000000 
1006710652622098 0.000000 0.000000 0.000000 
1006710671528921 0.000000 0.000000 0.000000 
1006710690435692 0.000000 0.000000 0.000000 
1006710709342463 0.000000 0.000000 0.000000 
1006710728249286 0.000000 0.000000 0.000000 
1006710747156057 0.000000 0.000000 0.000000 
1006710766062828 0.000000 0.000000 0.000000 
1006710784969651 0.000000 0.000000 0.000000 
1006710803876421 0.000000 0.000000 0.000000 
1006710822783244 0.000000 0.000000 0.000000 
1006710841690015 0.000000 0.000000 0.000000 
1006710860596786 0.000000 0.000000 0.000000 
1006710879503609 0.000000 0.000000 0.000000 
1006710898410380 0.000000 0.000000 0.000000 
1006710917317151 0.000000 0.000000 0.000000 
1006710936223973 0.000000 0.000000 0.000000 
1006710955130744 0.000000 0.000000 0.000000 
1006710974037567 0.000000 0.000000 0.000000 
1006710992944338 0.000000 0.000000 0.000000 
1006711011851109 0.000000 0.000000 0.000000 
1006711030757932 0.000000 0.000000 0.000000 
1006711049664703 0.000000 0.000000 0.000000 
1006711068571473 0.000000 0.000000 0.000000 
1006711087478296 0.000000 0.000000 0.000000 
1006711106385067 0.000000 0.000000 0.000000 
1006711125291890 0.000000 0.000000 0.000000 
1006711144198661 0.000000 0.000000 0.000000 
1006711163105432 0.000000 0.000000 0.000000 
1006711182012255 0.000000 0.000000 0.000000 
1006711200919026 0.000000 0.000000 0.000000 
1006711219825796 0.000000 0.000000 0.000000 
1006711238732619 0.000000 0.000000 0.000000 
1006711257639390 0.000000 0.000000 0.000000 
1006711276546213 0.000000 0.000000 0.000000 
1006711295452984 0.000000 0.000000 0.000000 
1006711314359755 0.000000 0.000000 0.000000 
1006711333266578 0.000000 0.000000 0.000000 
1006711352173348 0.000000 0.000000 0.000000 
1006711371080119 0.000000 0.000000 0.000000 
1006711389986942 0.000000 0.000000 0.000000 
1006711408893713 0.000000 0.000000 0.000000 
1006711427800536 0.000000 0.000000 0.000000 
1006711446707307 0.000000 0.000000 0.000000 
1006711465614078 0.000000 0.000000 0.000000 
1006711484520901 0.000000 0.000000 0.000000 
1006711503427671 0.000000 0.000000 0.000000 
1006711522334494 0.000000 0.000000 0.000000 
1006711541241265 0.000000 0.000000 0.000000 
1006711560148036 0.000000 0.000000 0.000000 
1006711579054859 0.000000 0.000000 0.000000 
1006711597961630 0.000000 0.000000 0.000000 
1006711616868453 0.000000 0.000000 0.000000 
1006711635775223 0.000000 0.000000 0.000000 
1006711654681994 0.000000 0.000000 0.000000 
1006711673588817 0.000000 0.000000 0.000000 
1006711692495588 0.000000 0.000000 0.000000 
1006711711402411 0.000000 0.000000 0.000000 
1006711730309182 0.000000 0.000000 0.000000 
1006711749215953 0.000000 0.000000 0.000000 
1006711768122776 0.000000 0.000000 0.000000 
1006711787029546 0.000000 0.000000 0.000000 
1006711805936369 0.000000 0.000000 0.000000 
1006711824843140 0.000000 0.000000 0.000000 
1006711843749911 0.000000 0.000000 0.000000 
1006711862656734 0.000000 0.000000 0.000000 
1006711881563505 0.000000 0.000000 0.000000 
1006711900470328 0.000000 0.000000 0.000000 
1006711919377098 0.000000 0.000000 0.000000 
1006711938283869 0.000000 0.000000 0.000000 
1006711957190692 0.000000 0.000000 0.000000 
1006711976097463 0.000000 0.000000 0.000000 
1006711995004286 0.000000 0.000000 0.000000 
1006712013911057 0.000000 0.000000 0.000000 
1006712032817828 0.000000 0.000000 0.000000 
1006712051724651 0.000000 0.000000 0.000000 
1006712070631421 0.000000 0.000000 0.000000 
1006712089538244 0.000000 0.000000 0.000000 
1006712108445015 0.000000 0.000000 0.000000 
1006712127351838 0.000000 0.000000 0.000000 
1006712146258609 0.000000 0.000000 0.000000 
1006712165165380 0.000000 0.000000 0.000000 
1006712184072203 0.000000 0.000000 0.000000 
1006712202978973 0.000000 0.000000 0.000000 
1006712221885744 0.000000 0.000000 0.000000 
1006712240792567 0.000000 0.000000 0.000000 
1006712259699338 0.000000 0.000000 0.000000 
1006712278606161 0.000000 0.000000 0.000000 
1006712297512932 0.000000 0.000000 0.000000 
1006712316419703 0.000000 0.000000 0.000000 
1006712335326526 0.000000 0.000000 0.000000 
1006712354233296 0.000000 0.000000 0.000000 
1006712373140119 0.000000 0.000000 0.000000 
1006712392046890 0.000000 0.000000 0.000000 
1006712410953661 0.000000 0.000000 0.000000 
1006712429860484 0.000000 0.000000 0.000000 
1006712448767255 0.000000 0.000000 0.000000 
1006712467674078 0.000000 0.000000 0.000000 
1006712486580848 0.000000 0.000000 0.000000 
1006712505487619 0.000000 0.000000 0.000000 
1006712524394442 0.000000 0.000000 0.000000 
1006712543301213 0.000000 0.000000 0.000000 
1006712562208036 0.000000 0.000000 0.000000 
1006712581114807 0.000000 0.000000 0.000000 
1006712600021630 0.000000 0.000000 0.000000 
1006712618928401 0.000000 0.000000 0.000000 
1006712637835171 0.000000 0.000000 0.000000 
1006712656741994 0.000000 0.000000 0.000000 
1006712675648765 0.000000 0.000000 0.000000 
1006712694555588 0.000000 0.000000 0.000000 
1006712713462359 0.000000 0.000000 0.000000 
1006712732369130 0.000000 0.000000 0.000000 
1006712751275953 0.000000 0.000000 0.000000 
1006712770182723 0.000000 0.000000 0.000000 
1006712789089546 0.000000 0.000000 0.000000 
1006712807996317 0.000000 0.000000 0.000000 
1006712826903140 0.000000 0.000000 0.000000 
1006712845809911 0.000000 0.000000 0.000000 
1006712864716682 0.000000 0.000000 0.000000 
1006712883623505 0.000000 0.000000 0.000000 
1006712902530276 0.000000 0.000000 0.000000 
1006712921437098 0.000000 0.000000 0.000000 
1006712940343869 0.000000 0.000000 0.000000 
1006712959250692 0.000000 0.000000 0.000000 
1006712978157463 0.000000 0.000000 0.000000 
1006712997064234 0.000000 0.000000 0.000000 
1006713015971057 0.000000 0.000000 0.000000 
1006713034877828 0.000000 0.000000 0.000000 
1006713053784651 0.000000 0.000000 0.000000 
1006713072691421 0.000000 0.000000 0.000000 
1006713091598244 0.000000 0.000000 0.000000 
1006713110505015 0.000000 0.000000 0.000000 
1006713129411786 0.000000 0.000000 0.000000 
1006713148318609 0.000000 0.000000 0.000000 
1006713167225380 0.000000 0.000000 0.000000 
1006713186132203 0.000000 0.000000 0.000000 
1006713205038973 0.000000 0.000000 0.000000 
1006713223945796 0.000000 0.000000 0.000000 
1006713242852567 0.000000 0.000000 0.000000 
1006713261759338 0.000000 0.000000 0.000000 
1006713280666161 0.000000 0.000000 0.000000 
1006713299572932 0.000000 0.000000 0.000000 
1006713318479755 0.000000 0.000000 0.000000 
1006713337386526 0.000000 0.000000 0.000000 
1006713356293348 0.000000 0.000000 0.000000 
1006713375200119 0.000000 0.000000 0.000000 
1006713394106890 0.000000 0.000000 0.000000 
1006713413013713 0.000000 0.000000 0.000000 
1006713431920484 0.000000 0.000000 0.000000 
1006713450827307 0.000000 0.000000 0.000000 
1006713469734078 0.000000 0.000000 0.000000 
1006713488640901 0.000000 0.000000 0.000000 
1006713507547671 0.000000 0.000000 0.000000 
1006713526454494 0.000000 0.000000 0.000000 
1006713545361265 0.000000 0.000000 0.000000 
1006713564268036 0.000000 0.000000 0.000000 
1006713583174859 0.000000 0.000000 0.000000 
1006713602081630 0.000000 0.000000 0.000000 
1006713620988453 0.000000 0.000000 0.000000 
1006713639895223 0.000000 0.000000 0.000000 
1006713658802046 0.000000 0.000000 0.000000 
1006713677708817 0.000000 0.000000 0.000000 
1006713696615588 0.000000 0.000000 0.000000 
1006713715522411 0.000000 0.000000 0.000000 
1006713734429182 0.000000 0.000000 0.000000 
1006713753336005 0.000000 0.000000 0.000000 
1006713772242776 0.000000 0.000000 0.000000 
1006713791149598 0.000000 0.000000 0.000000 
1006713810056369 0.000000 0.000000 0.000000 
1006713828963192 0.000000 0.000000 0.000000 
1006713847869963 0.000000 0.000000 0.000000 
1006713866776734 0.000000 0.000000 0.000000 
1006713885683557 0.000000 0.000000 0.000000 
1006713904590328 0.000000 0.000000 0.000000 
1006713923497151 0.000000 0.000000 0.000000 
1006713942403921 0.000000 0.000000 0.000000 
1006713961310744 0.000000 0.000000 0.000000 
1006713980217515 0.000000 0.000000 0.000000 
1006713999124338 0.000000 0.000000 0.000000 
1006714018031109 0.000000 0.000000 0.000000 
1006714036937880 0.000000 0.000000 0.000000 
1006714055844703 0.000000 0.000000 0.000000 
1006714074751473 0.000000 0.000000 0.000000 
1006714093658296 0.000000 0.000000 0.000000 
1006714112565067 0.000000 0.000000 0.000000 
1006714131471890 0.000000 0.000000 0.000000 
1006714150378661 0.000000 0.000000 0.000000 
1006714169285484 0.000000 0.000000 0.000000 
1006714188192255 0.000000 0.000000 0.000000 
1006714207099026 0.000000 0.000000 0.000000 
1006714226005848 0.000000 0.000000 0.000000 
1006714244912619 0.000000 0.000000 0.000000 
1006714263819442 0.000000 0.000000 0.000000 
1006714282726213 0.000000 0.000000 0.000000 
1006714301633036 0.000000 0.000000 0.000000 
1006714320539807 0.000000 0.000000 0.000000 
1006714339446578 0.000000 0.000000 0.000000 
1006714358353401 0.000000 0.000000 0.000000 
1006714377260171 0.000000 0.000000 0.000000 
1006714396166994 0.000000 0.000000 0.000000 
1006714415073765 0.000000 0.000000 0.000000 
1006714433980588 0.000000 0.000000 0.000000 
1006714452887359 0.000000 0.000000 0.000000 
1006714471794182 0.000000 0.000000 0.000000 
1006714490700953 0.000000 0.000000 0.000000 
1006714509607723 0.000000 0.000000 0.000000 
1006714528514546 0.000000 0.000000 0.000000 
1006714547421317 0.000000 0.000000 0.000000 
1006714566328140 0.000000 0.000000 0.000000 
1006714585234911 0.000000 0.000000 0.000000 
1006714604141734 0.000000 0.000000 0.000000 
1006714623048505 0.000000 0.000000 0.000000 
1006714641955276 0.000000 0.000000 0.000000 
1006714660862098 0.000000 0.000000 0.000000 
1006714679768869 0.000000 0.000000 0.000000 
1006714698675692 0.000000 0.000000 0.000000 
1006714717582463 0.000000 0.000000 0.000000 
1006714736489286 0.000000 0.000000 0.000000 
1006714755396057 0.000000 0.000000 0.000000 
1006714774302880 0.000000 0.000000 0.000000 
1006714793209651 0.000000 0.000000 0.000000 
1006714812116421 0.000000 0.000000 0.000000 
1006714831023244 0.000000 0.000000 0.000000 
1006714849930015 0.000000 0.000000 0.000000 
1006714868836838 0.000000 0.000000 0.000000 
1006714887743609 0.000000 0.000000 0.000000 
1006714906650432 0.000000 0.000000 0.000000 
1006714925557203 0.000000 0.000000 0.000000 
1006714944463973 0.000000 0.000000 0.000000 
1006714963370796 0.000000 0.000000 0.000000 
1006714982277567 0.000000 0.000000 0.000000 
1006715001184390 0.000000 0.000000 0.000000 
1006715020091161 0.000000 0.000000 0.000000 
1006715038997984 0.000000 0.000000 0.000000 
1006715057904755 0.000000 0.000000 0.000000 
1006715076811526 0.000000 0.000000 0.000000 
1006715095718348 0.000000 0.000000 0.000000 
1006715114625119 0.000000 0.000000 0.000000 
1006715133531942 0.000000 0.000000 0.000000 
1006715152438713 0.000000 0.000000 0.000000 
1006715171345536 0.000000 0.000000 0.000000 
1006715190252307 0.000000 0.000000 0.000000 
1006715209159130 0.000000 0.000000 0.000000 
1006715228065901 0.000000 0.000000 0.000000 
1006715246972671 0.000000 0.000000 0.000000 
1006715265879494 0.000000 0.000000 0.000000 
1006715284786265 0.000000 0.000000 0.000000 
1006715303693088 0.000000 0.000000 0.000000 
1006715322599859 0.000000 0.000000 0.000000 
1006715341506682 0.000000 0.000000 0.000000 
1006715360413453 0.000000 0.000000 0.000000 
1006715379320276 0.000000 0.000000 0.000000 
1006715398227046 0.000000 0.000000 0.000000 
1006715417133817 0.000000 0.000000 0.000000 
1006715436040640 0.000000 0.000000 0.000000 
1006715454947411 0.000000 0.000000 0.000000 
1006715473854234 0.000000 0.000000 0.000000 
1006715492761005 0.000000 0.000000 0.000000 
1006715511667828 0.000000 0.000000 0.000000 
1006715530574598 0.000000 0.000000 0.000000 
1006715549481421 0.000000 0.000000 0.000000 
1006715568388192 0.000000 0.000000 0.000000 
1006715587295015 0.000000 0.000000 0.000000 
1006715606201786 0.000000 0.000000 0.000000 
1006715625108609 0.000000 0.000000 0.000000 
1006715644015380 0.000000 0.000000 0.000000 
1006715662922203 0.000000 0.000000 0.000000 
1006715681828973 0.000000 0.000000 0.000000 
1006715700735796 0.000000 0.000000 0.000000 
1006715719642567 0.000000 0.000000 0.000000 
1006715738549390 0.000000 0.000000 0.000000 
1006715757456161 0.000000 0.000000 0.000000 
1006715776362984 0.000000 0.000000 0.000000 
1006715795269755 0.000000 0.000000 0.000000 
1006715814176578 0.000000 0.000000 0.000000 
1006715833083348 0.000000 0.000000 0.000000 
1006715851990171 0.000000 0.000000 0.000000 
1006715870896994 0.000000 0.000000 0.000000 
1006715889803765 0.000000 0.000000 0.000000 
1006715908710588 0.000000 0.000000 0.000000 
1006715927617359 0.000000 0.000000 0.000000 
1006715946524182 0.000000 0.000000 0.000000 
1006715965430953 0.000000 0.000000 0.000000 
1006715984337776 0.000000 0.000000 0.000000 
1006716003244546 0.000000 0.000000 0.000000 
1006716022151369 0.000000 0.000000 0.000000 
1006716041058140 0.000000 0.000000 0.000000 
1006716059964963 0.000000 0.000000 0.000000 
1006716078871786 0.000000 0.000000 0.000000 
1006716097778557 0.000000 0.000000 0.000000 
1006716116685380 0.000000 0.000000 0.000000 
1006716135592151 0.000000 0.000000 0.000000 
1006716154498973 0.000000 0.000000 0.000000 
1006716173405744 0.000000 0.000000 0.000000 
1006716192312567 0.000000 0.000000 0.000000 
1006716211219390 0.000000 0.000000 0.000000 
1006716230126161 0.000000 0.000000 0.000000 
1006716249032984 0.000000 0.000000 0.000000 
1006716267939755 0.000000 0.000000 0.000000 
1006716286846578 0.000000 0.000000 0.000000 
1006716305753401 0.000000 0.000000 0.000000 
1006716324660171 0.000000 0.000000 0.000000 
1006716343566994 0.000000 0.000000 0.000000 
1006716362473765 0.000000 0.000000 0.000000 
1006716381380588 0.000000 0.000000 0.000000 
1006716400287411 0.000000 0.000000 0.000000 
1006716419194182 0.000000 0.000000 0.000000 
1006716438101005 0.000000 0.000000 0.000000 
1006716457007828 0.000000 0.000000 0.000000 
1006716475914598 0.000000 0.000000 0.000000 
1006716494821421 0.000000 0.000000 0.000000 
1006716513728192 0.000000 0.000000 0.000000 
1006716532635015 0.000000 0.000000 0.000000 
1006716551541838 0.000000 0.000000 0.000000 
1006716570448609 0.000000 0.000000 0.000000 
1006716589355432 0.000000 0.000000 0.000000 
1006716608262255 0.000000 0.000000 0.000000 
1006716627169026 0.000000 0.000000 0.000000 
1006716646075848 0.000000 0.000000 0.000000 
1006716664982671 0.000000 0.000000 0.000000 
1006716683889442 0.000000 0.000000 0.000000 
1006716702796265 0.000000 0.000000 0.000000 
1006716721703088 0.000000 0.000000 0.000000 
1006716740609859 0.000000 0.000000 0.000000 
1006716759516682 0.000000 0.000000 0.000000 
1006716778423505 0.000000 0.000000 0.000000 
1006716797330276 0.000000 0.000000 0.000000 
1006716816237098 0.000000 0.000000 0.000000 
1006716835143921 0.000000 0.000000 0.000000 
1006716854050692 0.000000 0.000000 0.000000 
1006716872957515 0.000000 0.000000 0.000000 
1006716891864286 0.000000 0.000000 0.000000 
1006716910771109 0.000000 0.000000 0.000000 
1006716929677932 0.000000 0.000000 0.000000 
1006716948584755 0.000000 0.000000 0.000000 
1006716967491526 0.000000 0.000000 0.000000 
1006716986398348 0.000000 0.000000 0.000000 
1006717005305171 0.000000 0.000000 0.000000 
1006717024211942 0.000000 0.000000 0.000000 
1006717043118765 0.000000 0.000000 0.000000 
1006717062025588 0.000000 0.000000 0.000000 
1006717080932359 0.000000 0.000000 0.000000 
1006717099839182 0.000000 0.000000 0.000000 
1006717118746005 0.000000 0.000000 0.000000 
1006717137652828 0.000000 0.000000 0.000000 
1006717156559598 0.000000 0.000000 0.000000 
1006717175466421 0.000000 0.000000 0.000000 
1006717194373244 0.000000 0.000000 0.000000 
1006717213280015 0.000000 0.000000 0.000000 
1006717232186838 0.000000 0.000000 0.000000 
1006717251093661 0.000000 0.000000 0.000000 
1006717270000432 0.000000 0.000000 0.000000 
1006717288907255 0.000000 0.000000 0.000000 
1006717307814078 0.000000 0.000000 0.000000 
1006717326720901 0.000000 0.000000 0.000000 
1006717345627671 0.000000 0.000000 0.000000 
1006717364534494 0.000000 0.000000 0.000000 
1006717383441317 0.000000 0.000000 0.000000 
1006717402348140 0.000000 0.000000 0.000000 
1006717421254911 0.000000 0.000000 0.000000 
1006717440161734 0.000000 0.000000 0.000000 
1006717459068557 0.000000 0.000000 0.000000 
1006717477975328 0.000000 0.000000 0.000000 
1006717496882151 0.000000 0.000000 0.000000 
1006717515788973 0.000000 0.000000 0.000000 
1006717534695796 0.000000 0.000000 0.000000 
1006717553602567 0.000000 0.000000 0.000000 
1006717572509390 0.000000 0.000000 0.000000 
1006717591416213 0.000000 0.000000 0.000000 
1006717610323036 0.000000 0.000000 0.000000 
1006717629229859 0.000000 0.000000 0.000000 
1006717648136630 0.000000 0.000000 0.000000 
1006717667043453 0.000000 0.000000 0.000000 
1006717685950276 0.000000 0.000000 0.000000 
1006717704857098 0.000000 0.000000 0.000000 
1006717723763921 0.000000 0.000000 0.000000 
1006717742670692 0.000000 0.000000 0.000000 
1006717761577515 0.000000 0.000000 0.000000 
1006717780484338 0.000000 0.000000 0.000000 
1006717799391161 0.000000 0.000000 0.000000 
1006717818297984 0.000000 0.000000 0.000000 
1006717837204755 0.000000 0.000000 0.000000 
1006717856111578 0.000000 0.000000 0.000000 
1006717875018401 0.000000 0.000000 0.000000 
1006717893925223 0.000000 0.000000 0.000000 
1006717912832046 0.000000 0.000000 0.000000 
1006717931738869 0.000000 0.000000 0.000000 
1006717950645640 0.000000 0.000000 0.000000 
1006717969552463 0.000000 0.000000 0.000000 
1006717988459286 0.000000 0.000000 0.000000 
1006718007366109 0.000000 0.000000 0.000000 
1006718026272932 0.000000 0.000000 0.000000 
1006718045179755 0.000000 0.000000 0.000000 
1006718064086526 0.000000 0.000000 0.000000 
1006718082993348 0.000000 0.000000 0.000000 
1006718101900171 0.000000 0.000000 0.000000 
1006718120806994 0.000000 0.000000 0.000000 
1006718139713817 0.000000 0.000000 0.000000 
1006718158620640 0.000000 0.000000 0.000000 
1006718177527411 0.000000 0.000000 0.000000 
1006718196434234 0.000000 0.000000 0.000000 
1006718215341057 0.000000 0.000000 0.000000 
1006718234247880 0.000000 0.000000 0.000000 
1006718253154703 0.000000 0.000000 0.000000 
1006718272061526 0.000000 0.000000 0.000000 
1006718290968348 0.000000 0.000000 0.000000 
1006718309875171 0.000000 0.000000 0.000000 
1006718328781994 0.000000 0.000000 0.000000 
1006718347688765 0.000000 0.000000 0.000000 
1006718366595588 0.000000 0.000000 0.000000 
1006718385502411 0.000000 0.000000 0.000000 
1006718404409234 0.000000 0.000000 0.000000 
1006718423316057 0.000000 0.000000 0.000000 
1006718442222880 0.000000 0.000000 0.000000 
1006718461129703 0.000000 0.000000 0.000000 
1006718480036526 0.000000 0.000000 0.000000 
1006718498943348 0.000000 0.000000 0.000000 
1006718517850171 0.000000 0.000000 0.000000 
1006718536756942 0.000000 0.000000 0.000000 
1006718555663765 0.000000 0.000000 0.000000 
1006718574570588 0.000000 0.000000 0.000000 
1006718593477411 0.000000 0.000000 0.000000 
1006718612384234 0.000000 0.000000 0.000000 
1006718631291057 0.000000 0.000000 0.000000 
1006718650197880 0.000000 0.000000 0.000000 
1006718669104703 0.000000 0.000000 0.000000 
1006718688011526 0.000000 0.000000 0.000000 
1006718706918348 0.000000 0.000000 0.000000 
1006718725825171 0.000000 0.000000 0.000000 
1006718744731994 0.000000 0.000000 0.000000 
1006718763638817 0.000000 0.000000 0.000000 
1006718782545640 0.000000 0.000000 0.000000 
1006718801452411 0.000000 0.000000 0.000000 
1006718820359234 0.000000 0.000000 0.000000 
1006718839266057 0.000000 0.000000 0.000000 
1006718858172880 0.000000 0.000000 0.000000 
1006718877079703 0.000000 0.000000 0.000000 
1006718895986526 0.000000 0.000000 0.000000 
1006718914893348 0.000000 0.000000 0.000000 
1006718933800171 0.000000 0.000000 0.000000 
1006718952706994 0.000000 0.000000 0.000000 
1006718971613817 0.000000 0.000000 0.000000 
1006718990520640 0.000000 0.000000 0.000000 
1006719009427463 0.000000 0.000000 0.000000 
1006719028334286 0.000000 0.000000 0.000000 
1006719047241109 0.000000 0.000000 0.000000 
1006719066147932 0.000000 0.000000 0.000000 
1006719085054755 0.000000 0.000000 0.000000 
1006719103961578 0.000000 0.000000 0.000000 
1006719122868401 0.000000 0.000000 0.000000 
1006719141775223 0.000000 0.000000 0.000000 
1006719160682046 0.000000 0.000000 0.000000 
1006719179588869 0.000000 0.000000 0.000000 
1006719198495692 0.000000 0.000000 0.000000 
1006719217402515 0.000000 0.000000 0.000000 
1006719236309338 0.000000 0.000000 0.000000 
1006719255216161 0.000000 0.000000 0.000000 
1006719274122984 0.000000 0.000000 0.000000 
1006719293029807 0.000000 0.000000 0.000000 
1006719311936630 0.000000 0.000000 0.000000 
1006719330843453 0.000000 0.000000 0.000000 
1006719349750276 0.000000 0.000000 0.000000 
1006719368657098 0.000000 0.000000 0.000000 
1006719387563921 0.000000 0.000000 0.000000 
1006719406470744 0.000000 0.000000 0.000000 
1006719425377567 0.000000 0.000000 0.000000 
1006719444284390 0.000000 0.000000 0.000000 
1006719463191213 0.000000 0.000000 0.000000 
1006719482098036 0.000000 0.000000 0.000000 
1006719501004859 0.000000 0.000000 0.000000 
1006719519911682 0.000000 0.000000 0.000000 
1006719538818505 0.000000 0.000000 0.000000 
1006719557725328 0.000000 0.000000 0.000000 
1006719576632151 0.000000 0.000000 0.000000 
1006719595538973 0.000000 0.000000 0.000000 
1006719614445796 0.000000 0.000000 0.000000 
1006719633352619 0.000000 0.000000 0.000000 
1006719652259442 0.000000 0.000000 0.000000 
1006719671166265 0.000000 0.000000 0.000000 
1006719690073140 0.000000 0.000000 0.000000 
1006719708979963 0.000000 0.000000 0.000000 
1006719727886786 0.000000 0.000000 0.000000 
1006719746793609 0.000000 0.000000 0.000000 
1006719765700432 0.000000 0.000000 0.000000 
1006719784607255 0.000000 0.000000 0.000000 
1006719803514078 0.000000 0.000000 0.000000 
1006719822420901 0.000000 0.000000 0.000000 
1006719841327723 0.000000 0.000000 0.000000 
1006719860234546 0.000000 0.000000 0.000000 
1006719879141369 0.000000 0.000000 0.000000 
1006719898048192 0.000000 0.000000 0.000000 
1006719916955015 0.000000 0.000000 0.000000 
1006719935861890 0.000000 0.000000 0.000000 
1006719954768713 0.000000 0.000000 0.000000 
1006719973675536 0.000000 0.000000 0.000000 
1006719992582359 0.000000 0.000000 0.000000 
1006720011489182 0.000000 0.000000 0.000000 
1006720030396005 0.000000 0.000000 0.000000 
1006720049302828 0.000000 0.000000 0.000000 
1006720068209651 0.000000 0.000000 0.000000 
1006720087116473 0.000000 0.000000 0.000000 
1006720106023296 0.000000 0.000000 0.000000 
1006720124930171 0.000000 0.000000 0.000000 
1006720143836994 0.000000 0.000000 0.000000 
1006720162743817 0.000000 0.000000 0.000000 
1006720181650640 0.000000 0.000000 0.000000 
1006720200557463 0.000000 0.000000 0.000000 
1006720219464286 0.000000 0.000000 0.000000 
1006720238371109 0.000000 0.000000 0.000000 
1006720257277984 0.000000 0.000000 0.000000 
1006720276184807 0.000000 0.000000 0.000000 
1006720295091630 0.000000 0.000000 0.000000 
1006720313998453 0.000000 0.000000 0.000000 
1006720332905276 0.000000 0.000000 0.000000 
1006720351812098 0.000000 0.000000 0.000000 
1006720370718921 0.000000 0.000000 0.000000 
1006720389625796 0.000000 0.000000 0.000000 
1006720408532619 0.000000 0.000000 0.000000 
1006720427439442 0.000000 0.000000 0.000000 
1006720446346265 0.000000 0.000000 0.000000 
1006720465253088 0.000000 0.000000 0.000000 
1006720484159911 0.000000 0.000000 0.000000 
1006720503066786 0.000000 0.000000 0.000000 
1006720521973609 0.000000 0.000000 0.000000 
1006720540880432 0.000000 0.000000 0.000000 
1006720559787255 0.000000 0.000000 0.000000 
1006720578694078 0.000000 0.000000 0.000000 
1006720597600901 0.000000 0.000000 0.000000 
1006720616507776 0.000000 0.000000 0.000000 
1006720635414598 0.000000 0.000000 0.000000 
1006720654321421 0.000000 0.000000 0.000000 
1006720673228244 0.000000 0.000000 0.000000 
1006720692135067 0.000000 0.000000 0.000000 
1006720711041942 0.000000 0.000000 0.000000 
1006720729948765 0.000000 0.000000 0.000000 
1006720748855588 0.000000 0.000000 0.000000 
1006720767762411 0.000000 0.000000 0.000000 
1006720786669286 0.000000 0.000000 0.000000 
1006720805576109 0.000000 0.000000 0.000000 
1006720824482932 0.000000 0.000000 0.000000 
1006720843389755 0.000000 0.000000 0.000000 
1006720862296578 0.000000 0.000000 0.000000 
1006720881203453 0.000000 0.000000 0.000000 
1006720900110276 0.000000 0.000000 0.000000 
1006720919017098 0.000000 0.000000 0.000000 
1006720937923921 0.000000 0.000000 0.000000 
1006720956830796 0.000000 0.000000 0.000000 
1006720975737619 0.000000 0.000000 0.000000 
1006720994644442 0.000000 0.000000 0.000000 
1006721013551265 0.000000 0.000000 0.000000 
1006721032458140 0.000000 0.000000 0.000000 
1006721051364963 0.000000 0.000000 0.000000 
1006721070271786 0.000000 0.000000 0.000000 
1006721089178609 0.000000 0.000000 0.000000 
1006721108085484 0.000000 0.000000 0.000000 
1006721126992307 0.000000 0.000000 0.000000 
1006721145899130 0.000000 0.000000 0.000000 
1006721164805953 0.000000 0.000000 0.000000 
1006721183712828 0.000000 0.000000 0.000000 
1006721202619651 0.000000 0.000000 0.000000 
1006721221526473 0.000000 0.000000 0.000000 
1006721240433348 0.000000 0.000000 0.000000 
1006721259340171 0.000000 0.000000 0.000000 
1006721278246994 0.000000 0.000000 0.000000 
1006721297153817 0.000000 0.000000 0.000000 
1006721316060692 0.000000 0.000000 0.000000 
1006721334967515 0.000000 0.000000 0.000000 
1006721353874338 0.000000 0.000000 0.000000 
1006721372781213 0.000000 0.000000 0.000000 
1006721391688036 0.000000 0.000000 0.000000 
1006721410594859 0.000000 0.000000 0.000000 
1006721429501734 0.000000 0.000000 0.000000 
1006721448408557 0.000000 0.000000 0.000000 
1006721467315380 0.000000 0.000000 0.000000 
1006721486222255 0.000000 0.000000 0.000000 
1006721505129078 0.000000 0.000000 0.000000 
1006721524035901 0.000000 0.000000 0.000000 
1006721542942776 0.000000 0.000000 0.000000 
1006721561849598 0.000000 0.000000 0.000000 
1006721580756421 0.000000 0.000000 0.000000 
1006721599663296 0.000000 0.000000 0.000000 
1006721618570119 0.000000 0.000000 0.000000 
1006721637476942 0.000000 0.000000 0.000000 
1006721656383817 0.000000 0.000000 0.000000 
1006721675290640 0.000000 0.000000 0.000000 
1006721694197463 0.000000 0.000000 0.000000 
1006721713104338 0.000000 0.000000 0.000000 
1006721732011161 0.000000 0.000000 0.000000 
1006721750917984 0.000000 0.000000 0.000000 
1006721769824859 0.000000 0.000000 0.000000 
1006721788731682 0.000000 0.000000 0.000000 
1006721807638557 0.000000 0.000000 0.000000 
1006721826545380 0.000000 0.000000 0.000000 
1006721845452203 0.000000 0.000000 0.000000 
1006721864359078 0.000000 0.000000 0.000000 
1006721883265901 0.000000 0.000000 0.000000 
1006721902172776 0.000000 0.000000 0.000000 
1006721921079598 0.000000 0.000000 0.000000 
1006721939986421 0.000000 0.000000 0.000000 
1006721958893296 0.000000 0.000000 0.000000 
1006721977800119 0.000000 0.000000 0.000000 
1006721996706942 0.000000 0.000000 0.000000 
1006722015613817 0.000000 0.000000 0.000000 
1006722034520640 0.000000 0.000000 0.000000 
1006722053427515 0.000000 0.000000 0.000000 
1006722072334338 0.000000 0.000000 0.000000 
1006722091241213 0.000000 0.000000 0.000000 
1006722110148036 0.000000 0.000000 0.000000 
1006722129054859 0.000000 0.000000 0.000000 
1006722147961734 0.000000 0.000000 0.000000 
1006722166868557 0.000000 0.000000 0.000000 
1006722185775380 0.000000 0.000000 0.000000 
1006722204682255 0.000000 0.000000 0.000000 
1006722223589078 0.000000 0.000000 0.000000 
1006722242495953 0.000000 0.000000 0.000000 
1006722261402776 0.000000 0.000000 0.000000 
1006722280309651 0.000000 0.000000 0.000000 
1006722299216473 0.000000 0.000000 0.000000 
1006722318123348 0.000000 0.000000 0.000000 
1006722337030171 0.000000 0.000000 0.000000 
1006722355936994 0.000000 0.000000 0.000000 
1006722374843869 0.000000 0.000000 0.000000 
1006722393750692 0.000000 0.000000 0.000000 
1006722412657567 0.000000 0.000000 0.000000 
1006722431564390 0.000000 0.000000 0.000000 
1006722450471265 0.000000 0.000000 0.000000 
1006722469378088 0.000000 0.000000 0.000000 
1006722488284911 0.000000 0.000000 0.000000 
1006722507191786 0.000000 0.000000 0.000000 
1006722526098609 0.000000 0.000000 0.000000 
1006722545005484 0.000000 0.000000 0.000000 
1006722563912307 0.000000 0.000000 0.000000 
1006722582819182 0.000000 0.000000 0.000000 
1006722601726005 0.000000 0.000000 0.000000 
1006722620632880 0.000000 0.000000 0.000000 
1006722639539703 0.000000 0.000000 0.000000 
1006722658446578 0.000000 0.000000 0.000000 
1006722677353401 0.000000 0.000000 0.000000 
1006722696260223 0.000000 0.000000 0.000000 
1006722715167098 0.000000 0.000000 0.000000 
1006722734073973 0.000000 0.000000 0.000000 
1006722752980796 0.000000 0.000000 0.000000 
1006722771887619 0.000000 0.000000 0.000000 
1006722790794494 0.000000 0.000000 0.000000 
1006722809701317 0.000000 0.000000 0.000000 
1006722828608192 0.000000 0.000000 0.000000 
1006722847515015 0.000000 0.000000 0.000000 
1006722866421890 0.000000 0.000000 0.000000 
1006722885328713 0.000000 0.000000 0.000000 
1006722904235588 0.000000 0.000000 0.000000 
1006722923142411 0.000000 0.000000 0.000000 
1006722942049286 0.000000 0.000000 0.000000 
1006722960956109 0.000000 0.000000 0.000000 
1006722979862984 0.000000 0.000000 0.000000 
1006722998769807 0.000000 0.000000 0.000000 
1006723017676682 0.000000 0.000000 0.000000 
1006723036583505 0.000000 0.000000 0.000000 
1006723055490380 0.000000 0.000000 0.000000 
1006723074397203 0.000000 0.000000 0.000000 
1006723093304078 0.000000 0.000000 0.000000 
1006723112210901 0.000000 0.000000 0.000000 
1006723131117776 0.000000 0.000000 0.000000 
1006723150024598 0.000000 0.000000 0.000000 
1006723168931473 0.000000 0.000000 0.000000 
1006723187838296 0.000000 0.000000 0.000000 
1006723206745171 0.000000 0.000000 0.000000 
1006723225652046 0.000000 0.000000 0.000000 
1006723244558869 0.000000 0.000000 0.000000 
1006723263465692 0.000000 0.000000 0.000000 
1006723282372567 0.000000 0.000000 0.000000 
1006723301279442 0.000000 0.000000 0.000000 
1006723320186265 0.000000 0.000000 0.000000 
1006723339093140 0.000000 0.000000 0.000000 
1006723357999963 0.000000 0.000000 0.000000 
1006723376906838 0.000000 0.000000 0.000000 
1006723395813661 0.000000 0.000000 0.000000 
1006723414720536 0.000000 0.000000 0.000000 
1006723433627359 0.000000 0.000000 0.000000 
1006723452534234 0.000000 0.000000 0.000000 
1006723471441057 0.000000 0.000000 0.000000 
1006723490347932 0.000000 0.000000 0.000000 
1006723509254807 0.000000 0.000000 0.000000 
1006723528161630 0.000000 0.000000 0.000000 
1006723547068505 0.000000 0.000000 0.000000 
1006723565975328 0.000000 0.000000 0.000000 
1006723584882203 0.000000 0.000000 0.000000 
1006723603789026 0.000000 0.000000 0.000000 
1006723622695901 0.000000 0.000000 0.000000 
1006723641602723 0.000000 0.000000 0.000000 
1006723660509598 0.000000 0.000000 0.000000 
1006723679416473 0.000000 0.000000 0.000000 
1006723698323296 0.000000 0.000000 0.000000 
1006723717230171 0.000000 0.000000 0.000000 
1006723736136994 0.000000 0.000000 0.000000 
1006723755043869 0.000000 0.000000 0.000000 
1006723773950744 0.000000 0.000000 0.000000 
1006723792857567 0.000000 0.000000 0.000000 
1006723811764442 0.000000 0.000000 0.000000 
1006723830671265 0.000000 0.000000 0.000000 
1006723849578140 0.000000 0.000000 0.000000 
1006723868484963 0.000000 0.000000 0.000000 
1006723887391838 0.000000 0.000000 0.000000 
1006723906298661 0.000000 0.000000 0.000000 
1006723925205536 0.000000 0.000000 0.000000 
1006723944112411 0.000000 0.000000 0.000000 
1006723963019234 0.000000 0.000000 0.000000 
1006723981926109 0.000000 0.000000 0.000000 
1006724000832932 0.000000 0.000000 0.000000 
1006724019739807 0.000000 0.000000 0.000000 
1006724038646682 0.000000 0.000000 0.000000 
1006724057553505 0.000000 0.000000 0.000000 
1006724076460380 0.000000 0.000000 0.000000 
1006724095367203 0.000000 0.000000 0.000000 
1006724114274078 0.000000 0.000000 0.000000 
1006724133180953 0.000000 0.000000 0.000000 
1006724152087776 0.000000 0.000000 0.000000 
1006724170994651 0.000000 0.000000 0.000000 
1006724189901473 0.000000 0.000000 0.000000 
1006724208808348 0.000000 0.000000 0.000000 
1006724227715223 0.000000 0.000000 0.000000 
1006724246622046 0.000000 0.000000 0.000000 
1006724265528921 0.000000 0.000000 0.000000 
1006724284435744 0.000000 0.000000 0.000000 
1006724303342619 0.000000 0.000000 0.000000 
1006724322249494 0.000000 0.000000 0.000000 
1006724341156317 0.000000 0.000000 0.000000 
1006724360063192 0.000000 0.000000 0.000000 
1006724378970015 0.000000 0.000000 0.000000 
1006724397876890 0.000000 0.000000 0.000000 
1006724416783765 0.000000 0.000000 0.000000 
1006724435690588 0.000000 0.000000 0.000000 
1006724454597463 0.000000 0.000000 0.000000 
1006724473504338 0.000000 0.000000 0.000000 
1006724492411161 0.000000 0.000000 0.000000 
1006724511318036 0.000000 0.000000 0.000000 
1006724530224859 0.000000 0.000000 0.000000 
1006724549131734 0.000000 0.000000 0.000000 
1006724568038609 0.000000 0.000000 0.000000 
1006724586945432 0.000000 0.000000 0.000000 
1006724605852307 0.000000 0.000000 0.000000 
1006724624759182 0.000000 0.000000 0.000000 
1006724643666005 0.000000 0.000000 0.000000 
1006724662572880 0.000000 0.000000 0.000000 
1006724681479755 0.000000 0.000000 0.000000 
1006724700386578 0.000000 0.000000 0.000000 
1006724719293453 0.000000 0.000000 0.000000 
1006724738200328 0.000000 0.000000 0.000000 
1006724757107151 0.000000 0.000000 0.000000 
1006724776014026 0.000000 0.000000 0.000000 
1006724794920901 0.000000 0.000000 0.000000 
1006724813827723 0.000000 0.000000 0.000000 
1006724832734598 0.000000 0.000000 0.000000 
1006724851641473 0.000000 0.000000 0.000000 
1006724870548296 0.000000 0.000000 0.000000 
1006724889455171 0.000000 0.000000 0.000000 
1006724908362046 0.000000 0.000000 0.000000 
1006724927268869 0.000000 0.000000 0.000000 
1006724946175744 0.000000 0.000000 0.000000 
1006724965082619 0.000000 0.000000 0.000000 
1006724983989494 0.000000 0.000000 0.000000 
1006725002896317 0.000000 0.000000 0.000000 
1006725021803192 0.000000 0.000000 0.000000 
1006725040710067 0.000000 0.000000 0.000000 
1006725059616942 0.000000 0.000000 0.000000 
1006725078523765 0.000000 0.000000 0.000000 
1006725097430640 0.000000 0.000000 0.000000 
1006725116337515 0.000000 0.000000 0.000000 
1006725135244390 0.000000 0.000000 0.000000 
1006725154151213 0.000000 0.000000 0.000000 
1006725173058088 0.000000 0.000000 0.000000 
1006725191964963 0.000000 0.000000 0.000000 
1006725210871838 0.000000 0.000000 0.000000 
1006725229778661 0.000000 0.000000 0.000000 
1006725248685536 0.000000 0.000000 0.000000 
1006725267592411 0.000000 0.000000 0.000000 
1006725286499286 0.000000 0.000000 0.000000 
1006725305406161 0.000000 0.000000 0.000000 
1006725324312984 0.000000 0.000000 0.000000 
1006725343219859 0.000000 0.000000 0.000000 
1006725362126734 0.000000 0.000000 0.000000 
1006725381033609 0.000000 0.000000 0.000000 
1006725399940484 0.000000 0.000000 0.000000 
1006725418847307 0.000000 0.000000 0.000000 
1006725437754182 0.000000 0.000000 0.000000 
1006725456661057 0.000000 0.000000 0.000000 
1006725475567932 0.000000 0.000000 0.000000 
1006725494474807 0.000000 0.000000 0.000000 
1006725513381630 0.000000 0.000000 0.000000 
1006725532288505 0.000000 0.000000 0.000000 
1006725551195380 0.000000 0.000000 0.000000 
1006725570102255 0.000000 0.000000 0.000000 
1006725589009130 0.000000 0.000000 0.000000 
1006725607916005 0.000000 0.000000 0.000000 
1006725626822880 0.000000 0.000000 0.000000 
1006725645729703 0.000000 0.000000 0.000000 
1006725664636578 0.000000 0.000000 0.000000 
1006725683543453 0.000000 0.000000 0.000000 
1006725702450328 0.000000 0.000000 0.000000 
1006725721357203 0.000000 0.000000 0.000000 
1006725740264078 0.000000 0.000000 0.000000 
1006725759170953 0.000000 0.000000 0.000000 
1006725778077776 0.000000 0.000000 0.000000 
1006725796984651 0.000000 0.000000 0.000000 
1006725815891526 0.000000 0.000000 0.000000 
1006725834798401 0.000000 0.000000 0.000000 
1006725853705276 0.000000 0.000000 0.000000 
1006725872612151 0.000000 0.000000 0.000000 
1006725891519026 0.000000 0.000000 0.000000 
1006725910425901 0.000000 0.000000 0.000000 
1006725929332776 0.000000 0.000000 0.000000 
1006725948239598 0.000000 0.000000 0.000000 
1006725967146473 0.000000 0.000000 0.000000 
1006725986053348 0.000000 0.000000 0.000000 
1006726004960223 0.000000 0.000000 0.000000 
1006726023867098 0.000000 0.000000 0.000000 
1006726042773973 0.000000 0.000000 0.000000 
1006726061680848 0.000000 0.000000 0.000000 
1006726080587723 0.000000 0.000000 0.000000 
1006726099494598 0.000000 0.000000 0.000000 
1006726118401473 0.000000 0.000000 0.000000 
1006726137308296 0.000000 0.000000 0.000000 
1006726156215171 0.000000 0.000000 0.000000 
1006726175122046 0.000000 0.000000 0.000000 
1006726194028921 0.000000 0.000000 0.000000 
1006726212935796 0.000000 0.000000 0.000000 
1006726231842671 0.000000 0.000000 0.000000 
1006726250749546 0.000000 0.000000 0.000000 
1006726269656421 0.000000 0.000000 0.000000 
1006726288563296 0.000000 0.000000 0.000000 
1006726307470171 0.000000 0.000000 0.000000 
1006726326377046 0.000000 0.000000 0.000000 
1006726345283921 0.000000 0.000000 0.000000 
1006726364190796 0.000000 0.000000 0.000000 
1006726383097671 0.000000 0.000000 0.000000 
1006726402004546 0.000000 0.000000 0.000000 
1006726420911421 0.000000 0.000000 0.000000 
1006726439818296 0.000000 0.000000 0.000000 
1006726458725119 0.000000 0.000000 0.000000 
1006726477631994 0.000000 0.000000 0.000000 
1006726496538869 0.000000 0.000000 0.000000 
1006726515445796 0.000000 0.000000 0.000000 
1006726534352619 0.000000 0.000000 0.000000 
1006726553259494 0.000000 0.000000 0.000000 
1006726572166369 0.000000 0.000000 0.000000 
1006726591073244 0.000000 0.000000 0.000000 
1006726609980119 0.000000 0.000000 0.000000 
1006726628886994 0.000000 0.000000 0.000000 
1006726647793869 0.000000 0.000000 0.000000 
1006726666700744 0.000000 0.000000 0.000000 
1006726685607619 0.000000 0.000000 0.000000 
1006726704514494 0.000000 0.000000 0.000000 
1006726723421369 0.000000 0.000000 0.000000 
1006726742328244 0.000000 0.000000 0.000000 
1006726761235119 0.000000 0.000000 0.000000 
1006726780141994 0.000000 0.000000 0.000000 
1006726799048869 0.000000 0.000000 0.000000 
1006726817955744 0.000000 0.000000 0.000000 
1006726836862619 0.000000 0.000000 0.000000 
1006726855769494 0.000000 0.000000 0.000000 
1006726874676369 0.000000 0.000000 0.000000 
1006726893583244 0.000000 0.000000 0.000000 
1006726912490119 0.000000 0.000000 0.000000 
1006726931396994 0.000000 0.000000 0.000000 
1006726950303869 0.000000 0.000000 0.000000 
1006726969210744 0.000000 0.000000 0.000000 
1006726988117619 0.000000 0.000000 0.000000 
1006727007024494 0.000000 0.000000 0.000000 
1006727025931369 0.000000 0.000000 0.000000 
1006727044838244 0.000000 0.000000 0.000000 
1006727063745119 0.000000 0.000000 0.000000 
1006727082651994 0.000000 0.000000 0.000000 
1006727101558869 0.000000 0.000000 0.000000 
1006727120465744 0.000000 0.000000 0.000000 
1006727139372619 0.000000 0.000000 0.000000 
1006727158279494 0.000000 0.000000 0.000000 
1006727177186369 0.000000 0.000000 0.000000 
1006727196093244 0.000000 0.000000 0.000000 
1006727215000119 0.000000 0.000000 0.000000 
1006727233906994 0.000000 0.000000 0.000000 
1006727252813869 0.000000 0.000000 0.000000 
1006727271720744 0.000000 0.000000 0.000000 
1006727290627619 0.000000 0.000000 0.000000 
1006727309534494 0.000000 0.000000 0.000000 
