# Created at Thu Jun 06 10:35:43 GMT+03:00 2024 in Burnaby Canada 
1006694938669494 -0.023059 0.850605 0.155613 
1006694957575848 -0.061543 0.261672 0.141869 
1006694976482203 -0.260984 -0.299697 0.012981 
1006694995388557 -0.613138 -0.145458 -0.022754 
1006695014294911 -0.821437 -0.066048 -0.006872 
1006695033201213 -0.805555 -0.319244 -0.027335 
1006695052107567 -0.652232 -0.703162 -0.159889 
1006695071013921 -0.445155 -0.820444 -0.402090 
1006695089920276 -0.199594 -0.679339 -0.715837 
1006695108826630 0.039858 -0.529070 -0.891455 
1006695127732984 0.177909 -0.434389 -0.833730 
1006695146639338 0.189210 -0.227922 -0.697511 
1006695165545692 0.149810 0.169128 -0.517235 
1006695184452046 0.177604 0.434312 -0.353528 
1006695203358401 0.212117 0.653912 -0.228610 
1006695222264755 0.203259 0.776081 -0.209368 
1006695241171161 0.209062 0.663075 -0.237161 
1006695260077515 0.239605 0.383841 -0.155919 
1006695278983869 0.233802 -0.082846 -0.015729 
1006695297890223 0.016035 -0.300613 0.066430 
1006695316796578 -0.375824 0.022830 0.167219 
1006695335702984 -0.616803 0.321229 0.212728 
1006695354609338 -0.606419 0.221967 0.242048 
1006695373515692 -0.505629 0.194478 0.265871 
1006695392422098 -0.478752 0.246706 0.297330 
1006695411328453 -0.440268 0.108654 0.290000 
1006695430234859 -0.365439 -0.034895 0.354139 
1006695449141213 -0.271674 -0.183636 0.404534 
1006695468047619 -0.121711 -0.323825 0.315655 
1006695486953973 0.131179 -0.335431 0.110105 
1006695505860380 0.421637 -0.562056 -0.126598 
1006695524766734 0.513570 -0.950555 -0.276867 
1006695543673140 0.374907 -0.810365 -0.377351 
1006695562579546 0.249684 -0.215095 -0.439657 
1006695581485901 0.272896 0.101019 -0.410948 
1006695600392307 0.327261 -0.044974 -0.268926 
1006695619298713 0.301606 -0.255105 -0.125682 
1006695638205067 0.217003 -0.310081 0.007788 
1006695657111473 0.153170 -0.090176 0.174244 
1006695676017880 0.164471 0.174015 0.276867 
1006695694924286 0.190432 0.294352 0.223723 
1006695713830692 0.133012 0.276943 0.119879 
1006695732737098 0.013286 0.169739 0.061848 
1006695751643505 -0.059405 0.003283 0.027335 
1006695770549911 -0.063375 -0.156453 -0.002596 
1006695789456317 -0.076814 -0.178749 -0.045966 
1006695808362723 -0.131179 -0.169586 -0.060016 
1006695827269130 -0.182796 -0.062994 -0.029473 
1006695846175536 -0.151643 0.126674 0.020311 
1006695865081994 -0.064292 0.180734 0.114687 
1006695883988401 0.031000 0.107738 0.179436 
1006695902894807 0.107967 0.083915 0.139731 
1006695921801213 0.174550 0.201809 0.077730 
1006695940707619 0.259457 0.152635 0.022143 
1006695959614078 0.264955 -0.039476 -0.033138 
1006695978520484 0.083533 -0.114916 -0.051769 
1006695997426942 -0.206008 -0.062077 -0.035887 
1006696016333348 -0.481806 0.079028 0.031917 
1006696035239755 -0.691021 0.136143 0.124460 
1006696054146213 -0.829683 0.080861 0.149505 
1006696073052619 -0.849841 -0.026037 0.069789 
1006696091959078 -0.627187 -0.268849 -0.078952 
1006696110865536 -0.149505 -0.899854 -0.310769 
1006696129771942 0.254265 -1.464583 -0.579847 
1006696148678401 0.329399 -1.410217 -0.594813 
1006696167584807 0.220669 -0.814336 -0.368799 
1006696186491265 0.205092 -0.315579 -0.245713 
1006696205397723 0.276867 -0.110029 -0.197151 
1006696224304182 0.260068 0.036574 -0.074676 
1006696243210588 0.098499 0.101630 0.085671 
1006696262117046 -0.143396 0.222272 0.241437 
1006696281023505 -0.310158 0.325811 0.335508 
1006696299929963 -0.352612 0.308096 0.353833 
1006696318836421 -0.343754 0.159660 0.271674 
1006696337742880 -0.295192 -0.004963 0.093307 
1006696356649338 -0.161111 0.017333 -0.093307 
1006696375555796 0.067651 0.023136 -0.194708 
1006696394462255 0.282364 -0.037949 -0.220974 
1006696413368713 0.389873 -0.056580 -0.250600 
1006696432275171 0.369104 0.094300 -0.246324 
1006696451181630 0.308325 0.270529 -0.171801 
1006696470088088 0.216393 0.286411 0.001985 
1006696488994546 0.077119 0.205474 0.112549 
1006696507901005 -0.051769 0.265337 -0.017867 
1006696526807463 -0.123238 0.308707 -0.185545 
1006696545713973 -0.147978 0.201503 -0.193180 
1006696564620432 -0.148894 0.103157 -0.114687 
1006696583526890 -0.149505 0.042378 0.023976 
1006696602433348 -0.172717 -0.002520 0.208757 
1006696621339859 -0.174244 -0.021151 0.295192 
1006696640246317 -0.117130 -0.030619 0.243881 
1006696659152828 -0.013591 0.063146 0.104302 
1006696678059286 0.101553 0.185010 -0.038331 
1006696696965744 0.198067 0.021914 -0.085671 
1006696715872255 0.310158 -0.314052 -0.075592 
1006696734778713 0.351695 -0.534873 0.072538 
1006696753685223 0.175160 -0.238918 0.384681 
1006696772591682 -0.111021 0.358491 0.606419 
1006696791498192 -0.240216 0.568393 0.557245 
1006696810404703 -0.125376 0.430266 0.311685 
1006696829311161 0.127514 0.112320 0.009315 
1006696848217671 0.251516 -0.281372 -0.110411 
1006696867124130 0.121406 -0.399876 -0.099415 
1006696886030640 -0.129041 -0.111861 -0.053296 
1006696904937151 -0.281142 0.254342 -0.001985 
1006696923843609 -0.243881 0.243957 0.048104 
1006696942750119 -0.140037 0.068339 0.088115 
1006696961656630 -0.049631 -0.033673 0.101859 
1006696980563140 0.063375 -0.059634 0.106746 
1006696999469651 0.214866 0.022220 0.072538 
1006697018376161 0.350779 0.143778 0.001069 
1006697037282619 0.432327 0.247928 -0.028863 
1006697056189130 0.478752 0.210666 0.040469 
1006697075095640 0.509599 0.123926 0.165081 
1006697094002151 0.504102 0.145305 0.228915 
1006697112908661 0.445155 0.152025 0.185545 
1006697131815171 0.324818 0.091856 0.135455 
1006697150721682 0.186767 0.019165 0.146145 
1006697169628192 0.110105 -0.075516 0.157751 
1006697188534703 0.076203 -0.090482 0.105524 
1006697207441213 0.034360 -0.024816 -0.014813 
1006697226347723 -0.045966 0.007254 -0.111632 
1006697245254286 -0.136066 -0.016875 -0.209062 
1006697264160796 -0.205397 -0.134157 -0.365134 
1006697283067307 -0.306187 -0.300613 -0.473865 
1006697301973817 -0.433243 -0.354368 -0.469283 
1006697320880328 -0.421637 -0.245026 -0.390790 
1006697339786890 -0.194402 -0.154010 -0.278394 
1006697358693401 0.144924 -0.072462 -0.175160 
1006697377599911 0.437214 -0.088649 -0.100637 
1006697396506473 0.562438 -0.176000 -0.040774 
1006697415412984 0.522427 -0.116443 0.067040 
1006697434319494 0.430495 0.122399 0.166609 
1006697453226057 0.398120 0.338333 0.144313 
1006697472132567 0.395065 0.350550 0.020922 
1006697491039078 0.306798 0.138281 -0.044439 
1006697509945640 0.129347 -0.031535 -0.013897 
1006697528852151 -0.018478 0.021609 -0.041385 
1006697547758713 -0.065208 0.205474 -0.116519 
1006697566665223 -0.034360 0.396974 -0.108273 
1006697585571786 0.053602 0.565950 -0.023976 
1006697604478296 0.184629 0.478904 0.104608 
1006697623384859 0.293665 0.163020 0.276561 
1006697642291421 0.325123 0.042072 0.357193 
1006697661197932 0.279310 0.166074 0.289389 
1006697680104494 0.217309 0.404610 0.136066 
1006697699011057 0.191042 0.424462 0.008705 
1006697717917567 0.160195 0.213720 -0.028252 
1006697736824130 0.060016 -0.026037 -0.033444 
1006697755730692 -0.107051 -0.082541 -0.055740 
1006697774637255 -0.234718 -0.018707 -0.127820 
1006697793543765 -0.278699 0.048486 -0.198983 
1006697812450328 -0.282670 0.122399 -0.208757 
1006697831356890 -0.285724 0.116901 -0.154697 
1006697850263453 -0.302828 0.053984 -0.082312 
1006697869170015 -0.311685 0.108960 -0.046577 
1006697888076578 -0.285418 0.137059 -0.038636 
1006697906983140 -0.257930 0.145305 -0.002596 
1006697925889703 -0.233802 0.184705 0.020922 
1006697944796265 -0.207841 0.206085 0.017256 
1006697963702828 -0.172106 0.164852 -0.008094 
1006697982609390 -0.137593 0.156606 -0.022143 
1006698001515953 -0.085366 0.112625 -0.046272 
1006698020422515 -0.041385 0.081472 -0.064903 
1006698039329078 -0.026114 0.094910 -0.049631 
1006698058235640 -0.038331 0.034437 0.016035 
1006698077142203 -0.023976 -0.012904 0.023365 
1006698096048765 0.022449 -0.004963 -0.057572 
1006698114955328 0.073454 -0.004963 -0.144924 
1006698133861890 0.117435 -0.019013 -0.146145 
1006698152768505 0.143396 -0.023289 -0.063986 
1006698171675067 0.136066 0.027717 0.012064 
1006698190581630 0.098499 0.028023 0.032222 
1006698209488192 0.055740 -0.026343 0.004734 
1006698228394807 0.044745 -0.135074 -0.063070 
1006698247301369 0.074982 -0.168670 -0.135150 
1006698266207932 0.187988 -0.125300 -0.128125 
1006698285114546 0.315961 0.010613 -0.000153 
1006698304021109 0.442406 0.198754 0.115908 
1006698322927671 0.523649 0.196616 0.146451 
1006698341834286 0.502575 0.133088 0.089336 
1006698360740848 0.368494 0.160576 0.012981 
1006698379647463 0.203259 0.204863 -0.050242 
1006698398554026 0.063986 0.120871 -0.116214 
1006698417460640 -0.065208 -0.079181 -0.128125 
1006698436367203 -0.220363 -0.217233 -0.090253 
1006698455273817 -0.381627 -0.143015 -0.059710 
1006698474180380 -0.517540 0.106516 -0.018173 
1006698493086994 -0.495244 0.258312 0.014202 
1006698511993557 -0.334286 0.197227 0.065513 
1006698530900171 -0.178215 0.154468 0.157140 
1006698549806786 -0.089031 0.171572 0.247546 
1006698568713348 -0.065513 0.210971 0.339784 
1006698587619963 -0.031000 0.185927 0.398731 
1006698606526578 0.017256 0.057954 0.413085 
1006698625433140 0.031306 0.018249 0.308020 
1006698644339755 -0.017256 0.031688 0.183407 
1006698663246369 -0.104913 0.059787 0.196846 
1006698682152932 -0.124155 0.034131 0.246324 
1006698701059546 -0.037109 0.009086 0.212117 
1006698719966161 0.084144 -0.033978 0.134234 
1006698738872776 0.104302 -0.004963 0.112854 
1006698757779390 0.007483 0.093994 0.162333 
1006698776685953 -0.107051 0.108654 0.217920 
1006698795592567 -0.118657 0.083304 0.177909 
1006698814499182 -0.044134 0.024663 0.107662 
1006698833405796 -0.013286 -0.079181 0.067040 
1006698852312411 -0.068873 -0.041614 0.002596 
1006698871219026 -0.160195 0.266864 -0.059405 
1006698890125640 -0.183712 0.743401 -0.086893 
1006698909032255 -0.071316 1.059820 -0.078341 
1006698927938869 0.103997 1.040884 -0.011453 
1006698946845484 0.247546 0.591911 0.113770 
1006698965752098 0.264039 -0.053831 0.192875 
1006698984658713 0.165081 -0.289923 0.104302 
1006699003565328 0.039247 -0.187301 -0.083533 
1006699022471942 -0.084144 -0.057496 -0.184323 
1006699041378557 -0.209062 -0.118581 -0.141869 
1006699060285171 -0.352001 -0.363530 -0.053907 
1006699079191786 -0.515097 -0.479897 -0.042301 
1006699098098401 -0.625966 -0.443857 -0.100026 
1006699117005067 -0.613749 -0.340929 -0.170274 
1006699135911682 -0.483944 -0.232198 -0.218836 
1006699154818296 -0.327261 -0.148818 -0.205703 
1006699173724911 -0.226472 -0.236780 -0.114687 
1006699192631578 -0.171190 -0.208070 -0.071622 
1006699211538192 -0.083839 -0.086511 -0.109494 
1006699230444807 0.001069 -0.004352 -0.138204 
1006699249351421 0.031000 -0.015042 -0.173022 
1006699268258088 -0.030695 -0.078265 -0.204176 
1006699287164703 -0.128431 -0.089871 -0.242964 
1006699306071317 -0.163860 -0.122246 -0.310463 
1006699324977984 -0.148589 -0.321382 -0.399647 
1006699343884598 -0.253349 -0.564194 -0.467145 
1006699362791213 -0.517235 -0.577938 -0.472032 
1006699381697880 -0.757298 -0.490281 -0.393538 
1006699400604494 -0.800973 -0.337264 -0.203870 
1006699419511161 -0.591758 -0.328101 -0.002902 
1006699438417776 -0.265260 -0.396822 0.081701 
1006699457324442 -0.002596 -0.391324 0.042912 
1006699476231057 0.096361 -0.222425 -0.001069 
1006699495137723 0.117435 0.055511 -0.030695 
1006699514044338 0.209673 -0.106669 -0.130569 
1006699532951005 0.214866 -0.982624 -0.331537 
1006699551857619 -0.091474 -1.387005 -0.621690 
1006699570764286 -0.564576 -1.017748 -0.848696 
1006699589670901 -0.882827 -0.737369 -0.828538 
1006699608577567 -0.914286 -0.457601 -0.600616 
1006699627484234 -0.667503 -0.247775 -0.320848 
1006699646390848 -0.317793 -0.361087 -0.008399 
1006699665297515 -0.081701 -0.527848 0.159889 
1006699684204130 -0.057267 -0.565110 0.089642 
1006699703110796 -0.051464 -0.323215 -0.136372 
1006699722017463 0.142175 -0.183025 -0.417667 
1006699740924130 0.362691 -0.438359 -0.714615 
1006699759830744 0.353222 -0.617643 -0.954067 
1006699778737411 0.276561 -0.515937 -0.552969 
1006699797644078 0.245408 -0.073989 0.001680 
1006699816550744 0.273507 0.228686 -0.179131 
1006699835457359 0.344060 0.306569 0.056045 
1006699854364026 0.313212 0.222883 0.445155 
1006699873270692 0.264955 0.275110 0.494023 
1006699892177359 0.391400 0.515860 0.415529 
1006699911084026 0.582290 0.515860 0.283891 
1006699929990692 0.702016 0.460273 0.158057 
1006699948897359 0.643680 0.250066 0.079868 
1006699967803973 0.506545 -0.007712 0.108578 
1006699986710640 0.424997 -0.153094 0.147978 
1006700005617307 0.399647 -0.179665 0.114076 
1006700024523973 0.326651 -0.011682 -0.092391 
1006700043430640 0.186461 0.329170 -0.425302 
1006700062337307 0.136372 0.595576 -0.546861 
1006700081243973 0.095139 0.497535 -0.412475 
1006700100150640 0.098194 0.254036 -0.172106 
1006700119057307 0.154697 0.092467 0.038331 
1006700137963973 0.160195 0.082999 0.125071 
1006700156870640 0.155308 0.226548 0.042912 
1006700175777307 0.181574 0.367654 -0.085060 
1006700194683973 0.200816 0.384757 -0.134234 
1006700213590692 0.162944 0.222272 -0.033444 
1006700232497359 0.065513 0.008170 0.033444 
1006700251404026 -0.108884 -0.092925 -0.029473 
1006700270310692 -0.262817 0.002672 -0.187377 
1006700289217359 -0.249989 0.174015 -0.324207 
1006700308124026 -0.071622 0.257701 -0.274118 
1006700327030692 0.129347 0.140724 -0.024892 
1006700345937411 0.163249 -0.016264 0.175771 
1006700364844078 0.025197 -0.004352 0.181269 
1006700383750744 -0.055434 0.082388 0.028252 
1006700402657411 -0.057572 0.108349 -0.126293 
1006700421564130 -0.084755 0.095521 -0.150727 
1006700440470796 -0.082006 -0.014126 -0.045050 
1006700459377463 -0.065208 -0.070629 0.061848 
1006700478284130 -0.073454 -0.055969 0.068568 
1006700497190848 -0.080479 -0.048639 -0.067651 
1006700516097515 -0.045355 -0.040087 -0.270758 
1006700535004182 -0.001069 0.027412 -0.336424 
1006700553910901 0.052380 0.039934 -0.178215 
1006700572817567 0.056656 0.057343 0.079257 
1006700591724234 0.052991 0.084221 0.257930 
1006700610630953 0.055434 0.227159 0.292443 
1006700629537619 0.024281 0.393920 0.213644 
1006700648444286 -0.071011 0.377733 0.093307 
1006700667351005 -0.227999 0.175542 0.044745 
1006700686257671 -0.307409 -0.019623 0.107662 
1006700705164390 -0.141869 0.067728 0.148283 
1006700724071057 0.121100 -0.091093 0.203259 
1006700742977776 0.190432 -0.057801 0.272896 
1006700761884442 0.159584 -0.385216 0.189821 
1006700780791161 -0.042607 -0.522045 0.439657 
1006700799697828 -0.231664 -0.342456 0.480889 
1006700818604546 -0.394149 0.259839 0.479362 
1006700837511213 -0.457983 0.980410 0.607029 
1006700856417932 -0.391706 0.936123 0.802501 
1006700875324598 -0.306798 0.230518 0.912148 
1006700894231317 -0.302217 -0.218454 0.821742 
1006700913137984 -0.336424 -0.141487 0.602754 
1006700932044703 -0.257319 -0.078570 0.409420 
1006700950951421 -0.034360 -0.354673 0.212728 
1006700969858088 0.172412 -0.652461 -0.056045 
1006700988764807 0.279921 -0.485700 -0.307714 
1006701007671473 0.407282 -0.394989 -0.434160 
1006701026578192 0.668420 -0.606037 -0.417972 
1006701045484911 0.918256 -0.624668 -0.462564 
1006701064391578 1.050199 -0.303667 -0.554191 
1006701083298296 1.059362 0.711637 -0.489747 
1006701102205015 0.838541 1.417166 -0.080479 
1006701121111682 0.615887 1.359135 0.316266 
1006701140018401 0.455234 0.739431 0.558162 
1006701158925119 0.264955 0.077501 0.577403 
1006701177831838 0.190432 -0.239834 0.371548 
1006701196738505 0.226472 -0.544952 0.292749 
1006701215645223 0.366661 -1.127395 0.438741 
1006701234551942 0.508072 -1.249870 0.721258 
1006701253458661 0.586566 -0.792956 0.846482 
1006701272365328 0.592064 -0.062994 0.473559 
1006701291272046 0.566714 0.539073 0.105524 
1006701310178765 0.571600 0.707667 0.029168 
1006701329085484 0.440574 0.428128 0.093001 
1006701347992151 -0.004734 0.163936 0.065819 
1006701366898869 -0.399036 0.099797 0.096056 
1006701385805588 -0.423775 0.362156 0.249073 
1006701404712307 -0.239605 0.552511 0.330621 
1006701423619026 -0.088726 0.399418 0.456456 
1006701442525744 -0.019089 0.139197 0.608251 
1006701461432463 -0.088726 0.188981 0.741721 
1006701480339130 -0.269231 0.417132 0.768599 
1006701499245901 -0.357804 0.637114 0.610389 
1006701518152567 -0.342227 0.785550 0.352001 
1006701537059286 -0.302828 0.698504 0.155919 
1006701555966005 -0.275645 0.397280 0.160500 
1006701574872723 -0.227693 0.140724 0.268315 
1006701593779442 -0.157140 -0.097506 0.331843 
1006701612686161 -0.147978 -0.372082 0.319931 
1006701631592880 -0.220974 -0.333904 0.285724 
1006701650499598 -0.296414 0.033215 0.330010 
1006701669406317 -0.248462 0.349634 0.457983 
1006701688313036 -0.114381 0.215858 0.657730 
1006701707219755 0.007788 -0.049250 0.788757 
1006701726126473 0.070095 0.066201 0.740194 
1006701745033192 0.076203 0.499978 0.606419 
1006701763939911 0.128125 0.732711 0.470811 
1006701782846630 0.264955 0.481653 0.416140 
1006701801753348 0.342838 -0.006796 0.461953 
1006701820660067 0.265260 -0.271903 0.476003 
1006701839566786 0.073454 -0.186996 0.400563 
1006701858473505 -0.118657 0.124536 0.310158 
1006701877380223 -0.222807 0.403083 0.238994 
1006701896286942 -0.189515 0.120261 0.206619 
1006701915193661 -0.130263 -0.440192 0.191959 
1006701934100432 -0.327872 -0.527848 0.126904 
1006701953007151 -0.475697 -0.467680 0.064597 
1006701971913869 -0.301606 -0.319244 -0.010843 
1006701990820588 0.058183 -0.078265 -0.110411 
1006702009727307 0.311685 0.125453 -0.148589 
1006702028634026 0.339478 0.268391 -0.098499 
1006702047540744 0.279004 0.415605 -0.013897 
1006702066447463 0.224334 0.518609 0.037414 
1006702085354234 0.149199 0.454470 0.041385 
1006702104260953 -0.007177 0.090024 0.028557 
1006702123167671 -0.142786 -0.304889 -0.021532 
1006702142074390 -0.127209 -0.328101 -0.040774 
1006702160981109 0.012675 -0.032451 -0.056656 
1006702179887880 0.174855 0.227464 -0.052991 
1006702198794598 0.227388 0.268696 -0.039858 
1006702217701317 0.163860 0.194478 -0.071927 
1006702236608036 0.132401 0.195700 -0.133317 
1006702255514755 0.233802 0.394531 -0.123544 
1006702274421526 0.352612 0.309623 -0.164165 
1006702293328244 0.236245 -0.137822 -0.233496 
1006702312234963 0.040163 -0.256327 -0.249378 
1006702331141734 -0.092696 -0.212346 -0.313823 
1006702350048453 -0.168441 -0.115832 -0.346503 
1006702368955171 -0.126598 -0.032146 -0.292138 
1006702387861890 -0.063070 -0.015958 -0.188905 
1006702406768661 -0.097277 -0.107280 -0.090253 
1006702425675380 -0.121406 -0.166838 -0.035276 
1006702444582098 -0.081395 -0.113999 -0.098805 
1006702463488869 -0.070400 0.006032 -0.211506 
1006702482395588 -0.060321 0.027717 -0.301911 
1006702501302307 -0.030390 -0.010155 -0.329399 
1006702520209078 0.023976 -0.100255 -0.276867 
1006702539115796 0.105218 -0.189134 -0.168441 
1006702558022515 0.175160 0.048486 -0.079563 
1006702576929286 0.150116 0.366432 -0.055740 
1006702595836005 0.046272 0.396974 -0.025197 
1006702614742776 -0.017867 0.141335 0.003207 
1006702633649494 -0.015118 -0.095674 0.056656 
1006702652556213 0.034360 -0.162256 0.117435 
1006702671462984 0.073149 -0.025427 0.136983 
1006702690369703 0.051769 0.179513 0.107356 
1006702709276473 -0.045355 0.171572 0.074065 
1006702728183192 -0.074065 0.121482 0.099110 
1006702747089911 0.025808 0.029244 0.131790 
1006702765996682 0.089642 -0.044057 0.112854 
1006702784903401 0.006567 0.009697 0.074371 
1006702803810171 -0.083228 -0.012599 0.007177 
1006702822716890 -0.071927 0.005727 -0.032222 
1006702841623661 0.016646 0.086664 0.013897 
1006702860530380 0.093307 0.014584 0.100637 
1006702879437151 0.075592 -0.033368 0.151032 
1006702898343869 0.025808 0.016111 0.130263 
1006702917250640 0.024281 -0.011072 0.070706 
1006702936157359 0.037109 -0.120108 0.048715 
1006702955064130 -0.016951 -0.393157 0.082617 
1006702973970848 -0.198373 -1.015610 0.132707 
1006702992877619 -0.468367 -1.530860 0.085977 
1006703011784338 -0.590231 -1.420296 0.054824 
1006703030691109 -0.382238 -0.856790 0.069789 
1006703049597828 -0.072538 -0.312525 0.060627 
1006703068504598 0.027946 -0.093231 0.058794 
1006703087411317 -0.061848 -0.161340 0.074982 
1006703106318088 -0.129041 -0.247469 0.134539 
1006703125224807 -0.141869 -0.217233 0.203259 
1006703144131578 -0.096972 -0.122246 0.266788 
1006703163038296 -0.038331 0.045432 0.302217 
1006703181945067 0.000764 0.234184 0.336119 
1006703200851838 0.043217 0.325811 0.366966 
1006703219758557 0.070095 0.315732 0.329094 
1006703238665328 -0.025197 0.257396 0.238383 
1006703257572046 -0.173939 0.208223 0.137899 
1006703276478817 -0.244797 0.164852 0.082617 
1006703295385588 -0.241132 0.143473 0.083533 
1006703314292307 -0.198067 0.174626 0.138815 
1006703333199078 -0.066735 0.182262 0.176077 
1006703352105848 0.085977 0.176764 0.147978 
1006703371012567 0.190126 0.228075 0.080479 
1006703389919338 0.196846 0.315732 0.028863 
1006703408826057 0.149199 0.302293 0.000458 
1006703427732828 0.043217 0.247317 -0.002291 
1006703446639598 -0.077730 0.085442 0.023059 
1006703465546317 -0.157446 -0.255105 0.027030 
1006703484453088 -0.348946 -0.610007 -0.046272 
1006703503359859 -0.593285 -0.877558 -0.183407 
1006703522266578 -0.674834 -0.921234 -0.243575 
1006703541173348 -0.572822 -0.817695 -0.171190 
1006703560080119 -0.467145 -0.705910 -0.010843 
1006703578986890 -0.519984 -0.531208 0.153781 
1006703597893609 -0.622606 -0.141487 0.350779 
1006703616800380 -0.522427 0.167601 0.505323 
1006703635707151 -0.303438 0.208528 0.456761 
1006703654613869 -0.119268 0.079639 0.229526 
1006703673520640 -0.052075 -0.000382 -0.089947 
1006703692427411 -0.097277 -0.020845 -0.349252 
1006703711334130 -0.146756 -0.053220 -0.427135 
1006703730240901 -0.129041 -0.010155 -0.332148 
1006703749147671 -0.063681 0.072614 -0.143396 
1006703768054442 0.044439 0.132172 0.013286 
1006703786961213 0.104913 0.188370 0.072538 
1006703805867932 0.125682 0.188981 0.005039 
1006703824774703 0.083839 0.178902 -0.122017 
1006703843681473 0.011453 0.166074 -0.180964 
1006703862588244 0.006261 0.072614 -0.144313 
1006703881494963 0.027335 0.048791 -0.062765 
1006703900401734 0.027030 0.072309 -0.034666 
1006703919308505 0.005956 0.080555 -0.071011 
1006703938215276 0.052686 0.141946 -0.108273 
1006703957121994 0.176688 0.345663 -0.105524 
1006703976028765 0.302828 0.572364 -0.111021 
1006703994935536 0.333675 0.618788 -0.184629 
1006704013842307 0.281142 0.407053 -0.284808 
1006704032749078 0.280532 0.158439 -0.324513 
1006704051655796 0.369715 0.215553 -0.282670 
1006704070562567 0.474476 0.415300 -0.241743 
1006704089469338 0.505629 0.582748 -0.261595 
1006704108376109 0.401479 0.572364 -0.308631 
1006704127282880 0.263428 0.401556 -0.367272 
1006704146189598 0.067346 0.243957 -0.388652 
1006704165096369 -0.072233 0.006338 -0.356888 
1006704184003140 -0.106746 -0.183941 -0.283891 
1006704202909911 -0.072538 -0.194326 -0.197151 
1006704221816682 0.020616 -0.100255 -0.127820 
1006704240723453 0.195624 0.035964 -0.091169 
1006704259630223 0.356888 0.178291 -0.082312 
1006704278536994 0.401479 0.303209 -0.076509 
1006704297443713 0.363912 0.313899 -0.073454 
1006704316350484 0.298246 0.178291 -0.063375 
1006704335257255 0.236245 0.006643 -0.035276 
1006704354164026 0.142786 -0.061467 0.001985 
1006704373070796 0.027641 -0.059329 0.033138 
1006704391977567 -0.083533 -0.013210 0.049937 
1006704410884338 -0.177298 0.004200 0.071011 
1006704429791057 -0.188905 -0.096590 0.084755 
1006704448697828 -0.157446 -0.122551 0.084755 
1006704467604598 -0.140953 -0.077349 0.059099 
1006704486511369 -0.118352 -0.100255 -0.003207 
1006704505418140 -0.084755 -0.098423 -0.075287 
1006704524324911 -0.072233 0.008781 -0.115603 
1006704543231682 -0.095139 0.040850 -0.106440 
1006704562138453 -0.076203 -0.062994 -0.085977 
1006704581045223 0.057267 -0.260297 -0.077425 
1006704599951994 0.275950 -0.411787 -0.134234 
1006704618858713 0.438130 -0.377885 -0.219752 
1006704637765484 0.442101 -0.200434 -0.276561 
1006704656672255 0.318099 0.046653 -0.303133 
1006704675579026 0.132401 0.184705 -0.264955 
1006704694485796 -0.016646 0.107127 -0.177604 
1006704713392567 -0.069484 -0.064215 -0.104913 
1006704732299338 -0.117130 -0.075516 -0.153781 
1006704751206109 -0.217309 0.139808 -0.386208 
1006704770112880 -0.308020 0.420797 -0.670634 
1006704789019651 -0.363301 0.396364 -0.740270 
1006704807926421 -0.308936 -0.102393 -0.559078 
1006704826833192 -0.224028 -0.512272 -0.220058 
1006704845739963 -0.201121 -0.570302 0.096361 
1006704864646734 -0.203565 -0.428586 0.241743 
1006704883553505 -0.146451 -0.107280 0.200816 
1006704902460276 -0.025197 0.350855 0.103080 
1006704921367046 0.134234 0.565645 0.098194 
1006704940273817 0.167219 0.330392 0.238383 
1006704959180588 0.000458 -0.030619 0.433243 
1006704978087359 -0.182491 -0.131409 0.492190 
1006704996994130 -0.242048 0.098575 0.423470 
1006705015900848 -0.220363 0.390560 0.319931 
1006705034807671 -0.108273 0.484707 0.191653 
1006705053714390 0.096667 0.447446 0.129041 
1006705072621161 0.264039 0.363072 0.089642 
1006705091527932 0.280837 0.271140 -0.025503 
1006705110434703 0.181269 0.121177 -0.191959 
1006705129341473 0.103997 0.006338 -0.313212 
1006705148248244 0.108884 -0.016264 -0.304965 
1006705167155015 0.182491 0.002062 -0.195929 
1006705186061786 0.271674 0.109571 -0.063070 
1006705204968557 0.303744 0.216774 0.071927 
1006705223875328 0.255181 0.144084 0.141258 
1006705242782098 0.137288 -0.044668 0.131179 
1006705261688869 0.012981 -0.202572 0.091169 
1006705280595640 -0.074676 -0.200740 0.070706 
1006705299502463 -0.117130 -0.046195 0.090558 
1006705318409234 -0.078952 0.057649 0.140037 
1006705337316005 -0.037414 0.032299 0.198373 
1006705356222776 -0.090253 -0.036422 0.252433 
1006705375129546 -0.190737 -0.097812 0.287251 
1006705394036317 -0.313517 -0.162867 0.301606 
1006705412943088 -0.373380 -0.172641 0.273812 
1006705431849859 -0.376740 -0.121330 0.263428 
1006705450756630 -0.396898 -0.044974 0.264955 
1006705469663401 -0.323596 0.042378 0.224639 
1006705488570171 -0.054518 0.073836 0.189210 
1006705507476942 0.252738 0.014584 0.190737 
1006705526383713 0.394149 -0.012599 0.204481 
1006705545290484 0.332148 0.108654 0.224945 
1006705564197255 0.184934 0.186843 0.249989 
1006705583104026 0.069789 0.138586 0.250600 
1006705602010796 0.058489 0.077807 0.223112 
1006705620917567 0.070400 0.115679 0.207841 
1006705639824338 0.040774 0.130950 0.205703 
1006705658731109 0.016646 0.086969 0.185239 
1006705677637880 0.020005 0.058870 0.153475 
1006705696544651 0.044745 0.033826 0.114992 
1006705715451421 0.072844 -0.036422 0.053907 
1006705734358192 0.050242 0.011835 -0.001374 
1006705753264963 0.020005 0.018860 -0.030390 
1006705772171734 0.016951 0.009392 -0.056045 
1006705791078557 0.038942 0.053373 -0.091169 
1006705809985328 0.096667 0.011530 -0.123849 
1006705828892098 0.091474 -0.066659 -0.122017 
1006705847798869 -0.012675 -0.059634 -0.109800 
1006705866705640 -0.154086 -0.055663 -0.109800 
1006705885612411 -0.239299 -0.155842 -0.108578 
1006705904519182 -0.256403 -0.306111 -0.096361 
1006705923425953 -0.213338 -0.356506 -0.058489 
1006705942332723 -0.062154 -0.373915 -0.026725 
1006705961239494 0.097277 -0.255411 -0.039247 
1006705980146265 0.173633 -0.082235 -0.093918 
1006705999053036 0.217920 -0.064521 -0.186461 
1006706017959807 0.233802 -0.166838 -0.254571 
1006706036866578 0.178826 -0.223341 -0.257930 
1006706055773348 0.084144 -0.128965 -0.193486 
1006706074680119 -0.037720 0.043599 -0.062765 
1006706093586942 -0.101859 0.116595 0.036498 
1006706112493713 -0.084450 0.079639 0.058489 
1006706131400484 -0.033749 -0.004963 -0.004734 
1006706150307255 -0.044745 0.014584 -0.080785 
1006706169214026 -0.163249 0.117512 -0.074371 
1006706188120796 -0.261290 0.155079 -0.030390 
1006706207027567 -0.254876 0.171877 -0.005039 
1006706225934338 -0.154392 0.161187 0.011453 
1006706244841109 -0.063986 0.061925 0.035582 
1006706263747880 -0.075898 0.035047 0.010537 
1006706282654703 -0.071011 0.085137 -0.041385 
1006706301561473 -0.005039 0.189897 -0.025808 
1006706320468244 0.051464 0.298017 0.044439 
1006706339375015 0.071927 0.341387 0.119879 
1006706358281786 0.017867 0.368875 0.195624 
1006706377188557 -0.054824 0.306569 0.235634 
1006706396095328 -0.035582 0.096438 0.243270 
1006706415002098 0.050853 0.003589 0.212117 
1006706433908869 0.081701 0.077196 0.168136 
1006706452815692 0.012370 0.150192 0.153781 
1006706471722463 -0.019700 0.118123 0.153781 
1006706490629234 -0.005956 0.049708 0.184629 
1006706509536005 -0.017867 -0.000993 0.224334 
1006706528442776 -0.031000 -0.023594 0.223723 
1006706547349546 -0.067957 0.052457 0.237161 
1006706566256317 -0.195318 0.215247 0.326040 
1006706585163088 -0.299162 0.058870 0.445155 
1006706604069859 -0.392011 -0.246553 0.504407 
1006706622976682 -0.474476 -0.440803 0.471116 
1006706641883453 -0.565492 -0.366585 0.446682 
1006706660790223 -0.535866 -0.211124 0.437519 
1006706679696994 -0.399647 -0.020845 0.465924 
1006706698603765 -0.240521 0.079945 0.528841 
1006706717510536 0.013286 0.011530 0.545639 
1006706736417307 0.251211 -0.046195 0.528536 
1006706755324130 0.318099 -0.041003 0.461953 
1006706774230901 0.274729 -0.029092 0.352917 
1006706793137671 0.153170 0.064368 0.296414 
1006706812044442 0.086893 0.058565 0.287862 
1006706830951213 0.130569 -0.089565 0.303438 
1006706849857984 0.145534 -0.166838 0.347725 
1006706868764755 0.084144 -0.145763 0.379794 
1006706887671578 0.012981 -0.119497 0.374602 
1006706906578348 0.029473 -0.145153 0.297941 
1006706925485119 0.082617 -0.183025 0.220363 
1006706944391890 0.030390 -0.059023 0.225250 
1006706963298661 -0.060627 0.115985 0.269231 
1006706982205432 -0.026419 0.212498 0.281142 
1006707001112255 0.096667 0.226243 0.249684 
1006707020019026 0.159584 0.212193 0.183712 
1006707038925796 0.103386 0.210971 0.113770 
1006707057832567 -0.097888 0.183178 0.020311 
1006707076739338 -0.267093 0.062535 -0.082617 
1006707095646109 -0.263733 -0.089871 -0.124155 
1006707114552932 -0.120490 -0.100561 -0.130263 
1006707133459703 0.064903 -0.017486 -0.130569 
1006707152366473 0.181269 0.100713 -0.113159 
1006707171273244 0.209673 0.167601 -0.115603 
1006707190180015 0.176688 0.233573 -0.162027 
1006707209086786 0.122628 0.280913 -0.229831 
1006707227993609 0.066124 0.258617 -0.275645 
1006707246900380 0.059405 0.048181 -0.220974 
1006707265807151 0.069789 -0.126827 -0.097583 
1006707284713921 0.038025 -0.086511 -0.005345 
1006707303620692 -0.012064 -0.011377 0.017867 
1006707322527515 -0.031611 -0.025121 -0.025808 
1006707341434286 0.002291 -0.119192 -0.104302 
1006707360341057 0.014813 -0.181803 -0.140037 
1006707379247828 -0.040163 -0.165005 -0.113770 
1006707398154651 -0.108884 -0.108807 -0.071927 
1006707417061421 -0.136066 -0.077349 -0.055434 
1006707435968192 -0.146756 -0.080708 -0.060627 
1006707454874963 -0.129652 -0.147596 -0.086588 
1006707473781786 -0.114076 -0.197685 -0.103691 
1006707492688557 -0.088115 -0.268849 -0.133012 
1006707511595328 -0.079868 -0.195242 -0.179436 
1006707530502098 -0.105829 0.066201 -0.206619 
1006707549408869 -0.073149 0.273583 -0.229220 
1006707568315692 -0.000764 0.338944 -0.215782 
1006707587222463 0.062154 0.137670 -0.167830 
1006707606129234 0.059405 -0.103615 -0.159278 
1006707625036005 -0.019394 -0.100255 -0.173022 
1006707643942828 -0.046272 -0.016264 -0.158973 
1006707662849598 -0.041690 0.152635 -0.113159 
1006707681756369 -0.069484 0.340776 -0.074065 
1006707700663192 -0.049326 0.322756 -0.035276 
1006707719569963 -0.027946 0.259839 0.026419 
1006707738476734 -0.033444 0.235711 0.074371 
1006707757383505 -0.004123 0.124842 0.091780 
1006707776290328 0.018173 0.059787 0.105829 
1006707795197098 -0.005039 0.103768 0.148589 
1006707814103869 -0.056045 0.138891 0.289389 
1006707833010640 -0.049020 0.016722 0.456150 
1006707851917463 -0.026419 -0.112167 0.548694 
1006707870824234 -0.071011 -0.187301 0.527314 
1006707889731005 -0.080785 -0.219371 0.391706 
1006707908637776 0.020005 -0.227617 0.218836 
1006707927544598 0.071316 -0.215095 0.089947 
1006707946451369 0.028252 -0.242277 0.115603 
1006707965358140 -0.111938 -0.201351 0.268620 
1006707984264963 -0.295497 -0.164394 0.383459 
1006708003171734 -0.409420 -0.211430 0.393844 
1006708022078505 -0.454928 -0.187912 0.314128 
1006708040985328 -0.419194 -0.176917 0.208146 
1006708059892098 -0.346809 -0.202878 0.129958 
1006708078798869 -0.248462 -0.295726 0.059710 
1006708097705640 -0.152559 -0.285342 -0.017562 
1006708116612463 -0.071316 -0.199823 -0.062459 
1006708135519234 -0.033138 -0.043141 -0.097583 
1006708154426005 -0.057267 0.201198 -0.135761 
1006708173332828 -0.096056 0.375289 -0.137288 
1006708192239598 -0.118963 0.323673 -0.060016 
1006708211146369 -0.085060 0.117512 0.053602 
1006708230053140 0.032528 -0.043141 0.139426 
1006708248959963 0.195318 -0.165005 0.177909 
1006708267866734 0.365439 -0.248080 0.140037 
1006708286773505 0.452485 -0.150650 0.106440 
1006708305680328 0.454318 0.045126 0.080174 
1006708324587098 0.364218 0.193868 0.029168 
1006708343493869 0.215476 0.191730 -0.016646 
1006708362400692 0.120795 0.120871 -0.024892 
1006708381307463 0.112549 0.140724 0.031917 
1006708400214234 0.067651 0.240903 0.123849 
1006708419121005 -0.175160 0.262893 0.137899 
1006708438027828 -0.324207 0.076585 0.063681 
1006708456934598 -0.196540 -0.064826 -0.003207 
1006708475841369 0.124766 0.070171 -0.018173 
1006708494748192 0.346198 0.317870 -0.047188 
1006708513654963 0.208757 0.440726 -0.124460 
1006708532561734 -0.090253 0.226548 -0.148589 
1006708551468557 -0.249989 -0.092314 -0.074676 
1006708570375328 -0.271674 -0.232198 -0.023976 
1006708589282098 -0.249989 -0.351314 -0.060016 
1006708608188921 -0.230442 -0.313136 -0.114992 
1006708627095692 -0.075287 -0.121024 -0.092085 
1006708646002463 0.140342 0.070477 0.001374 
1006708664909234 0.125987 0.102546 0.081090 
1006708683816057 -0.056656 -0.059023 0.114992 
1006708702722828 -0.178215 -0.229755 0.155002 
1006708721629598 -0.152559 -0.211430 0.160195 
1006708740536421 -0.077119 -0.053831 0.101248 
1006708759443192 -0.035582 0.104684 -0.006261 
1006708778349963 -0.056962 0.185927 -0.122322 
1006708797256786 -0.033138 0.056732 -0.161416 
1006708816163557 0.042301 -0.129881 -0.103997 
1006708835070328 0.042301 -0.100255 -0.032833 
1006708853977151 0.021532 -0.004963 -0.020005 
1006708872883921 0.044134 0.048181 -0.060932 
1006708891790692 0.100026 -0.003741 -0.111632 
1006708910697515 0.133623 -0.076738 -0.160195 
1006708929604286 0.102164 -0.151872 -0.145534 
1006708948511057 0.000458 -0.176611 -0.077425 
1006708967417880 -0.065208 -0.169586 -0.022449 
1006708986324651 -0.018478 -0.160729 -0.030695 
1006709005231421 0.047493 -0.073073 -0.104913 
1006709024138244 0.143702 -0.026037 -0.199289 
1006709043045015 0.222196 -0.073378 -0.255792 
1006709061951786 0.216393 -0.109418 -0.268926 
1006709080858609 0.193180 -0.152788 -0.226166 
1006709099765380 0.151337 -0.100866 -0.178826 
1006709118672151 0.115908 0.028328 -0.175160 
1006709137578973 0.175160 0.089107 -0.222807 
1006709156485744 0.267704 0.171877 -0.297330 
1006709175392515 0.301300 0.292825 -0.305271 
1006709194299338 0.241743 0.272056 -0.217309 
1006709213206109 0.128125 0.087580 -0.112549 
1006709232112880 0.021227 -0.095063 -0.033138 
1006709251019703 -0.056962 -0.627416 0.035582 
1006709269926473 -0.120490 -1.486268 0.139426 
1006709288833244 -0.148894 -1.157632 0.274729 
1006709307740067 -0.009621 -0.306111 0.262817 
1006709326646838 0.198067 0.635892 0.242354 
1006709345553609 0.451263 1.099831 0.245713 
1006709364460432 0.622912 0.762948 0.271674 
1006709383367203 0.582596 0.386895 0.220363 
1006709402273973 0.318710 0.101324 0.069484 
1006709421180796 -0.092696 -0.427364 -0.150421 
1006709440087567 -0.582290 -1.025383 -0.351695 
1006709458994338 -0.765544 -0.955747 -0.541058 
1006709477901161 -0.430495 -0.252662 -0.577709 
1006709496807932 -0.022143 0.039018 -0.465007 
1006709515714703 0.126904 0.084526 -0.306798 
1006709534621526 0.171495 0.247622 -0.181574 
1006709553528296 0.129347 0.407664 -0.056045 
1006709572435067 -0.025808 0.294352 -0.009621 
1006709591341890 -0.122017 0.014584 -0.115297 
1006709610248661 -0.095750 -0.010155 -0.204176 
1006709629155484 0.032833 0.083915 -0.198983 
1006709648062255 0.144007 0.104379 -0.163860 
1006709666969026 0.175771 0.055816 -0.158362 
1006709685875848 0.202038 -0.068491 -0.152559 
1006709704782619 0.180964 -0.127743 -0.114992 
1006709723689390 0.031306 -0.085290 -0.128736 
1006709742596213 -0.106135 0.053984 -0.105829 
1006709761502984 -0.092696 0.053984 -0.008705 
1006709780409755 -0.015729 -0.037033 0.058489 
1006709799316578 0.038942 -0.116748 0.048715 
1006709818223348 0.064597 -0.148512 0.012370 
1006709837130119 0.064292 -0.077654 -0.010537 
1006709856036942 0.070706 -0.066659 0.053602 
1006709874943713 -0.004429 -0.107891 0.126904 
1006709893850484 -0.131790 -0.137517 0.129652 
1006709912757307 -0.212422 -0.159813 0.116825 
1006709931664078 -0.152865 -0.132019 0.135761 
1006709950570901 -0.005039 -0.085900 0.172717 
1006709969477671 0.043523 -0.077654 0.212117 
1006709988384442 -0.007177 -0.135074 0.197762 
1006710007291265 0.015118 -0.240139 0.094529 
1006710026198036 0.091474 -0.233115 0.020922 
1006710045104807 0.125682 -0.138433 0.054824 
1006710064011630 0.117435 -0.076432 0.096361 
1006710082918401 0.145840 -0.000993 0.088420 
1006710101825223 0.183101 -0.037338 0.029168 
1006710120731994 0.062154 -0.054442 -0.023670 
1006710139638765 -0.227693 0.009392 -0.038636 
1006710158545588 -0.447293 0.061619 -0.039552 
1006710177452359 -0.443628 0.138281 -0.016340 
1006710196359130 -0.220669 0.189286 0.057267 
1006710215265953 0.094223 0.256174 0.151337 
1006710234172723 0.242659 0.264421 0.199594 
1006710253079494 0.147978 0.161187 0.146756 
1006710271986317 0.024281 0.038407 0.045355 
1006710290893088 0.155613 0.134615 -0.026114 
1006710309799911 0.361774 0.255563 -0.008705 
1006710328706682 0.445460 0.267169 0.004734 
1006710347613453 0.356582 0.056732 -0.053907 
1006710366520276 0.113159 -0.075211 -0.094529 
1006710385427046 -0.058489 -0.064521 -0.096056 
1006710404333817 -0.060321 0.038407 -0.103386 
1006710423240640 0.009315 0.074447 -0.050853 
1006710442147411 0.043523 0.070171 0.025197 
1006710461054234 -0.002291 -0.058718 0.032528 
1006710479961005 -0.136677 -0.117970 0.037109 
1006710498867776 -0.249073 -0.050777 0.047188 
1006710517774598 -0.215171 0.049097 0.046272 
1006710536681369 -0.085060 0.101019 0.088726 
1006710555588140 -0.019394 0.155995 0.228915 
1006710574494963 -0.120490 0.155690 0.304965 
1006710593401734 -0.322069 -0.000076 0.259763 
1006710612308505 -0.389262 -0.316190 0.115908 
1006710631215328 -0.242048 -0.491503 0.090864 
1006710650122098 -0.021532 -0.309776 0.125987 
1006710669028921 0.027641 -0.109113 0.134539 
1006710687935692 -0.090864 -0.036116 0.026114 
1006710706842463 -0.061543 -0.153704 -0.176993 
1006710725749286 0.168747 -0.161035 -0.225555 
1006710744656057 0.373075 -0.061467 -0.116214 
1006710763562828 0.355055 -0.002520 -0.031306 
1006710782469651 0.144007 0.099492 0.034666 
1006710801376421 -0.049326 0.116595 0.062765 
1006710820283244 -0.089031 0.074142 0.011453 
1006710839190015 -0.013286 0.038102 -0.052686 
1006710858096786 0.065208 0.006338 -0.084144 
1006710877003609 0.057572 -0.039781 -0.087198 
1006710895910380 -0.008094 -0.007101 -0.061237 
1006710914817151 -0.076814 0.021303 -0.047493 
1006710933723973 -0.116519 -0.027259 -0.116825 
1006710952630744 -0.088115 -0.136295 -0.206008 
1006710971537567 -0.058794 -0.268238 -0.283891 
1006710990444338 -0.076203 -0.245942 -0.311990 
1006711009351109 -0.068568 -0.113389 -0.264039 
1006711028257932 -0.049937 0.002062 -0.192570 
1006711047164703 -0.071011 0.016417 -0.147672 
1006711066071473 -0.089642 -0.040392 -0.137593 
1006711084978296 -0.069484 -0.081319 -0.124460 
1006711103885067 -0.058183 -0.124995 -0.139426 
1006711122791890 -0.059099 -0.109723 -0.177604 
1006711141698661 -0.031611 0.013362 -0.147061 
1006711160605432 -0.010232 0.120566 -0.080174 
1006711179512255 -0.052380 0.123926 -0.038942 
1006711198419026 -0.096056 0.107127 -0.030390 
1006711217325796 -0.136066 -0.017486 -0.106746 
1006711236232619 -0.134539 -0.058107 -0.204481 
1006711255139390 -0.062765 0.075363 -0.188599 
1006711274046213 -0.039552 0.198754 -0.134845 
1006711292952984 -0.056656 0.200892 -0.110411 
1006711311859755 -0.063986 0.118428 -0.132096 
1006711330766578 -0.057572 0.028939 -0.137288 
1006711349673348 -0.058183 0.012141 -0.119573 
1006711368580119 -0.037720 0.094605 -0.077119 
1006711387486942 -0.014508 0.112014 -0.045050 
1006711406393713 -0.042607 -0.047722 -0.086893 
1006711425300536 -0.091474 -0.215705 -0.150727 
1006711444207307 -0.095445 -0.165616 -0.133012 
1006711463114078 -0.007483 0.047264 -0.023670 
1006711482020901 0.081701 0.116901 0.016646 
1006711500927671 0.065819 0.075363 0.000764 
1006711519834494 0.051769 0.004505 0.000153 
1006711538741265 0.111021 -0.009544 0.042607 
1006711557648036 0.130263 0.042988 0.102470 
1006711576554859 0.026725 0.046043 0.094223 
1006711595461630 -0.062765 0.006032 0.032528 
1006711614368453 -0.068262 0.007559 0.016951 
1006711633275223 -0.063070 0.027717 0.036498 
1006711652181994 -0.067040 0.035964 0.056656 
1006711671088817 -0.071622 -0.010155 0.045050 
1006711689995588 -0.074065 -0.070018 0.022143 
1006711708902411 -0.078952 -0.083762 0.028863 
1006711727809182 -0.084755 -0.008628 0.065513 
1006711746715953 -0.077730 0.087580 0.089947 
1006711765622776 -0.056045 0.065590 0.053907 
1006711784529546 0.001069 0.027106 0.028252 
1006711803436369 0.039247 0.056122 0.063986 
1006711822343140 -0.009315 0.111709 0.133928 
1006711841249911 -0.067346 0.085748 0.131790 
1006711860156734 -0.052686 0.062841 0.085671 
1006711879063505 -0.014508 0.165463 0.118657 
1006711897970328 -0.077119 0.245790 0.215782 
1006711916877098 -0.199594 0.200282 0.209368 
1006711935783869 -0.237772 0.009392 0.063681 
1006711954690692 -0.113465 -0.211430 -0.059405 
1006711973597463 0.072233 -0.198602 -0.017867 
1006711992504286 0.108578 -0.070018 0.137593 
1006712011411057 -0.000764 0.043294 0.260068 
1006712030317828 -0.219141 -0.135684 0.203870 
1006712049224651 -0.450347 -0.365363 0.069484 
1006712068131421 -0.400869 -0.103004 0.034360 
1006712087038244 -0.119879 -0.306722 0.009010 
1006712105945015 0.131179 -0.368723 0.144924 
1006712124851838 0.241437 -0.422172 0.418889 
1006712143758609 0.280532 -0.450576 0.666587 
1006712162665380 0.429578 -0.409955 0.710263 
1006712181572203 0.537087 -0.253578 0.523649 
1006712200478973 0.468367 0.083915 0.196540 
1006712219385744 0.331537 0.374678 -0.031306 
1006712238292567 0.218531 0.514028 -0.137899 
1006712257199338 0.137899 0.638946 -0.144313 
1006712276106161 0.106746 0.570837 -0.018784 
1006712295012932 0.099721 0.345052 0.104302 
1006712313919703 0.016646 0.269613 0.163249 
1006712332826526 -0.141564 0.256480 0.176077 
1006712351733296 -0.269536 0.232351 0.122017 
1006712370640119 -0.287251 0.193257 0.038331 
1006712389546890 -0.198373 0.162714 -0.071622 
1006712408453661 -0.078647 0.158439 -0.181269 
1006712427360484 -0.024281 0.123009 -0.203565 
1006712446267255 -0.022754 0.100713 -0.123849 
1006712465174078 -0.122322 0.187454 -0.012064 
1006712484080848 -0.257319 0.236016 0.011453 
1006712502987619 -0.298246 0.186232 -0.082617 
1006712521894442 -0.259152 0.115985 -0.182796 
1006712540801213 -0.107967 0.008170 -0.226166 
1006712559708036 0.067346 -0.035505 -0.169663 
1006712578614807 0.104608 0.002062 -0.086588 
1006712597521630 0.083839 -0.049250 -0.072538 
1006712616428401 0.076814 -0.151872 -0.096667 
1006712635335171 0.052075 -0.138433 -0.105829 
1006712654241994 -0.001680 -0.020234 -0.062154 
1006712673148765 -0.078341 0.020082 0.009621 
1006712692055588 -0.116214 -0.051998 0.056351 
1006712710962359 -0.117130 -0.073683 0.065208 
1006712729869130 -0.116825 -0.004963 0.050242 
1006712748775953 -0.118657 0.042072 0.013591 
1006712767682723 -0.085977 -0.004047 -0.027335 
1006712786589546 -0.021838 -0.006796 -0.028252 
1006712805496317 0.015424 0.063146 0.013286 
1006712824403140 0.028557 0.092162 0.044439 
1006712843309911 0.070095 0.041156 0.045661 
1006712862216682 0.091780 -0.014431 0.040774 
1006712881123505 0.075592 -0.079792 0.045966 
1006712900030276 0.064292 -0.119802 0.040469 
1006712918937098 0.061237 -0.111556 0.026419 
1006712937843869 0.029473 -0.060550 0.025503 
1006712956750692 -0.031306 -0.004352 0.054824 
1006712975657463 -0.065208 -0.026648 0.058794 
1006712994564234 -0.065208 -0.059634 0.015424 
1006713013471057 -0.022449 -0.082846 -0.031306 
1006713032377828 0.016951 -0.017486 -0.063070 
1006713051284651 0.025197 0.081472 -0.080174 
1006713070191421 0.024281 0.098270 -0.110716 
1006713089098244 0.008399 0.064063 -0.122017 
1006713108005015 -0.031306 0.064368 -0.089336 
1006713126911786 -0.103386 0.050013 -0.020005 
1006713145818609 -0.151337 -0.022067 0.038025 
1006713164725380 -0.113770 -0.070324 0.035887 
1006713183632203 -0.047493 -0.053831 0.016951 
1006713202538973 -0.013286 -0.020845 0.005956 
1006713221445796 -0.007177 0.027412 -0.001374 
1006713240352567 -0.034360 0.044210 -0.007177 
1006713259259338 -0.127820 0.029855 -0.008094 
1006713278166161 -0.178826 -0.065437 -0.016340 
1006713297072932 -0.100332 -0.181498 -0.067346 
1006713315979755 0.007788 -0.177833 -0.111327 
1006713334886526 0.059710 -0.090482 -0.133012 
1006713353793348 0.030084 -0.042530 -0.140037 
1006713372700119 -0.021532 -0.056885 -0.132096 
1006713391606890 -0.018478 -0.028481 -0.116825 
1006713410513713 0.005956 0.066201 -0.096972 
1006713429420484 0.012064 0.124536 -0.078036 
1006713448327307 -0.001680 0.127591 -0.075287 
1006713467234078 -0.015729 0.101019 -0.088726 
1006713486140901 -0.021838 0.052457 -0.121406 
1006713505047671 -0.015118 -0.015042 -0.155919 
1006713523954494 0.000153 -0.067575 -0.163860 
1006713542861265 -0.001069 -0.069713 -0.145534 
1006713561768036 -0.020005 -0.033978 -0.130569 
1006713580674859 -0.035276 0.000840 -0.123238 
1006713599581630 -0.034055 0.011835 -0.120795 
1006713618488453 -0.045966 0.015195 -0.125682 
1006713637395223 -0.075898 -0.004352 -0.122933 
1006713656302046 -0.049631 -0.074600 -0.106135 
1006713675208817 0.035582 -0.057191 -0.106135 
1006713694115588 0.106746 0.034131 -0.108578 
1006713713022411 0.119268 0.089413 -0.101248 
1006713731929182 0.088726 0.085137 -0.104913 
1006713750836005 0.023670 0.057038 -0.096056 
1006713769742776 -0.003818 -0.019623 -0.041385 
1006713788649598 0.033444 -0.071851 0.016340 
1006713807556369 0.072538 -0.003131 0.034360 
1006713826463192 0.079257 0.058870 0.037109 
1006713845369963 0.052380 0.032299 0.051769 
1006713864276734 -0.008705 -0.003131 0.061237 
1006713883183557 -0.048410 -0.078876 0.061543 
1006713902090328 -0.005956 -0.151566 0.053602 
1006713920997151 0.061237 -0.106669 0.052686 
1006713939903921 0.073149 0.005421 0.059099 
1006713958810744 0.043523 0.018249 0.055740 
1006713977717515 0.006872 -0.062688 0.067040 
1006713996624338 -0.031917 -0.060856 0.087809 
1006714015531109 -0.067957 0.028023 0.122628 
1006714034437880 -0.113770 0.119650 0.124766 
1006714053344703 -0.137288 0.114763 0.099415 
1006714072251473 -0.109800 0.075974 0.093307 
1006714091158296 -0.053907 0.042378 0.106440 
1006714110065067 -0.038025 0.061925 0.114381 
1006714128971890 -0.062459 0.073836 0.125987 
1006714147878661 -0.070400 0.013973 0.135761 
1006714166785484 -0.070400 -0.033978 0.143702 
1006714185692255 -0.086588 -0.000993 0.149810 
1006714204599026 -0.103997 0.016111 0.164165 
1006714223505848 -0.096056 -0.041309 0.180047 
1006714242412619 -0.085060 -0.061467 0.167219 
1006714261319442 -0.067346 -0.055053 0.129347 
1006714280226213 -0.027335 -0.050166 0.098194 
1006714299133036 -0.006567 0.005421 0.088420 
1006714318039807 -0.041079 0.099492 0.116519 
1006714336946578 -0.113465 0.149276 0.167219 
1006714355853401 -0.156224 0.101935 0.174855 
1006714374760171 -0.128431 0.027717 0.130569 
1006714393666994 -0.033138 0.041461 0.052991 
1006714412573765 0.077730 0.098575 -0.006567 
1006714431480588 0.182185 0.056122 -0.022449 
1006714450387359 0.242354 0.008170 0.012675 
1006714469294182 0.221279 0.041767 0.074982 
1006714488200953 0.172106 0.076585 0.123544 
1006714507107723 0.121406 0.099186 0.135761 
1006714526014546 0.048104 0.112014 0.122322 
1006714544921317 -0.015729 0.046959 0.126293 
1006714563828140 -0.026725 -0.048639 0.149505 
1006714582734911 -0.002596 -0.091703 0.175160 
1006714601641734 -0.032222 -0.022067 0.209368 
1006714620548505 -0.098499 0.086969 0.232886 
1006714639455276 -0.079868 0.223494 0.261290 
1006714658362098 0.151948 0.437061 0.334286 
1006714677268869 0.450042 0.643528 0.454318 
1006714696175692 0.498299 0.690257 0.495244 
1006714715082463 0.304965 0.523191 0.371242 
1006714733989286 0.147978 0.247622 0.152865 
1006714752896057 0.144007 0.032299 -0.049937 
1006714771802880 0.121406 -0.165311 -0.175466 
1006714790709651 -0.063375 -0.321382 -0.224334 
1006714809616421 -0.221279 -0.309471 -0.188599 
1006714828523244 -0.091780 -0.059939 -0.069178 
1006714847430015 0.199900 0.157828 0.052991 
1006714866336838 0.344060 0.138281 0.100943 
1006714885243609 0.271063 -0.069713 0.041996 
1006714904150432 0.063375 -0.222730 -0.059405 
1006714923057203 -0.136372 -0.209597 -0.097888 
1006714941963973 -0.204176 -0.074905 -0.036804 
1006714960870796 -0.135150 0.007254 0.033444 
1006714979777567 -0.049937 -0.011682 0.038025 
1006714998684390 -0.041690 -0.081014 -0.023365 
1006715017591161 -0.111327 -0.097506 -0.101553 
1006715036497984 -0.141564 -0.036116 -0.135761 
1006715055404755 -0.081090 0.006032 -0.122017 
1006715074311526 -0.028252 0.035964 -0.109494 
1006715093218348 -0.056045 0.024663 -0.115297 
1006715112125119 -0.095445 0.027412 -0.094529 
1006715131031942 -0.074065 0.041767 -0.062154 
1006715149938713 -0.000764 -0.010766 -0.066124 
1006715168845536 0.049020 -0.082235 -0.093612 
1006715187752307 0.054213 -0.073073 -0.147061 
1006715206659130 0.056351 -0.051082 -0.178520 
1006715225565901 0.066735 -0.061467 -0.157446 
1006715244472671 0.073760 -0.105448 -0.121100 
1006715263379494 0.042301 -0.067575 -0.093612 
1006715282286265 -0.016951 0.041461 -0.065513 
1006715301193088 -0.055740 0.056122 -0.075287 
1006715320099859 -0.027335 -0.077959 -0.136677 
1006715339006682 0.016035 -0.179360 -0.193486 
1006715357913453 -0.000153 -0.125300 -0.207230 
1006715376820276 -0.010843 -0.030619 -0.194402 
1006715395727046 0.033444 -0.026343 -0.174855 
1006715414633817 0.038636 -0.041614 -0.152865 
1006715433540640 -0.034971 -0.049860 -0.145534 
1006715452447411 -0.117741 -0.040698 -0.159889 
1006715471354234 -0.161416 0.017944 -0.177604 
1006715490261005 -0.170579 0.006338 -0.194708 
1006715509167828 -0.140037 -0.041309 -0.196235 
1006715528074598 -0.071927 0.055511 -0.160195 
1006715546981421 0.020311 0.141335 -0.117130 
1006715565888192 0.035582 0.116595 -0.098805 
1006715584795015 -0.027946 0.049097 -0.100026 
1006715603701786 -0.078036 0.006338 -0.071927 
1006715622608609 -0.065819 0.011530 -0.027030 
1006715641515380 -0.025808 0.042683 0.012981 
1006715660422203 0.015424 0.019471 0.046883 
1006715679328973 0.043523 -0.019623 0.052686 
1006715698235796 0.029473 -0.017180 0.038331 
1006715717142567 -0.020005 -0.004352 0.037109 
1006715736049390 -0.036193 -0.041919 0.031917 
1006715754956161 0.001374 -0.090787 0.014813 
1006715773862984 0.056962 -0.082541 0.018478 
1006715792769755 0.063986 -0.002214 0.048410 
1006715811676578 0.014813 0.047570 0.046883 
1006715830583348 -0.060932 0.023747 0.017867 
1006715849490171 -0.129652 -0.023289 0.000153 
1006715868396994 -0.147672 -0.062383 0.028557 
1006715887303765 -0.092085 -0.035811 0.070706 
1006715906210588 -0.032222 0.066811 0.083228 
1006715925117359 -0.020616 0.118428 0.052991 
1006715944024182 -0.043828 0.077501 0.002291 
1006715962930953 -0.060016 0.004810 -0.006261 
1006715981837776 -0.035887 -0.077654 0.059405 
1006716000744546 0.009621 -0.087122 0.114076 
1006716019651369 0.053296 -0.011377 0.117741 
1006716038558140 0.018478 0.097048 0.112243 
1006716057464963 -0.078036 0.099797 0.116825 
1006716076371786 -0.062154 -0.051082 0.127209 
1006716095278557 0.049631 -0.127438 0.122628 
1006716114185380 0.124155 -0.038560 0.074676 
1006716133092151 0.107356 0.053984 0.034971 
1006716151998973 0.026725 0.081166 0.043523 
1006716170905744 0.037414 -0.006185 0.043828 
1006716189812567 0.127209 -0.072156 0.029168 
1006716208719390 0.153781 -0.117054 0.023365 
1006716227626161 0.081701 -0.121330 0.024892 
1006716246532984 0.008705 -0.054747 0.020311 
1006716265439755 0.018173 -0.046806 -0.000458 
1006716284346578 0.072538 -0.058412 -0.032222 
1006716303253401 0.083533 -0.042225 -0.062154 
1006716322160171 0.047799 -0.089260 -0.054518 
1006716341066994 0.001374 -0.087428 -0.005650 
1006716359973765 -0.059099 0.013668 0.034666 
1006716378880588 -0.116519 0.097354 0.049020 
1006716397787411 -0.119268 0.053984 0.056962 
1006716416694182 -0.101553 -0.037033 0.052380 
1006716435601005 -0.093612 -0.109723 0.021532 
1006716454507828 -0.097583 -0.116137 -0.018478 
1006716473414598 -0.101248 -0.106058 -0.038331 
1006716492321421 -0.077730 -0.216927 -0.043217 
1006716511228192 -0.216393 -0.585573 -0.155613 
1006716530135015 -0.403312 -0.847932 -0.365439 
1006716549041838 -0.282059 -0.765468 -0.466535 
1006716567948609 0.159278 -0.400181 -0.462870 
1006716586855432 0.556329 0.044821 -0.380405 
1006716605762255 0.581374 0.264421 -0.207841 
1006716624669026 0.327872 0.221356 0.004123 
1006716643575848 0.097277 -0.018402 0.143702 
1006716662482671 0.011453 -0.145458 0.136066 
1006716681389442 0.015424 -0.106058 0.023365 
1006716700296265 0.009621 -0.027564 -0.066735 
1006716719203088 0.001985 -0.014126 -0.027335 
1006716738109859 0.005956 -0.043752 0.088115 
1006716757016682 -0.005345 -0.118275 0.196235 
1006716775923505 0.013591 -0.200129 0.231358 
1006716794830276 0.050853 -0.149123 0.156835 
1006716813737098 0.053602 -0.037338 0.021838 
1006716832643921 0.031611 0.039934 -0.100026 
1006716851550692 0.016340 0.096132 -0.136372 
1006716870457515 0.060932 0.083915 -0.078647 
1006716889364286 0.139120 0.042072 0.003207 
1006716908271109 0.194402 0.069866 0.016646 
1006716927177932 0.198373 0.174626 -0.026114 
1006716946084755 0.122017 0.206390 -0.060932 
1006716964991526 -0.006872 0.126980 -0.049326 
1006716983898348 -0.070095 0.018249 0.022143 
1006717002805171 -0.029473 -0.052915 0.071316 
1006717021711942 0.021838 0.023747 0.063986 
1006717040618765 0.041079 0.146527 0.050242 
1006717059525588 0.045661 0.163325 0.065208 
1006717078432359 0.076814 0.098881 0.096056 
1006717097339182 0.160806 0.013973 0.129347 
1006717116246005 0.209368 0.040240 0.143091 
1006717135152828 0.183101 0.159355 0.135150 
1006717154059598 0.135455 0.218607 0.123849 
1006717172966421 0.045050 0.251287 0.080785 
1006717191873244 -0.028863 0.189592 0.022754 
1006717210780015 -0.080174 0.055205 0.006567 
1006717229686838 -0.132401 -0.014126 0.033138 
1006717248593661 -0.136677 0.021303 0.075287 
1006717267500432 -0.043217 0.095521 0.088115 
1006717286407255 0.039858 0.195395 0.051158 
1006717305314078 0.038025 0.167601 -0.001069 
1006717324220901 0.015424 0.052457 -0.031611 
1006717343127671 0.024281 -0.005269 -0.014813 
1006717362034494 0.055129 -0.065742 0.015118 
1006717380941317 0.062765 -0.091398 0.039247 
1006717399848140 0.066735 -0.086817 0.035582 
1006717418754911 0.067040 -0.063910 0.019394 
1006717437661734 0.057267 -0.055663 -0.019700 
1006717456568557 0.039247 -0.067270 -0.065513 
1006717475475328 0.054824 -0.137517 -0.070400 
1006717494382151 0.138815 -0.181498 -0.067346 
1006717513288973 0.230137 -0.093536 -0.103691 
1006717532195796 0.232886 0.029550 -0.163249 
1006717551102567 0.158057 0.029244 -0.191042 
1006717570009390 0.094529 -0.076738 -0.188294 
1006717588916213 0.070095 -0.194326 -0.156835 
1006717607823036 0.102164 -0.260603 0.105524 
1006717626729859 0.120490 -0.180582 0.339478 
1006717645636630 0.103386 -0.015042 0.424386 
1006717664543453 0.058794 0.204557 0.415529 
1006717683450276 0.037414 0.245179 0.282364 
1006717702357098 0.001985 0.121788 0.114381 
1006717721263921 -0.032528 0.029550 0.031306 
1006717740170692 -0.073149 0.003894 0.048715 
1006717759077515 -0.094529 0.054900 0.100026 
1006717777984338 -0.074982 0.077196 0.099721 
1006717796891161 -0.088420 0.141029 0.016035 
1006717815797984 -0.095139 0.227770 -0.077119 
1006717834704755 -0.019700 0.176459 -0.120184 
1006717853611578 0.099721 0.055205 -0.099415 
1006717872518401 0.142175 0.034437 0.033749 
1006717891425223 0.050853 0.284578 0.034666 
1006717910332046 -0.030390 0.383841 -0.070095 
1006717929238869 -0.024281 0.332225 -0.133317 
1006717948145640 0.002596 0.243041 -0.200511 
1006717967052463 0.013286 0.025885 -0.231053 
1006717985959286 -0.034055 -0.028481 -0.263428 
1006718004866109 -0.077730 0.083304 -0.259763 
1006718023772932 0.004734 0.084526 -0.190126 
1006718042679755 0.134234 0.124536 -0.107356 
1006718061586526 0.209062 0.297712 -0.033138 
1006718080493348 0.044745 0.379565 -0.144313 
1006718099400171 -0.199900 0.521664 -0.225555 
1006718118306994 -0.167830 0.294963 -0.311379 
1006718137213817 0.091169 0.024663 -0.377045 
1006718156120640 0.308631 -0.041614 -0.285724 
1006718175027411 0.318404 0.024052 -0.135150 
1006718193934234 0.317793 0.006032 -0.075898 
1006718212841057 0.353833 -0.032451 -0.000458 
1006718231747880 0.257625 -0.037338 0.031000 
1006718250654703 0.217309 0.004810 -0.011759 
1006718269561526 0.366966 0.011835 -0.055434 
1006718288468348 0.473865 0.055816 -0.078036 
1006718307375171 0.307409 0.080250 0.038636 
1006718326281994 0.040469 -0.000076 0.079868 
1006718345188765 -0.085977 -0.106364 0.047493 
1006718364095588 -0.101248 -0.131714 0.019089 
1006718383002411 -0.094529 -0.056580 0.023365 
1006718401909234 -0.082617 -0.067880 0.032528 
1006718420816057 -0.039552 -0.128049 0.001374 
1006718439722880 -0.081395 -0.086206 0.000458 
1006718458629703 -0.227999 0.023136 0.000458 
1006718477536526 -0.245408 0.049097 -0.070400 
1006718496443348 -0.161416 0.037796 -0.129347 
1006718515350171 -0.128431 0.030161 -0.108273 
1006718534256942 -0.057878 -0.046195 -0.014508 
1006718553163765 0.027335 -0.070324 0.040774 
1006718572070588 -0.004734 -0.057191 0.000764 
1006718590977411 -0.068262 -0.071545 -0.017562 
1006718609884234 -0.027030 0.046348 0.004734 
1006718628791057 0.101859 0.110487 0.009010 
1006718647697880 0.089642 0.055816 0.101248 
1006718666604703 -0.016035 -0.050777 0.147978 
1006718685511526 -0.100026 -0.138739 0.106135 
1006718704418348 -0.100332 -0.084373 0.104608 
1006718723325171 -0.032222 -0.030313 0.163249 
1006718742231994 0.050548 -0.013515 0.196540 
1006718761138817 0.045661 -0.034895 0.199594 
1006718780045640 -0.054824 -0.127133 0.182185 
1006718798952411 -0.118963 -0.193410 0.129958 
1006718817859234 -0.096667 -0.169281 0.119573 
1006718836766057 -0.034055 -0.089871 0.125376 
1006718855672880 -0.016340 -0.009850 0.119268 
1006718874579703 -0.052380 -0.053220 0.097277 
1006718893486526 -0.126598 -0.146985 0.053296 
1006718912393348 -0.155002 -0.060550 0.045355 
1006718931300171 -0.089642 0.053984 0.105829 
1006718950206994 -0.050242 0.155690 0.170274 
1006718969113817 -0.087198 0.058565 0.107051 
1006718988020640 -0.169052 -0.135074 0.056045 
1006719006927463 -0.262206 -0.209597 0.062765 
1006719025834286 -0.290000 -0.104531 0.068873 
1006719044741109 -0.207535 0.117206 0.077730 
1006719063647932 -0.095445 0.484402 0.130874 
1006719082554755 -0.084755 0.545181 0.144924 
1006719101461578 -0.071927 0.294352 0.064903 
1006719120368401 -0.080479 -0.163783 -0.001069 
1006719139275223 -0.084755 -0.260908 0.006261 
1006719158182046 -0.047188 -0.071851 0.025808 
1006719177088869 0.031000 0.017027 0.049937 
1006719195995692 0.129347 -0.058107 0.048410 
1006719214902515 0.185239 -0.317717 -0.026419 
1006719233809338 0.167830 -0.431029 -0.013286 
1006719252716161 0.132401 -0.212957 0.052991 
1006719271622984 0.106440 0.069255 0.071622 
1006719290529807 -0.086282 0.176153 0.025808 
1006719309436630 -0.439963 0.122399 -0.039552 
1006719328343453 -0.690716 0.097659 -0.150116 
1006719347250276 -0.686440 -0.069102 -0.334897 
1006719366157098 -0.351084 -0.186690 -0.399647 
1006719385063921 0.183407 -0.074600 -0.416445 
1006719403970744 0.657119 -0.127133 -0.411558 
1006719422877567 0.824186 -0.263352 -0.329094 
1006719441784390 0.612222 -0.163478 -0.198373 
1006719460691213 0.241437 0.198144 0.005650 
1006719479598036 -0.013286 0.537546 0.204481 
1006719498504859 -0.067040 0.682316 0.351695 
1006719517411682 0.000458 0.583359 0.467451 
1006719536318505 0.090558 0.360934 0.601837 
1006719555225328 0.206619 0.223188 0.721258 
1006719574132151 0.311990 0.022830 0.757298 
1006719593038973 0.361469 -0.235863 0.725534 
1006719611945796 0.346809 -0.333294 0.697129 
1006719630852619 0.296108 -0.348259 0.617414 
1006719649759442 0.288167 -0.184247 0.536477 
1006719668666265 0.333064 0.017333 0.441184 
1006719687573140 0.327567 0.062230 0.300690 
1006719706479963 0.171190 -0.054136 0.165081 
1006719725386786 -0.099721 -0.186996 0.027946 
1006719744293609 -0.362385 -0.226701 -0.044745 
1006719763200432 -0.430800 -0.173557 -0.056656 
1006719782107255 -0.311379 -0.218760 -0.060627 
1006719801014078 -0.095445 -0.332683 -0.093918 
1006719819920901 0.076203 -0.448133 -0.161722 
1006719838827723 0.132096 -0.505247 -0.196540 
1006719857734546 0.089642 -0.294810 -0.104608 
1006719876641369 0.019700 0.100103 -0.002902 
1006719895548192 -0.010843 0.270834 0.032833 
1006719914455015 -0.025197 0.292519 0.057572 
1006719933361890 -0.066430 0.255258 0.050242 
1006719952268713 -0.141869 0.216469 0.029168 
1006719971175536 -0.210284 0.208528 0.052075 
1006719990082359 -0.178826 0.141335 0.122322 
1006720008989182 -0.047799 0.076890 0.186461 
1006720027896005 0.081395 0.057038 0.210284 
1006720046802828 0.127820 0.054289 0.199594 
1006720065709651 0.088726 0.024358 0.142786 
1006720084616473 0.018478 -0.037033 0.091169 
1006720103523296 -0.018478 -0.099034 0.041385 
1006720122430171 -0.031306 -0.112167 -0.004123 
1006720141336994 -0.067957 -0.001603 -0.055434 
1006720160243817 -0.132707 0.153857 -0.125987 
1006720179150640 -0.185239 0.261977 -0.140953 
1006720198057463 -0.181269 0.277554 -0.178826 
1006720216964286 -0.166303 0.204557 -0.277477 
1006720235871109 -0.173633 0.090940 -0.366661 
1006720254777984 -0.207535 0.004200 -0.394760 
1006720273684807 -0.207841 -0.060245 -0.378573 
1006720292591630 -0.137288 -0.057801 -0.317182 
1006720311498453 -0.029473 0.061008 -0.238383 
1006720330405276 0.055129 0.126369 -0.209368 
1006720349312098 0.099415 0.061925 -0.214255 
1006720368218921 0.082006 -0.034284 -0.233191 
1006720387125796 -0.029168 -0.108502 -0.253654 
1006720406032619 -0.170885 -0.106058 -0.226472 
1006720424939442 -0.245408 0.061619 -0.135761 
1006720443846265 -0.240827 0.185621 -0.042912 
1006720462753088 -0.171495 0.177986 -0.005039 
1006720481659911 -0.065819 0.061008 -0.009926 
1006720500566786 -0.000764 -0.097812 -0.043828 
1006720519473609 0.006567 -0.142098 -0.073149 
1006720538380432 -0.009926 -0.127743 -0.113465 
1006720557287255 -0.041996 -0.119192 -0.140342 
1006720576194078 -0.092696 -0.145763 -0.172717 
1006720595100901 -0.124766 -0.176917 -0.186461 
1006720614007776 -0.112243 -0.201656 -0.157140 
1006720632914598 -0.069178 -0.185774 -0.135761 
1006720651821421 -0.022449 -0.153704 -0.111021 
1006720670728244 0.013286 -0.143015 -0.075898 
1006720689635067 0.057572 -0.204710 -0.044745 
1006720708541942 0.103691 -0.194631 -0.016035 
1006720727448765 0.105829 -0.069102 0.016340 
1006720746355588 0.028863 0.126674 0.073760 
1006720765262411 -0.056962 0.207306 0.104608 
1006720784169286 -0.083228 0.133699 0.114076 
1006720803076109 -0.046272 0.049097 0.131179 
1006720821982932 -0.004429 -0.003131 0.119573 
1006720840889755 -0.039247 0.031688 0.101553 
1006720859796578 -0.162027 0.133088 0.104608 
1006720878703453 -0.290611 0.190203 0.128125 
1006720897610276 -0.339173 0.152025 0.142175 
1006720916517098 -0.330316 0.130034 0.148283 
1006720935423921 -0.317182 0.134005 0.134539 
1006720954330796 -0.326651 0.105906 0.080174 
1006720973237619 -0.298246 -0.005574 0.025503 
1006720992144442 -0.176077 -0.226395 -0.037720 
1006721011051265 -0.016646 -0.333294 -0.078036 
1006721029958140 0.082617 -0.245942 -0.087504 
1006721048864963 0.087809 -0.125911 -0.100943 
1006721067771786 0.060627 -0.090482 -0.109189 
1006721086678609 0.075287 -0.154621 -0.084755 
1006721105585484 0.126904 -0.194326 -0.024587 
1006721124492307 0.169357 -0.157370 0.061543 
1006721143399130 0.156530 -0.077349 0.144313 
1006721162305953 0.127514 -0.153704 0.157446 
1006721181212828 0.159584 -0.269765 0.150116 
1006721200119651 0.222196 -0.296337 0.179742 
1006721219026473 0.253043 -0.205626 0.199900 
1006721237933348 0.237161 -0.092009 0.175466 
1006721256840171 0.210895 -0.051082 0.125682 
1006721275746994 0.180964 -0.138433 0.068262 
1006721294653817 0.132707 -0.256327 0.007788 
1006721313560692 0.063986 -0.257854 -0.007788 
1006721332467515 -0.032528 -0.181193 0.035276 
1006721351374338 -0.173328 -0.088649 0.096667 
1006721370281213 -0.305576 0.012751 0.156835 
1006721389188036 -0.346198 0.089413 0.193486 
1006721408094859 -0.290611 0.088191 0.177298 
1006721427001734 -0.203565 0.053067 0.127514 
1006721445908557 -0.143091 0.052762 0.057572 
1006721464815380 -0.126904 0.016417 -0.035276 
1006721483722255 -0.151337 -0.110334 -0.155919 
1006721502629078 -0.187072 -0.281677 -0.282975 
1006721521535901 -0.197762 -0.327796 -0.382543 
1006721540442776 -0.156530 -0.220287 -0.432633 
1006721559349598 -0.083228 -0.022372 -0.412169 
1006721578256421 0.001680 0.087886 -0.356888 
1006721597163296 0.082006 0.044515 -0.322986 
1006721616070119 0.155002 0.108349 -0.255487 
1006721634976942 0.213644 0.234794 -0.145840 
1006721653883817 0.240216 0.376206 -0.043217 
1006721672790640 0.245102 0.393920 0.029168 
1006721691697463 0.227082 0.304126 0.095445 
1006721710604338 0.195624 0.254036 0.160195 
1006721729511161 0.173633 0.115985 0.189515 
1006721748417984 0.126293 -0.020845 0.189210 
1006721767324859 0.055434 -0.023289 0.195929 
1006721786231682 0.003818 -0.017180 0.217614 
1006721805138557 -0.013897 -0.073683 0.205092 
1006721824045380 -0.036193 -0.170197 0.164471 
1006721842952203 -0.073760 -0.221508 0.112243 
1006721861859078 -0.106746 -0.199518 0.063986 
1006721880765901 -0.130874 -0.135379 0.031917 
1006721899672776 -0.147061 -0.121635 -0.025197 
1006721918579598 -0.158668 -0.195242 -0.120795 
1006721937486421 -0.166609 -0.230671 -0.192570 
1006721956393296 -0.158668 -0.157370 -0.226166 
1006721975300119 -0.134234 -0.041919 -0.246630 
1006721994206942 -0.095139 0.030771 -0.249073 
1006722013113817 -0.049937 0.019471 -0.255181 
1006722032020640 -0.016340 0.040545 -0.258236 
1006722050927515 -0.009010 0.129423 -0.219447 
1006722069834338 -0.015424 0.118123 -0.210284 
1006722088741213 -0.026419 -0.010766 -0.246630 
1006722107648036 -0.044134 -0.122857 -0.310158 
1006722126554859 -0.077730 -0.132936 -0.365134 
1006722145461734 -0.106440 -0.080403 -0.404534 
1006722164368557 -0.103691 0.005421 -0.407282 
1006722183275380 -0.035887 0.061008 -0.378573 
1006722202182255 0.088420 0.064063 -0.341005 
1006722221089078 0.205397 0.024358 -0.318099 
1006722239995953 0.253654 0.010308 -0.297941 
1006722258902776 0.220974 0.003283 -0.271674 
1006722277809651 0.140037 0.061008 -0.217309 
1006722296716473 0.066735 0.138891 -0.140953 
1006722315623348 0.026114 0.136143 -0.087504 
1006722334530171 0.000764 0.013057 -0.080785 
1006722353436994 -0.041690 -0.095979 -0.087504 
1006722372343869 -0.078647 -0.088955 -0.056045 
1006722391250692 -0.081090 0.002978 -0.017867 
1006722410157567 -0.052686 0.035658 0.002291 
1006722429064390 -0.025197 0.029855 0.007788 
1006722447971265 -0.025503 0.019165 0.018478 
1006722466878088 -0.051464 -0.041309 0.010537 
1006722485784911 -0.082617 -0.046195 0.020922 
1006722504691786 -0.092696 0.043294 0.071316 
1006722523598609 -0.065513 0.100713 0.114687 
1006722542505484 -0.011759 0.069255 0.127514 
1006722561412307 0.035276 -0.000993 0.108884 
1006722580319182 0.033138 -0.035505 0.095445 
1006722599226005 -0.029168 -0.029092 0.102164 
1006722618132880 -0.101859 0.017638 0.127820 
1006722637039703 -0.134234 0.084526 0.145229 
1006722655946578 -0.123238 0.137364 0.148283 
1006722674853401 -0.067651 0.134921 0.135761 
1006722693760223 0.014202 0.103768 0.111938 
1006722712667098 0.102164 0.063757 0.083533 
1006722731573973 0.168747 -0.004047 0.053296 
1006722750480796 0.171495 -0.038560 0.031000 
1006722769387619 0.106135 0.020692 0.042912 
1006722788294494 0.020616 0.070477 0.063375 
1006722807201317 -0.024587 0.055816 0.054824 
1006722826108192 -0.016035 -0.007407 0.019394 
1006722845015015 0.019394 -0.059634 -0.022449 
1006722863921890 0.037109 -0.115221 -0.062154 
1006722882828713 0.021838 -0.137212 -0.082923 
1006722901735588 0.007788 -0.060550 -0.047493 
1006722920642411 0.043217 0.081472 0.011759 
1006722939549286 0.137593 0.215858 0.067040 
1006722958456109 0.251516 0.253120 0.116825 
1006722977362984 0.291527 0.243346 0.164165 
1006722996269807 0.238383 0.308707 0.246935 
1006723015176682 0.163249 0.466687 0.344976 
1006723034083505 0.103080 0.574807 0.396898 
1006723052990380 0.024587 0.501811 0.359636 
1006723071897203 -0.106440 0.210971 0.263428 
1006723090804078 -0.279921 0.010919 0.192875 
1006723109710901 -0.407588 -0.002214 0.178520 
1006723128617776 -0.397814 0.009697 0.160500 
1006723147524598 -0.259763 0.074142 0.152865 
1006723166431473 -0.044745 0.123315 0.151948 
1006723185338296 0.157140 0.101324 0.149810 
1006723204245171 0.236551 0.011224 0.125987 
1006723223152046 0.160195 -0.051082 0.104608 
1006723242058869 -0.011453 -0.008628 0.122017 
1006723260965692 -0.173328 0.045432 0.145229 
1006723279872567 -0.247240 0.011224 0.133012 
1006723298779442 -0.236856 -0.128660 0.066124 
1006723317686265 -0.183407 -0.214789 0.020005 
1006723336593140 -0.136066 -0.170808 -0.005956 
1006723355499963 -0.109800 -0.082541 -0.022143 
1006723374406838 -0.091474 -0.096285 -0.058794 
1006723393313661 -0.072538 -0.185774 -0.111632 
1006723412220536 -0.038025 -0.255411 -0.165081 
1006723431127359 -0.009926 -0.285647 -0.208146 
1006723450034234 -0.007788 -0.259381 -0.227693 
1006723468941057 0.004429 -0.185468 -0.215171 
1006723487847932 0.086282 -0.167754 -0.224945 
1006723506754807 0.209673 -0.192188 -0.225555 
1006723525661630 0.265871 -0.233420 -0.216698 
1006723544568505 0.193486 -0.212957 -0.191653 
1006723563475328 0.021532 -0.147596 -0.162027 
1006723582382203 -0.160500 -0.070324 -0.111632 
1006723601289026 -0.243270 -0.004352 -0.028863 
1006723620195901 -0.202649 0.001756 0.040163 
1006723639102723 -0.112243 0.058870 0.120490 
1006723658009598 0.000153 0.096438 0.173022 
1006723676916473 0.122322 0.068644 0.157140 
1006723695823296 0.214255 0.018554 0.122933 
1006723714730171 0.185545 -0.073073 0.107662 
1006723733636994 0.044134 -0.103004 0.085977 
1006723752543869 -0.086893 -0.060245 0.078952 
1006723771450744 -0.121406 0.025885 0.101859 
1006723790357567 -0.071622 0.038102 0.107662 
1006723809264442 -0.011759 -0.017180 0.109494 
1006723828171265 -0.001680 -0.018096 0.137288 
1006723847078140 -0.030084 0.049708 0.171801 
1006723865984963 -0.034055 0.075974 0.167830 
1006723884891838 0.007177 -0.041614 0.124460 
1006723903798661 0.024892 -0.227922 0.077730 
1006723922705536 -0.036498 -0.267627 0.046577 
1006723941612411 -0.107051 -0.244721 0.001680 
1006723960519234 -0.110105 -0.197380 -0.004734 
1006723979426109 -0.069178 -0.117664 0.031917 
1006723998332932 -0.025197 -0.079486 0.064292 
1006724017239807 0.010537 -0.115832 0.061848 
1006724036146682 0.021838 -0.147901 0.058794 
1006724055053505 -0.006261 -0.065132 0.094223 
1006724073960380 -0.037720 0.024358 0.122322 
1006724092867203 -0.031917 0.044210 0.121711 
1006724111774078 -0.001680 0.000840 0.105829 
1006724130680953 0.015729 -0.015958 0.063375 
1006724149587776 0.018784 0.013668 0.023365 
1006724168494651 0.010843 0.091856 0.012064 
1006724187401473 0.022449 0.155079 0.004123 
1006724206308348 0.082923 0.177680 -0.001069 
1006724225215223 0.140037 0.139197 0.008399 
1006724244122046 0.121406 0.090024 0.005650 
1006724263028921 0.044439 0.029550 -0.018478 
1006724281935744 -0.034971 0.010919 0.005345 
1006724300842619 -0.089031 -0.003436 0.048410 
1006724319749494 -0.117741 -0.045890 0.039552 
1006724338656317 -0.120795 -0.078265 -0.005650 
1006724357563192 -0.102164 -0.031535 -0.019394 
1006724376470015 -0.073454 0.051540 -0.021227 
1006724395376890 -0.053296 0.114763 -0.039552 
1006724414283765 -0.006872 0.114152 -0.056045 
1006724433190588 0.107967 0.022525 -0.087504 
1006724452097463 0.229831 -0.104531 -0.124460 
1006724471004338 0.275339 -0.214789 -0.147367 
1006724489911161 0.206314 -0.158591 -0.128125 
1006724508818036 0.111021 -0.019318 -0.082312 
1006724527724859 0.088420 -0.033062 -0.019089 
1006724546631734 0.121406 -0.140571 0.023670 
1006724565538609 0.125987 -0.182414 0.050853 
1006724584445432 0.065819 -0.147291 0.092085 
1006724603352307 -0.004429 -0.132325 0.144924 
1006724622259182 -0.032833 -0.240139 0.140953 
1006724641166005 -0.030084 -0.339402 0.108884 
1006724660072880 -0.036498 -0.275263 0.078952 
1006724678979755 -0.056045 -0.051693 0.058183 
1006724697886578 -0.070706 0.142251 0.028252 
1006724716793453 -0.045355 0.210666 0.012981 
1006724735700328 0.013897 0.232656 0.025503 
1006724754607151 0.067040 0.214331 0.006872 
1006724773514026 0.083839 0.178902 -0.055434 
1006724792420901 0.050853 0.136448 -0.113770 
1006724811327723 -0.001374 0.087275 -0.151337 
1006724830234598 -0.022143 -0.009239 -0.182491 
1006724849141473 -0.031306 -0.154315 -0.266482 
1006724868048296 -0.058183 -0.228228 -0.351084 
1006724886955171 -0.080174 -0.157064 -0.369410 
1006724905862046 -0.073760 -0.029092 -0.315044 
1006724924768869 -0.018478 0.097048 -0.217309 
1006724943675744 0.052686 0.105295 -0.166914 
1006724962582619 0.084755 0.054900 -0.155002 
1006724981489494 0.052991 0.020387 -0.142480 
1006725000396317 -0.027641 0.003589 -0.108884 
1006725019303192 -0.096056 0.050624 -0.047493 
1006725038210067 -0.089947 0.083610 0.017867 
1006725057116942 -0.021532 0.061314 0.042607 
1006725076023765 0.052686 0.005727 0.034055 
1006725094930640 0.076509 -0.043752 0.027335 
1006725113837515 0.019394 -0.025732 0.036804 
1006725132744390 -0.082617 -0.005269 0.041996 
1006725151651213 -0.161722 -0.036422 0.016951 
1006725170558088 -0.194708 -0.022372 -0.006567 
1006725189464963 -0.185239 0.038407 -0.013286 
1006725208371838 -0.162638 0.015806 -0.049631 
1006725227278661 -0.148894 -0.040087 -0.084755 
1006725246185536 -0.137899 -0.051693 -0.107051 
1006725265092411 -0.135761 -0.074294 -0.161722 
1006725283999286 -0.147367 -0.096285 -0.240827 
1006725302906161 -0.162944 -0.070629 -0.298552 
1006725321812984 -0.180047 0.030466 -0.297941 
1006725340719859 -0.168747 0.109571 -0.250600 
1006725359626734 -0.103080 0.123315 -0.203565 
1006725378533609 -0.001985 0.092772 -0.166609 
1006725397440484 0.078647 0.036269 -0.128431 
1006725416347307 0.076509 0.034437 -0.074065 
1006725435254182 0.008705 0.056427 -0.006872 
1006725454161057 -0.040469 0.078418 0.046577 
1006725473067932 -0.028863 0.044515 0.083839 
1006725491974807 0.021838 -0.054136 0.087504 
1006725510881630 0.051464 -0.107891 0.110716 
1006725529788505 0.024281 -0.047417 0.145840 
1006725548695380 -0.017256 -0.016875 0.160195 
1006725567602255 -0.023059 -0.046806 0.148283 
1006725586509130 0.011759 -0.141487 0.116214 
1006725605416005 0.060627 -0.240445 0.079563 
1006725624322880 0.078647 -0.245332 0.078647 
1006725643229703 0.068262 -0.134768 0.139731 
1006725662136578 0.076509 0.037185 0.231358 
1006725681043453 0.144313 0.117817 0.292443 
1006725699950328 0.238078 0.024358 0.300690 
1006725718857203 0.241132 -0.101477 0.298246 
1006725737764078 0.121406 -0.132019 0.300995 
1006725756670953 -0.035582 -0.104531 0.305271 
1006725775577776 -0.139120 0.011530 0.315655 
1006725794484651 -0.111632 0.079639 0.279310 
1006725813391526 0.031917 0.036269 0.178215 
1006725832298401 0.180353 0.019776 0.093918 
1006725851205276 0.235023 -0.022067 0.017256 
1006725870112151 0.179436 0.020692 -0.010843 
1006725889019026 0.100026 0.217080 0.020922 
1006725907925901 0.085977 0.327949 0.039552 
1006725926832776 0.155002 0.259839 0.028863 
1006725945739598 0.236551 0.114763 0.031611 
1006725964646473 0.253960 0.049402 0.079257 
1006725983553348 0.224945 0.030771 0.095750 
1006726002460223 0.179436 0.043599 0.104913 
1006726021367098 0.144313 0.023747 0.088726 
1006726040273973 0.131485 -0.103310 0.010537 
1006726059180848 0.091780 -0.143320 0.014202 
1006726078087723 -0.000764 -0.078876 0.033444 
1006726096994598 -0.102164 -0.022678 -0.006261 
1006726115901473 -0.150116 0.109571 0.008705 
1006726134808296 -0.116825 0.174321 0.040774 
1006726153715171 -0.041079 0.179207 0.036804 
1006726172622046 0.001680 0.088802 -0.029168 
1006726191528921 -0.015729 -0.053220 -0.098499 
1006726210435796 -0.078952 -0.073378 -0.093918 
1006726229342671 -0.152559 -0.050166 -0.078647 
1006726248249546 -0.194708 -0.015653 -0.091169 
1006726267156421 -0.186461 -0.020540 -0.127820 
1006726286063296 -0.122322 0.010308 -0.147061 
1006726304970171 -0.020616 0.075363 -0.149505 
1006726323877046 0.050242 0.138281 -0.115297 
1006726342783921 0.078952 0.207001 -0.082006 
1006726361690796 0.114381 0.173404 -0.101859 
1006726380597671 0.145840 0.090329 -0.129958 
1006726399504546 0.134539 0.092772 -0.122322 
1006726418411421 0.082312 0.117817 -0.122322 
1006726437318296 0.024587 0.097965 -0.139426 
1006726456225119 -0.008399 0.040850 -0.150727 
1006726475131994 -0.001985 0.013362 -0.151337 
1006726494038869 0.025197 0.013668 -0.157140 
1006726512945796 0.040774 0.084831 -0.148894 
1006726531852619 0.035582 0.119039 -0.140037 
1006726550759494 0.007177 0.059481 -0.151337 
1006726569666369 -0.034666 -0.073989 -0.171190 
1006726588573244 -0.069484 -0.087122 -0.156224 
1006726607480119 -0.070400 0.033826 -0.099110 
1006726626386994 -0.022754 0.127285 -0.044439 
1006726645293869 0.034666 0.182567 0.004734 
1006726664200744 0.072233 0.146527 0.045355 
1006726683107619 0.104608 0.058565 0.053907 
1006726702014494 0.138204 0.035964 0.061237 
1006726720921369 0.148283 0.036574 0.051769 
1006726739828244 0.106746 0.063146 0.014508 
1006726758735119 0.026725 0.019165 -0.031306 
1006726777641994 -0.066430 -0.030008 -0.060627 
1006726796548869 -0.114687 -0.016264 -0.064597 
1006726815455744 -0.081090 0.006948 -0.086282 
1006726834362619 -0.001069 -0.004658 -0.118046 
1006726853269494 0.033444 -0.013515 -0.136677 
1006726872176369 -0.006261 0.020998 -0.121711 
1006726891083244 -0.049326 0.071698 -0.102164 
1006726909990119 0.023976 0.018860 -0.119268 
1006726928896994 0.571906 -0.083762 -0.091169 
1006726947803869 0.600921 0.002062 -0.144313 
1006726966710744 0.191959 0.376206 -0.110411 
1006726985617619 -0.204481 0.448667 -0.023670 
1006727004524494 -0.340395 0.145305 -0.009315 
1006727023431369 -0.391400 -0.019623 -0.004734 
1006727042338244 -0.422248 -0.046195 -0.050853 
1006727061245119 -0.379183 -0.164394 -0.106746 
1006727080151994 -0.266177 -0.277401 -0.105218 
1006727099058869 -0.133012 -0.293588 -0.016340 
1006727117965744 -0.019394 -0.189744 0.097888 
1006727136872619 0.071927 -0.050166 0.180658 
1006727155779494 0.136677 -0.053525 0.230442 
1006727174686369 0.143396 -0.090176 0.273507 
1006727193593244 0.099721 -0.037338 0.299773 
1006727212500119 0.029473 -0.059023 0.279310 
1006727231406994 -0.049631 -0.170197 0.230748 
1006727250313869 -0.106135 -0.188523 0.217309 
1006727269220744 -0.089642 -0.065132 0.231664 
1006727288127619 0.024281 0.136753 0.219447 
1006727307034494 0.211811 0.246706 0.186767 
