# Created at Thu Jun 06 10:35:43 GMT+03:00 2024 in Burnaby Canada 
1006694919763192 0.315624 -0.046419 -0.110358 
1006694938669494 0.515579 0.014510 0.561011 
1006694957575848 0.466304 0.022425 1.233823 
1006694976482203 -0.014342 -0.092419 0.711675 
1006694995388557 -0.328594 -0.085433 0.284389 
1006695014294911 -0.255722 -0.242807 0.491188 
1006695033201213 -0.098373 -0.461782 0.892279 
1006695052107567 0.324901 -0.445668 1.038656 
1006695071013921 0.676189 -0.518295 0.550043 
1006695089920276 0.552540 -0.470610 0.151319 
1006695108826630 -0.058979 -0.359830 0.000057 
1006695127732984 -0.479219 -0.161483 -0.084183 
1006695146639338 -0.497672 0.151936 -0.105718 
1006695165545692 -0.474891 0.179430 -0.220586 
1006695184452046 -0.429857 -0.057840 -0.087461 
1006695203358401 -0.329333 -0.443012 0.029634 
1006695222264755 -0.324662 -0.668357 0.360909 
1006695241171161 -0.484081 -0.657304 0.462473 
1006695260077515 -0.583434 -0.220926 0.415908 
1006695278983869 -0.301675 0.181634 0.103666 
1006695297890223 -0.221839 0.250587 -0.745513 
1006695316796578 -0.098527 0.261971 -0.938865 
1006695335702984 -0.007970 -0.099089 -0.540038 
1006695354609338 0.670394 0.477423 -0.077785 
1006695373515692 0.908661 0.689686 -0.258336 
1006695392422098 0.586083 0.770337 0.138746 
1006695411328453 0.187498 0.536752 0.377464 
1006695430234859 -0.159777 -0.225905 0.195262 
1006695449141213 -0.060288 -0.531030 0.331693 
1006695468047619 0.254153 -0.574664 0.570785 
1006695486953973 0.631374 -0.567753 0.681130 
1006695505860380 0.806613 -0.458816 0.888628 
1006695524766734 0.526799 -0.554912 0.516914 
1006695543673140 0.405939 -0.234923 -0.404850 
1006695562579546 0.420374 0.271303 -0.891436 
1006695581485901 0.204878 0.415605 -0.489523 
1006695600392307 -0.282089 0.282426 -0.060191 
1006695619298713 -0.407878 0.507628 -0.091204 
1006695638205067 -0.228463 0.825118 -0.350365 
1006695657111473 -0.047518 0.690109 -0.795454 
1006695676017880 0.196150 0.299284 -0.806702 
1006695694924286 0.195956 -0.065652 -0.462770 
1006695713830692 -0.049647 -0.010568 0.095873 
1006695732737098 -0.324390 0.074186 0.385699 
1006695751643505 -0.339825 0.115738 0.353560 
1006695770549911 -0.270151 0.189689 0.198864 
1006695789456317 -0.369690 0.279636 0.085675 
1006695808362723 -0.511864 0.415810 0.096142 
1006695827269130 -0.551793 0.421745 -0.135043 
1006695846175536 -0.511851 0.497152 -0.155011 
1006695865081994 -0.578814 0.414960 0.122240 
1006695883988401 -0.382702 0.282661 0.256819 
1006695902894807 -0.071668 0.297234 -0.057752 
1006695921801213 0.093551 0.239543 -0.309155 
1006695940707619 0.151848 0.316070 -0.277678 
1006695959614078 0.117950 0.407547 -0.412950 
1006695978520484 0.151525 0.725886 -0.566602 
1006695997426942 0.128948 0.920306 -0.630658 
1006696016333348 -0.059502 0.831786 -0.427873 
1006696035239755 -0.256993 0.475207 0.087325 
1006696054146213 -0.372217 0.074681 0.671170 
1006696073052619 -0.380208 -0.307853 0.945775 
1006696091959078 -0.353591 -0.525215 1.468604 
1006696110865536 -0.143636 -0.688846 1.599989 
1006696129771942 -0.127677 -0.542784 0.445410 
1006696148678401 0.244607 0.351686 -0.395146 
1006696167584807 0.555667 0.677696 -0.897943 
1006696186491265 0.443822 0.246209 -1.021029 
1006696205397723 0.509687 0.204786 -0.976589 
1006696224304182 0.513072 0.374107 -0.881987 
1006696243210588 0.350524 0.338961 -0.712510 
1006696262117046 0.210602 0.018685 -0.451729 
1006696281023505 0.330274 -0.401736 -0.113876 
1006696299929963 0.429676 -0.724974 0.301289 
1006696318836421 0.299917 -0.983113 0.724803 
1006696337742880 0.172900 -1.129506 0.896243 
1006696356649338 -0.033847 -1.141462 0.885234 
1006696375555796 -0.286649 -1.127386 0.769521 
1006696394462255 -0.453883 -0.888248 0.509288 
1006696413368713 -0.551761 -0.475726 0.045994 
1006696432275171 -0.672028 -0.141271 -0.501680 
1006696451181630 -0.808234 0.167212 -0.617365 
1006696470088088 -0.693653 0.414338 -0.259251 
1006696488994546 -0.199474 0.357874 -0.230410 
1006696507901005 0.186739 0.108122 -0.503917 
1006696526807463 0.159289 0.225505 -0.305573 
1006696545713973 0.178811 0.581497 -0.055657 
1006696564620432 0.158882 0.876132 0.028790 
1006696583526890 0.141874 0.926941 0.118366 
1006696602433348 0.301891 0.770877 0.220974 
1006696621339859 0.512965 0.338354 0.312649 
1006696640246317 0.641985 -0.166208 0.252104 
1006696659152828 0.659130 -0.512851 -0.029932 
1006696678059286 0.248611 -0.466422 0.118877 
1006696696965744 -0.351669 0.072199 0.517452 
1006696715872255 -0.783881 0.338437 0.274949 
1006696734778713 -0.970525 0.255741 -0.505204 
1006696753685223 -0.853584 0.016876 -1.228447 
1006696772591682 -0.450335 -0.392031 -0.751167 
1006696791498192 -0.010319 -0.873017 0.443253 
1006696810404703 0.377458 -1.231301 0.716029 
1006696829311161 0.358252 -1.118902 0.652943 
1006696848217671 0.163580 -0.539488 0.342012 
1006696867124130 0.120548 0.076697 -0.233656 
1006696886030640 0.153365 0.344938 -0.863708 
1006696904937151 0.011649 0.290552 -0.347326 
1006696923843609 -0.113868 0.145566 0.373466 
1006696942750119 -0.148988 0.034864 0.511374 
1006696961656630 -0.210116 0.027180 0.438513 
1006696980563140 0.046973 0.121283 0.296966 
1006696999469651 0.222953 -0.031586 -0.075712 
1006697018376161 0.135409 -0.103748 -0.190270 
1006697037282619 -0.217886 -0.003999 0.096333 
1006697056189130 -0.444981 0.040883 0.434557 
1006697075095640 -0.344705 -0.210879 0.278977 
1006697094002151 -0.031461 -0.353826 0.043845 
1006697112908661 0.129402 -0.349736 -0.023588 
1006697131815171 0.019346 -0.247540 -0.047800 
1006697150721682 0.028241 -0.127337 0.044134 
1006697169628192 0.289622 -0.044631 0.063409 
1006697188534703 0.619425 -0.060043 -0.164477 
1006697207441213 0.502471 0.029057 -0.219903 
1006697226347723 0.233255 0.068634 -0.080465 
1006697245254286 0.204670 -0.184610 0.066174 
1006697264160796 0.196800 -0.344123 0.174866 
1006697283067307 -0.032123 -0.167227 0.157962 
1006697301973817 0.055554 0.234595 0.163779 
1006697320880328 0.296978 0.462882 0.397222 
1006697339786890 0.280878 0.072020 0.269388 
1006697358693401 0.115285 -0.376429 0.063322 
1006697377599911 0.026447 -0.452233 0.058949 
1006697396506473 -0.161716 -0.205970 0.094583 
1006697415412984 -0.118464 0.017667 -0.143426 
1006697434319494 0.119265 0.048209 -0.439071 
1006697453226057 0.521185 -0.148096 -0.501972 
1006697472132567 0.409983 -0.181343 -0.135242 
1006697491039078 -0.167951 0.059698 0.356638 
1006697509945640 -0.296091 0.310930 0.172489 
1006697528852151 -0.119272 0.257151 -0.313027 
1006697547758713 -0.139109 0.124844 -0.467217 
1006697566665223 -0.208748 0.196433 -0.269816 
1006697585571786 -0.327904 0.246066 -0.008962 
1006697604478296 -0.360220 0.378947 0.550277 
1006697623384859 -0.106309 0.252574 0.432477 
1006697642291421 0.385775 -0.025140 -0.180844 
1006697661197932 0.693859 -0.294450 -0.579436 
1006697680104494 0.635492 -0.496860 -0.509063 
1006697699011057 0.370586 -0.484186 -0.059276 
1006697717917567 0.156399 -0.373032 0.117593 
1006697736824130 -0.096991 -0.365517 -0.064443 
1006697755730692 -0.088391 -0.327386 -0.329615 
1006697774637255 0.055646 -0.257704 -0.490317 
1006697793543765 0.064522 -0.151690 -0.501329 
1006697812450328 -0.073743 0.011807 -0.298911 
1006697831356890 -0.308185 0.166834 -0.007924 
1006697850263453 -0.311048 0.080109 -0.144997 
1006697869170015 -0.102890 0.103220 -0.173692 
1006697888076578 -0.082027 0.118564 0.065777 
1006697906983140 -0.008045 0.067126 0.109657 
1006697925889703 0.111663 0.036196 0.124114 
1006697944796265 0.026533 0.030604 0.351952 
1006697963702828 0.018461 0.038593 0.389100 
1006697982609390 0.060439 0.094601 0.398132 
1006698001515953 0.016108 0.015673 0.361596 
1006698020422515 -0.028488 -0.056866 0.195192 
1006698039329078 -0.322905 -0.030295 0.317115 
1006698058235640 -0.349053 -0.096501 0.308262 
1006698077142203 0.019633 -0.101815 0.076388 
1006698096048765 0.280798 0.024002 -0.031022 
1006698114955328 0.108113 0.057067 -0.028476 
1006698133861890 -0.099473 0.134293 -0.092253 
1006698152768505 -0.085090 0.204913 -0.220415 
1006698171675067 -0.060151 0.079664 -0.273483 
1006698190581630 -0.085060 -0.033563 -0.110347 
1006698209488192 0.028629 -0.042540 -0.091660 
1006698228394807 0.138998 0.031030 0.033114 
1006698247301369 -0.057215 0.044980 0.084910 
1006698266207932 -0.262314 0.046072 0.332416 
1006698285114546 -0.409030 -0.009062 0.229729 
1006698304021109 -0.331301 -0.240897 0.283379 
1006698322927671 -0.095574 -0.317922 0.366077 
1006698341834286 0.042426 -0.369703 -0.001935 
1006698360740848 0.010541 -0.447001 -0.334253 
1006698379647463 0.142318 -0.336307 -0.296585 
1006698398554026 0.101597 -0.035864 -0.117012 
1006698417460640 -0.049666 0.228103 -0.230408 
1006698436367203 -0.223017 0.267724 -0.630591 
1006698455273817 -0.290305 0.232756 -1.042251 
1006698474180380 -0.224021 0.319964 -0.938218 
1006698493086994 -0.074804 0.447278 -0.301398 
1006698511993557 -0.129088 0.450861 0.015396 
1006698530900171 -0.296778 0.387338 0.120679 
1006698549806786 -0.380553 0.304314 0.098905 
1006698568713348 -0.276319 0.334321 0.352127 
1006698587619963 -0.076245 0.179169 0.595302 
1006698606526578 0.186423 -0.071157 0.430832 
1006698625433140 0.368772 -0.309653 0.014820 
1006698644339755 0.128332 -0.284571 -0.018134 
1006698663246369 -0.066930 -0.138298 0.223533 
1006698682152932 0.174817 -0.040337 0.356886 
1006698701059546 0.487078 -0.018677 0.237725 
1006698719966161 0.429003 -0.101880 0.050980 
1006698738872776 0.226996 -0.131256 -0.161070 
1006698757779390 0.129253 0.004191 -0.049161 
1006698776685953 0.213069 -0.030084 0.077150 
1006698795592567 0.427154 -0.194912 -0.096348 
1006698814499182 0.551277 -0.150449 -0.120548 
1006698833405796 0.458028 -0.084758 -0.148951 
1006698852312411 0.369263 -0.180663 -0.542972 
1006698871219026 0.305006 -0.254339 -0.918825 
1006698890125640 0.380825 -0.104915 -0.905660 
1006698909032255 0.302142 -0.016173 -0.565749 
1006698927938869 0.033779 0.165087 0.510139 
1006698946845484 -0.276121 0.159147 1.474677 
1006698965752098 -0.443033 -0.410299 1.040249 
1006698984658713 0.147678 -0.521891 0.009642 
1006699003565328 0.650698 -0.132836 -0.463901 
1006699022471942 0.486794 0.137295 -0.403022 
1006699041378557 0.014743 0.148202 -0.021638 
1006699060285171 -0.141394 0.084659 0.018656 
1006699079191786 -0.004226 0.040587 -0.190223 
1006699098098401 0.139826 0.027832 -0.250239 
1006699117005067 0.229270 0.041449 -0.264454 
1006699135911682 0.287565 0.090021 -0.281657 
1006699154818296 0.013877 0.151941 0.071263 
1006699173724911 -0.191677 0.235241 0.480228 
1006699192631578 -0.000894 0.052369 0.053647 
1006699211538192 0.189311 -0.029842 -0.196497 
1006699230444807 0.363197 0.027762 -0.140764 
1006699249351421 0.377454 0.133539 -0.049331 
1006699268258088 0.373145 0.157689 -0.211199 
1006699287164703 0.544585 0.241949 -0.431926 
1006699306071317 0.750304 0.335427 -0.516448 
1006699324977984 0.542428 0.250042 -0.204468 
1006699343884598 -0.160571 0.008301 -0.065854 
1006699362791213 -0.616740 0.100681 0.013869 
1006699381697880 -0.714159 0.456472 0.129987 
1006699400604494 -0.747546 0.603041 0.609585 
1006699419511161 -0.614356 0.145800 0.896476 
1006699438417776 -0.218386 -0.258187 0.656672 
1006699457324442 0.039641 -0.392210 0.234013 
1006699476231057 -0.059228 -0.402278 -0.015949 
1006699495137723 0.007413 -0.266185 0.204424 
1006699514044338 0.132862 -0.350582 0.814661 
1006699532951005 0.093338 -0.887798 0.821042 
1006699551857619 -0.082820 -1.137645 -0.459482 
1006699570764286 -0.212148 -0.426816 -0.606509 
1006699589670901 -0.727460 0.089560 -0.052612 
1006699608577567 -1.045227 0.214484 -0.009246 
1006699627484234 -0.918069 0.460249 0.211079 
1006699646390848 -0.611268 0.722828 0.436516 
1006699665297515 -0.637740 0.132566 0.274345 
1006699684204130 -0.589369 -0.755967 -0.023610 
1006699703110796 -0.214057 -1.096099 -0.005789 
1006699722017463 -0.095050 -1.012841 0.169989 
1006699740924130 -0.037976 -1.134842 0.052048 
1006699759830744 0.349632 -1.070705 -0.430449 
1006699778737411 0.382811 1.261294 -0.315757 
1006699797644078 1.137873 1.595798 -0.138025 
1006699816550744 0.282688 -0.154589 -0.021564 
1006699835457359 -1.299810 -0.709851 0.200688 
1006699854364026 -0.742829 0.024099 0.052144 
1006699873270692 0.517558 0.337819 0.021301 
1006699892177359 0.760450 -0.270646 0.585121 
1006699911084026 0.746962 -0.690416 0.813171 
1006699929990692 0.551699 -0.558535 0.749643 
1006699948897359 0.225670 -0.332769 0.320046 
1006699967803973 -0.266058 -0.133329 0.147400 
1006699986710640 -0.146792 -0.053410 -0.108108 
1006700005617307 0.355430 -0.121062 -0.454235 
1006700024523973 1.273303 -0.453412 -1.087430 
1006700043430640 1.174924 -0.327208 -1.115541 
1006700062337307 0.195674 -0.067956 -0.296226 
1006700081243973 -0.672092 0.312012 0.296412 
1006700100150640 -0.897843 0.490572 0.492088 
1006700119057307 -0.737437 0.439813 0.227216 
1006700137963973 -0.114068 0.115736 -0.317066 
1006700156870640 0.389947 -0.086851 -0.515412 
1006700175777307 0.411139 -0.217784 -0.380569 
1006700194683973 -0.054408 0.002759 -0.059877 
1006700213590692 -0.392273 0.306815 0.162203 
1006700232497359 -0.202417 0.200624 -0.075701 
1006700251404026 0.165442 -0.210519 -0.466902 
1006700270310692 0.469799 -0.432184 -0.431181 
1006700289217359 0.281302 -0.298130 0.117352 
1006700308124026 -0.532495 0.034060 0.814328 
1006700327030692 -0.849897 0.419341 0.906274 
1006700345937411 -0.486024 0.251668 0.103113 
1006700364844078 0.135358 -0.077646 -0.581782 
1006700383750744 0.527055 -0.189366 -0.325751 
1006700402657411 0.318021 -0.192020 -0.062910 
1006700421564130 -0.330272 -0.124281 0.209048 
1006700440470796 -0.566318 0.160356 0.398524 
1006700459377463 -0.333447 0.148405 0.099521 
1006700478284130 0.097412 -0.061978 -0.051723 
1006700497190848 0.449855 -0.424916 0.110890 
1006700516097515 0.053721 -0.686122 0.082615 
1006700535004182 -0.632994 -0.360518 0.036665 
1006700553910901 -1.109145 0.233778 0.071475 
1006700572817567 -1.057276 0.514592 -0.086905 
1006700591724234 -0.570014 0.396004 -0.210214 
1006700610630953 -0.012782 0.085952 -0.412580 
1006700629537619 0.322593 -0.303361 -0.255692 
1006700648444286 0.236020 -0.451267 0.207945 
1006700667351005 -0.344238 -0.305155 0.683664 
1006700686257671 -0.358464 -0.016056 0.931896 
1006700705164390 -0.209131 0.104022 0.984512 
1006700724071057 -0.854357 0.215257 1.280642 
1006700742977776 -0.129897 0.076377 1.071206 
1006700761884442 -0.518350 -0.358866 0.676181 
1006700780791161 -1.224818 -0.448335 -0.303096 
1006700799697828 -0.755934 0.454160 -0.424606 
1006700818604546 -0.537447 0.659603 -0.808873 
1006700837511213 -0.350747 0.478035 -0.406140 
1006700856417932 -0.402860 0.012085 0.455515 
1006700875324598 -0.614961 -0.704677 0.609669 
1006700894231317 -0.633025 -1.163814 -0.115973 
1006700913137984 -0.409026 -1.268706 -0.592518 
1006700932044703 -0.064200 -1.017755 -0.017832 
1006700950951421 0.170153 -0.924512 0.188249 
1006700969858088 0.338277 -0.875043 -0.349023 
1006700988764807 0.420351 -0.614428 -0.920905 
1006701007671473 0.164145 -0.411383 -0.295325 
1006701026578192 -0.068624 0.209633 0.336750 
1006701045484911 0.361637 -0.058758 0.425352 
1006701064391578 0.853869 0.817538 -0.617514 
1006701083298296 0.496644 1.184346 -1.464754 
1006701102205015 -0.304201 1.011503 -0.714847 
1006701121111682 -0.752688 0.662884 0.935425 
1006701140018401 -0.606147 0.415277 1.730658 
1006701158925119 -0.068180 -0.648145 1.816539 
1006701177831838 -0.118307 -0.427361 0.706741 
1006701196738505 -0.390368 -0.146036 1.050734 
1006701215645223 -0.900815 0.043036 1.074876 
1006701234551942 -0.621289 0.401796 -0.004657 
1006701253458661 0.655447 -0.525131 -0.732328 
1006701272365328 1.514519 -1.446391 -1.036274 
1006701291272046 0.816578 -0.988361 -0.409293 
1006701310178765 -0.475729 -0.570376 0.288508 
1006701329085484 -0.917300 -0.437139 -0.121194 
1006701347992151 -0.731990 -0.674011 -1.385000 
1006701366898869 -1.341814 -0.351654 -1.571807 
1006701385805588 -1.330164 -0.333491 -0.929004 
1006701404712307 -1.137697 -0.193863 -0.393460 
1006701423619026 -1.065593 -0.250167 -0.279367 
1006701442525744 -0.883828 -0.158801 -0.579584 
1006701461432463 -0.249696 -0.079524 -0.742983 
1006701480339130 0.548756 -0.449051 -0.829739 
1006701499245901 0.428888 -0.838912 -0.994141 
1006701518152567 0.111934 -0.577341 -0.673191 
1006701537059286 -0.167124 0.091950 0.058188 
1006701555966005 -0.302198 0.545364 0.676718 
1006701574872723 -0.193874 0.583440 0.613153 
1006701593779442 0.016030 0.559350 0.404819 
1006701612686161 0.158174 0.660329 0.049555 
1006701631592880 0.301825 0.683072 -0.348320 
1006701650499598 0.332673 0.729373 -0.225275 
1006701669406317 0.049214 0.590094 0.319509 
1006701688313036 -0.244794 0.178355 0.634345 
1006701707219755 0.012959 -0.369587 0.181095 
1006701726126473 0.513488 -0.628091 -0.444319 
1006701745033192 0.989030 -0.393450 -0.255692 
1006701763939911 1.135828 -0.049876 0.423523 
1006701782846630 0.655550 -0.016124 0.766249 
1006701801753348 0.290717 -0.006907 0.556990 
1006701820660067 0.378203 0.071685 0.085767 
1006701839566786 0.663991 0.155081 -0.352602 
1006701858473505 0.860819 0.209585 -0.470847 
1006701877380223 0.592177 0.043671 -0.010323 
1006701896286942 0.312122 -0.129958 1.006550 
1006701915193661 0.431012 0.001031 0.837358 
1006701934100432 0.616040 0.080250 -0.024439 
1006701953007151 0.581962 -0.039568 0.093351 
1006701971913869 0.660838 0.012820 0.462846 
1006701990820588 0.489847 -0.108957 0.429984 
1006702009727307 0.354905 0.044530 0.067813 
1006702028634026 0.438788 0.460291 -0.354570 
1006702047540744 0.632829 0.682799 -0.569743 
1006702066447463 0.630100 0.481899 -0.384135 
1006702085354234 0.549829 0.277950 0.038441 
1006702104260953 0.409149 0.237255 0.580371 
1006702123167671 0.231265 0.034981 0.388475 
1006702142074390 0.342322 -0.066671 -0.131588 
1006702160981109 0.591189 -0.041151 -0.408150 
1006702179887880 0.498360 -0.094486 -0.251390 
1006702198794598 0.478956 -0.160827 -0.143921 
1006702217701317 0.482583 -0.321015 -0.127613 
1006702236608036 0.505527 -0.509260 -0.154337 
1006702255514755 0.647323 -0.326231 0.361076 
1006702274421526 0.227938 -0.384207 0.930189 
1006702293328244 -0.033746 -0.519513 0.323875 
1006702312234963 0.337412 -0.221488 -0.388967 
1006702331141734 0.540648 0.021035 -0.608011 
1006702350048453 0.304175 0.050010 -0.515809 
1006702368955171 0.050161 0.260242 -0.104198 
1006702387861890 -0.230417 0.357213 0.155060 
1006702406768661 -0.300923 0.204641 0.203083 
1006702425675380 0.027085 0.222573 0.254696 
1006702444582098 0.274626 -0.040676 -0.013969 
1006702463488869 0.064628 -0.211099 -0.049157 
1006702482395588 -0.053193 -0.034752 0.176438 
1006702501302307 -0.271481 0.279815 0.323521 
1006702520209078 -0.724471 0.451451 0.440122 
1006702539115796 -0.720846 0.505462 -0.065793 
1006702558022515 -0.252003 0.594750 -0.805404 
1006702576929286 -0.100353 0.472614 -0.762732 
1006702595836005 -0.287882 0.324896 -0.053506 
1006702614742776 -0.397464 0.215773 0.420020 
1006702633649494 -0.369681 0.188494 0.290503 
1006702652556213 -0.095447 0.211410 -0.089667 
1006702671462984 0.310371 0.255576 -0.462177 
1006702690369703 0.422940 0.214307 -0.414145 
1006702709276473 -0.026431 -0.062390 -0.108665 
1006702728183192 -0.226312 -0.158740 0.316749 
1006702747089911 -0.142488 -0.133581 0.538652 
1006702765996682 0.039392 -0.228189 0.010612 
1006702784903401 0.194824 -0.114678 -0.268336 
1006702803810171 0.160391 0.037077 -0.081601 
1006702822716890 -0.032684 0.003822 -0.100772 
1006702841623661 -0.319677 0.137158 0.189542 
1006702860530380 -0.352398 0.295632 0.304313 
1006702879437151 -0.111950 0.219008 -0.117916 
1006702898343869 0.094105 0.092705 -0.243785 
1006702917250640 -0.025556 -0.042543 -0.157421 
1006702936157359 -0.156553 0.075700 -0.161078 
1006702955064130 -0.396770 0.432083 0.289052 
1006702973970848 -0.511989 0.548707 0.592712 
1006702992877619 -0.480152 0.349601 -0.114427 
1006703011784338 -0.399728 0.283574 -0.664583 
1006703030691109 -0.137359 0.413988 -0.414899 
1006703049597828 -0.064443 0.351351 -0.240233 
1006703068504598 -0.184818 0.214934 -0.238512 
1006703087411317 -0.420289 0.102820 -0.109004 
1006703106318088 -0.394208 0.084738 -0.147758 
1006703125224807 -0.250857 0.138758 -0.105899 
1006703144131578 -0.076113 0.047329 -0.190233 
1006703163038296 0.009953 -0.154943 -0.418466 
1006703181945067 -0.112347 -0.249895 -0.281290 
1006703200851838 0.039266 -0.273473 0.018603 
1006703219758557 0.263144 -0.476561 -0.048679 
1006703238665328 0.489603 -0.466988 -0.303199 
1006703257572046 0.637271 -0.290672 -0.273991 
1006703276478817 0.549129 -0.065829 -0.006751 
1006703295385588 0.303914 -0.034544 0.141809 
1006703314292307 0.184688 -0.044250 0.363346 
1006703333199078 0.358462 -0.192270 0.675256 
1006703352105848 0.522717 -0.369267 0.677420 
1006703371012567 0.654379 -0.449656 0.229347 
1006703389919338 0.488400 -0.424065 0.100298 
1006703408826057 0.402469 -0.337554 0.098598 
1006703427732828 0.281862 -0.230711 0.160168 
1006703446639598 -0.009268 -0.286572 0.527442 
1006703465546317 -0.119034 -0.491748 0.790896 
1006703484453088 0.125812 -0.498480 0.497736 
1006703503359859 0.163074 -0.375202 0.045414 
1006703522266578 -0.004836 -0.066575 -0.369207 
1006703541173348 -0.294740 0.394074 -0.581535 
1006703560080119 -0.400037 0.696202 -0.998137 
1006703578986890 -0.300594 0.785488 -1.460674 
1006703597893609 -0.351298 0.657856 -1.195773 
1006703616800380 -0.075449 0.268918 0.077750 
1006703635707151 0.294809 -0.408551 0.931522 
1006703654613869 0.570413 -0.870911 1.007681 
1006703673520640 0.684979 -1.062286 0.517442 
1006703692427411 0.348273 -0.740632 0.247645 
1006703711334130 -0.018442 -0.084208 0.217669 
1006703730240901 -0.416728 0.287530 0.093121 
1006703749147671 -0.681260 0.267779 0.237332 
1006703768054442 -0.435541 0.164366 0.265022 
1006703786961213 -0.075092 -0.046344 0.181356 
1006703805867932 0.341364 -0.186005 0.047214 
1006703824774703 0.376179 -0.276434 -0.150595 
1006703843681473 0.037364 -0.253826 -0.001106 
1006703862588244 -0.173247 0.018014 0.252725 
1006703881494963 -0.002003 0.183425 0.143764 
1006703900401734 0.224910 0.073362 0.045728 
1006703919308505 0.295324 -0.141157 0.034842 
1006703938215276 0.263952 -0.185108 0.016439 
1006703957121994 0.320539 -0.180237 -0.099775 
1006703976028765 0.575050 -0.222501 -0.006468 
1006703994935536 0.596114 -0.483964 0.336723 
1006704013842307 0.291056 -0.507347 0.767645 
1006704032749078 0.184005 -0.202953 0.603294 
1006704051655796 0.249818 0.054060 0.001647 
1006704070562567 0.397351 0.006252 -0.334661 
1006704089469338 0.401988 -0.126441 -0.386619 
1006704108376109 0.371381 -0.098051 -0.040495 
1006704127282880 0.117888 -0.210355 0.057085 
1006704146189598 -0.383860 -0.323482 0.251410 
1006704165096369 -0.665106 -0.251518 0.589303 
1006704184003140 -0.685241 -0.082042 0.550336 
1006704202909911 -0.536363 -0.027277 0.369433 
1006704221816682 -0.379369 -0.096253 0.310658 
1006704240723453 -0.155745 -0.129493 0.170239 
1006704259630223 0.065624 -0.022073 -0.117980 
1006704278536994 0.110040 -0.063867 -0.345579 
1006704297443713 0.007289 -0.138842 -0.357644 
1006704316350484 -0.042797 0.016740 -0.198576 
1006704335257255 0.082249 0.265083 -0.310483 
1006704354164026 0.271749 0.486362 -0.601996 
1006704373070796 0.397919 0.551331 -0.684287 
1006704391977567 0.362371 0.312408 -0.668901 
1006704410884338 0.185546 0.140689 -0.181932 
1006704429791057 0.263473 0.191088 0.299573 
1006704448697828 0.381522 0.104480 0.255453 
1006704467604598 0.393649 -0.042954 0.374245 
1006704486511369 0.383976 -0.123315 0.550185 
1006704505418140 0.456222 -0.025837 0.464109 
1006704524324911 0.348751 0.086810 0.436267 
1006704543231682 0.033107 0.010170 0.852402 
1006704562138453 -0.179183 -0.219707 1.247575 
1006704581045223 -0.029334 -0.288577 1.435017 
1006704599951994 0.252691 -0.372614 0.809799 
1006704618858713 0.453781 -0.269652 -0.195645 
1006704637765484 0.549248 0.011744 -0.968828 
1006704656672255 0.496873 0.225333 -1.201729 
1006704675579026 0.028654 0.222226 -0.652506 
1006704694485796 -0.303926 0.121733 0.130410 
1006704713392567 -0.380297 -0.069727 0.471972 
1006704732299338 -0.240250 -0.582580 0.030358 
1006704751206109 0.021396 -1.005218 -0.397436 
1006704770112880 -0.321414 -0.959056 -0.202974 
1006704789019651 -1.400940 -0.622696 0.783428 
1006704807926421 -1.990106 0.203461 1.250401 
1006704826833192 -1.591071 1.103534 0.304531 
1006704845739963 -0.782175 1.510351 -0.774523 
1006704864646734 -0.023309 1.321390 -1.401658 
1006704883553505 0.571967 0.987195 -1.631149 
1006704902460276 0.652130 0.752379 -1.299800 
1006704921367046 0.218992 0.914279 -0.264429 
1006704940273817 -0.222977 1.140243 0.472687 
1006704959180588 -0.080124 0.958154 0.326138 
1006704978087359 0.325605 0.301149 -0.051491 
1006704996994130 0.516437 -0.467471 -0.203997 
1006705015900848 0.537793 -0.803890 0.453285 
1006705034807671 0.449479 -0.791277 1.266637 
1006705053714390 0.226201 -0.951247 1.451721 
1006705072621161 0.126143 -1.316429 0.980772 
1006705091527932 0.206084 -1.433123 0.485026 
1006705110434703 0.362795 -1.076702 0.353089 
1006705129341473 0.319216 -0.575591 0.198890 
1006705148248244 -0.025021 -0.210153 0.109713 
1006705167155015 -0.216483 0.030481 -0.048553 
1006705186061786 -0.221021 0.036653 -0.434983 
1006705204968557 -0.220985 -0.016795 -0.529028 
1006705223875328 -0.001643 0.041896 -0.428873 
1006705242782098 0.135503 0.023302 -0.415191 
1006705261688869 0.066438 -0.108778 -0.661381 
1006705280595640 -0.040685 -0.160648 -0.928786 
1006705299502463 -0.177654 -0.186711 -0.849068 
1006705318409234 -0.285350 -0.028363 -0.281816 
1006705337316005 -0.253367 0.161486 -0.022631 
1006705356222776 -0.257021 0.167894 -0.125235 
1006705375129546 -0.325168 0.065141 -0.251809 
1006705394036317 -0.168083 0.174998 -0.095238 
1006705412943088 -0.035247 0.297022 0.080977 
1006705431849859 -0.187237 0.222850 0.220234 
1006705450756630 -0.281174 0.138650 0.476116 
1006705469663401 -0.432387 -0.000046 0.884472 
1006705488570171 -0.478505 0.095788 1.221319 
1006705507476942 -0.447334 0.263960 1.011808 
1006705526383713 -0.209870 0.453832 0.138207 
1006705545290484 0.093391 0.647000 -0.490463 
1006705564197255 0.334934 0.778097 -0.389525 
1006705583104026 0.426819 0.640310 -0.116902 
1006705602010796 0.492101 0.400646 -0.136946 
1006705620917567 0.463118 0.267261 -0.213440 
1006705639824338 0.456149 0.256702 0.018385 
1006705658731109 0.497537 0.120948 0.179042 
1006705677637880 0.462831 -0.188393 0.095774 
1006705696544651 0.487737 -0.318199 0.206277 
1006705715451421 0.552265 -0.281693 0.080505 
1006705734358192 0.445726 -0.343150 -0.116246 
1006705753264963 0.323884 -0.299610 0.068424 
1006705772171734 0.292075 -0.343642 0.062636 
1006705791078557 0.227755 -0.471008 0.054245 
1006705809985328 0.171172 -0.348439 0.158978 
1006705828892098 0.144495 -0.129067 -0.094923 
1006705847798869 0.136814 -0.117996 -0.359703 
1006705866705640 0.071508 -0.130919 -0.121726 
1006705885612411 0.079620 -0.022060 0.426701 
1006705904519182 0.079736 0.116686 0.655576 
1006705923425953 0.054017 0.191689 0.735671 
1006705942332723 0.209003 0.208336 0.560808 
1006705961239494 0.328177 0.048633 0.027244 
1006705980146265 0.206208 -0.250122 -0.209499 
1006705999053036 0.032373 -0.309415 -0.106220 
1006706017959807 -0.106031 -0.030402 -0.223645 
1006706036866578 -0.204540 0.302342 -0.638062 
1006706055773348 -0.379110 0.373526 -0.994420 
1006706074680119 -0.514471 0.271856 -0.816357 
1006706093586942 -0.448572 0.088741 -0.209417 
1006706112493713 -0.300577 -0.171299 0.159018 
1006706131400484 0.025739 -0.173456 0.025580 
1006706150307255 0.175258 0.061555 -0.427609 
1006706169214026 0.061343 0.290096 -0.376414 
1006706188120796 0.008872 0.308413 0.060996 
1006706207027567 0.023039 0.150197 0.396362 
1006706225934338 -0.127487 -0.032197 0.663975 
1006706244841109 -0.145362 -0.183050 0.577121 
1006706263747880 -0.024543 -0.261789 0.227804 
1006706282654703 0.025955 -0.183412 0.132406 
1006706301561473 -0.082684 -0.032750 0.058475 
1006706320468244 -0.204527 0.036337 0.099053 
1006706339375015 -0.267065 0.013537 0.131614 
1006706358281786 -0.210411 -0.091770 0.196855 
1006706377188557 -0.337923 -0.326736 0.688687 
1006706396095328 -0.204677 -0.373744 0.898768 
1006706415002098 0.100851 -0.363448 0.339206 
1006706433908869 0.145396 -0.314313 -0.235069 
1006706452815692 0.120077 -0.098879 -0.265182 
1006706471722463 0.142566 0.202314 -0.085379 
1006706490629234 0.057554 0.360886 -0.252403 
1006706509536005 0.030621 0.462003 -0.556465 
1006706528442776 0.044932 0.532914 -0.877447 
1006706547349546 -0.177239 0.458859 -1.318203 
1006706566256317 -0.526264 0.384762 -0.876070 
1006706585163088 -0.566346 0.448727 0.136309 
1006706604069859 -0.340412 0.303850 0.434281 
1006706622976682 -0.137082 0.105802 0.113308 
1006706641883453 -0.054540 -0.010189 0.013744 
1006706660790223 -0.009466 0.045925 0.428885 
1006706679696994 -0.244761 -0.193713 0.765300 
1006706698603765 -0.331875 -0.335831 1.349832 
1006706717510536 -0.179922 -0.392237 1.552970 
1006706736417307 0.067702 -0.495838 0.948962 
1006706755324130 0.402357 -0.439157 0.269408 
1006706774230901 0.641009 -0.203453 -0.233065 
1006706793137671 0.414015 -0.222246 -0.474391 
1006706812044442 0.250212 -0.152396 0.044352 
1006706830951213 0.245225 0.098320 0.282671 
1006706849857984 0.266713 0.137655 -0.073484 
1006706868764755 0.248394 0.003614 -0.309523 
1006706887671578 0.402988 -0.041278 -0.034431 
1006706906578348 0.548632 -0.095567 0.240726 
1006706925485119 0.477054 0.069774 0.021136 
1006706944391890 0.356000 0.259565 -0.377624 
1006706963298661 0.231426 0.191176 -0.133475 
1006706982205432 0.104921 -0.177572 0.146238 
1006707001112255 0.123874 -0.398186 0.126856 
1006707020019026 0.341340 -0.212291 -0.136491 
1006707038925796 0.481306 -0.036874 -0.383909 
1006707057832567 0.459983 -0.086601 -0.270722 
1006707076739338 0.236141 -0.112417 0.376434 
1006707095646109 -0.001032 -0.077668 0.801661 
1006707114552932 -0.028179 -0.058869 0.805683 
1006707133459703 -0.114851 -0.135283 0.451267 
1006707152366473 -0.065082 -0.070989 0.188366 
1006707171273244 0.263745 0.065230 -0.006560 
1006707190180015 0.437595 0.001254 -0.201583 
1006707209086786 0.415250 -0.153153 -0.268970 
1006707227993609 0.097715 -0.111143 0.080282 
1006707246900380 -0.179727 0.208025 0.513107 
1006707265807151 -0.040774 0.371163 0.063344 
1006707284713921 0.145325 0.162235 -0.382016 
1006707303620692 0.253807 -0.138553 -0.302505 
1006707322527515 0.360533 -0.284252 0.063146 
1006707341434286 0.420548 -0.215303 0.121421 
1006707360341057 0.278207 -0.062762 -0.068871 
1006707379247828 0.197505 0.028325 -0.326516 
1006707398154651 0.210947 0.067038 -0.180658 
1006707417061421 0.206112 -0.050487 0.056156 
1006707435968192 0.043520 -0.340357 0.396054 
1006707454874963 -0.151910 -0.532069 0.480546 
1006707473781786 -0.224711 -0.531493 0.513808 
1006707492688557 -0.110896 -0.470724 0.251209 
1006707511595328 0.015303 -0.253705 -0.253130 
1006707530502098 -0.029249 0.064945 -0.248340 
1006707549408869 -0.341304 -0.013411 0.066590 
1006707568315692 -0.808432 -0.255871 0.447974 
1006707587222463 -0.770450 -0.133646 0.764605 
1006707606129234 -0.301879 0.089159 0.134033 
1006707625036005 0.045432 0.354746 -0.445361 
1006707643942828 0.177497 0.579179 -0.584037 
1006707662849598 0.249560 0.549108 -0.799799 
1006707681756369 0.306764 0.375245 -0.524899 
1006707700663192 0.188210 0.379277 0.105289 
1006707719569963 0.169616 0.321550 0.180860 
1006707738476734 0.197152 0.183587 0.304760 
1006707757383505 0.299750 0.181797 0.409358 
1006707776290328 0.407825 0.384161 0.217298 
1006707795197098 0.221578 0.498157 -0.087558 
1006707814103869 -0.241594 0.337027 0.176950 
1006707833010640 -0.320276 0.170896 0.495940 
1006707851917463 -0.091607 -0.118696 0.252318 
1006707870824234 0.213980 -0.527752 0.001332 
1006707889731005 0.483187 -0.694040 0.010953 
1006707908637776 0.556722 -0.571337 -0.074363 
1006707927544598 0.301760 -0.210937 -0.301120 
1006707946451369 -0.070539 0.480726 -0.488090 
1006707965358140 -0.127112 0.847475 -0.761457 
1006707984264963 -0.017191 0.737459 -0.522253 
1006708003171734 0.211148 0.413623 -0.309343 
1006708022078505 0.337000 0.067269 -0.160275 
1006708040985328 0.262124 -0.108240 0.114338 
1006708059892098 0.059855 -0.124420 0.399532 
1006708078798869 0.055120 0.090370 0.428299 
1006708097705640 0.079104 0.311375 0.091229 
1006708116612463 0.132321 0.548274 -0.214699 
1006708135519234 0.233809 0.629140 -0.578303 
1006708154426005 0.151958 0.604561 -0.578094 
1006708173332828 -0.230518 0.492198 0.055972 
1006708192239598 -0.812965 0.136906 1.099218 
1006708211146369 -1.137409 -0.347140 1.659422 
1006708230053140 -1.055948 -0.616417 1.690445 
1006708248959963 -0.622777 -0.604027 1.503877 
1006708267866734 -0.182243 -0.534014 0.659586 
1006708286773505 0.118361 -0.380428 -0.393299 
1006708305680328 0.423219 -0.192098 -1.056287 
1006708324587098 0.432013 -0.193761 -1.184747 
1006708343493869 0.154993 -0.106724 -0.966076 
1006708362400692 -0.057550 0.073837 -0.793764 
1006708381307463 -0.176743 0.119058 -0.973603 
1006708400214234 -0.176688 -0.090034 -1.096583 
1006708419121005 -0.241816 -0.518642 -0.465499 
1006708438027828 -0.290257 -0.657342 0.582646 
1006708456934598 -0.182933 -0.475678 0.823684 
1006708475841369 0.117124 -0.106971 0.330650 
1006708494748192 0.371683 -0.008659 -0.372250 
1006708513654963 0.044964 -0.153686 -0.423729 
1006708532561734 -0.488810 0.015334 0.277264 
1006708551468557 -0.589560 0.224504 0.601819 
1006708570375328 -0.384231 0.040771 0.591208 
1006708589282098 -0.325696 -0.282756 0.517274 
1006708608188921 -0.281338 -0.278044 0.262547 
1006708627095692 -0.214737 0.134592 0.206202 
1006708646002463 -0.192179 0.272073 -0.003918 
1006708664909234 -0.246709 0.069202 -0.175904 
1006708683816057 -0.263586 0.040563 0.063434 
1006708702722828 -0.031496 0.179891 0.156518 
1006708721629598 0.293404 0.032756 -0.019435 
1006708740536421 0.451344 -0.320321 -0.240596 
1006708759443192 0.558026 -0.457349 -0.227283 
1006708778349963 0.405148 -0.404479 0.138824 
1006708797256786 0.100556 -0.049945 0.795654 
1006708816163557 -0.062745 0.158565 0.555467 
1006708835070328 -0.052314 0.036886 -0.007284 
1006708853977151 0.117511 -0.136355 -0.028534 
1006708872883921 0.253880 -0.209124 0.228293 
1006708891790692 0.271122 -0.190833 0.356876 
1006708910697515 0.190491 -0.125858 0.157149 
1006708929604286 0.089541 0.195939 -0.015604 
1006708948511057 0.094495 0.349290 -0.080507 
1006708967417880 0.168338 0.203772 0.166396 
1006708986324651 0.352471 -0.053005 0.270249 
1006709005231421 0.356158 -0.403393 0.240733 
1006709024138244 0.230311 -0.448290 0.516357 
1006709043045015 0.142280 -0.320913 0.358888 
1006709061951786 -0.063695 -0.129730 0.096806 
1006709080858609 -0.065057 0.156412 -0.101085 
1006709099765380 0.079281 0.219581 -0.391036 
1006709118672151 0.166090 0.018660 -0.250474 
1006709137578973 0.229363 -0.186311 -0.075604 
1006709156485744 0.052148 -0.234550 -0.324056 
1006709175392515 -0.251919 -0.092561 -0.494976 
1006709194299338 -0.448957 0.117114 -0.283298 
1006709213206109 -0.515872 0.231543 -0.025088 
1006709232112880 -0.408899 0.280276 -0.119141 
1006709251019703 -1.162796 0.100024 2.143022 
1006709269926473 -1.602202 0.116198 1.887568 
1006709288833244 -0.427167 0.220053 -0.439236 
1006709307740067 0.117620 -0.076003 -1.455445 
1006709326646838 0.309223 -0.295256 -1.483246 
1006709345553609 0.281021 0.086622 -0.111961 
1006709364460432 0.404696 0.027726 0.504228 
1006709383367203 0.483167 -0.416798 -0.649611 
1006709402273973 0.507561 -0.668160 -1.231037 
1006709421180796 0.849579 -0.639197 -0.912780 
1006709440087567 1.221142 -0.681026 -0.300572 
1006709458994338 1.187135 -0.325133 -0.692093 
1006709477901161 0.771265 0.433385 -0.504727 
1006709496807932 -0.111031 0.420968 0.603633 
1006709515714703 -0.392164 0.321516 0.412735 
1006709534621526 -0.414848 0.495210 -0.228809 
1006709553528296 -0.506277 0.922151 -0.331203 
1006709572435067 -0.427391 0.497087 0.309545 
1006709591341890 -0.147711 -0.013126 0.644012 
1006709610248661 -0.291767 0.220820 0.449763 
1006709629155484 -0.472490 0.357064 0.452579 
1006709648062255 -0.396548 0.155294 0.212000 
1006709666969026 -0.249037 0.029695 0.072313 
1006709685875848 -0.121832 0.252429 -0.024066 
1006709704782619 -0.003345 0.476849 -0.211771 
1006709723689390 -0.132101 0.234804 -0.492103 
1006709742596213 -0.549232 0.133933 -0.256114 
1006709761502984 -0.295673 0.167149 0.338712 
1006709780409755 0.109883 -0.136706 0.360630 
1006709799316578 0.140260 -0.383715 0.150318 
1006709818223348 0.054524 -0.363993 -0.103519 
1006709837130119 -0.146970 -0.181218 -0.222899 
1006709856036942 -0.212115 0.223641 -0.273676 
1006709874943713 0.064076 0.127439 -0.383874 
1006709893850484 0.194000 -0.139874 -0.376781 
1006709912757307 0.149141 -0.302718 -0.030361 
1006709931664078 0.182049 -0.224310 0.401269 
1006709950570901 0.023140 -0.096786 0.445051 
1006709969477671 -0.076482 -0.050243 0.216291 
1006709988384442 -0.075322 -0.102562 0.196030 
1006710007291265 0.217578 -0.267785 0.214778 
1006710026198036 0.231356 -0.072756 0.087480 
1006710045104807 0.025150 0.234894 -0.162929 
1006710064011630 -0.058445 0.388438 -0.310749 
1006710082918401 0.092039 0.409032 -0.237374 
1006710101825223 0.389448 0.430903 -0.123544 
1006710120731994 0.289617 0.532359 -0.648678 
1006710139638765 0.157501 0.436006 -0.591438 
1006710158545588 0.121321 0.113835 0.009906 
1006710177452359 0.082313 0.014998 0.718410 
1006710196359130 -0.119760 0.219712 1.272242 
1006710215265953 -0.338589 0.310914 0.993541 
1006710234172723 -0.273474 0.224231 0.471444 
1006710253079494 -0.191304 -0.134385 0.219316 
1006710271986317 -0.165015 -0.296298 0.388720 
1006710290893088 -0.339892 -0.104825 0.407909 
1006710309799911 -0.511970 -0.004962 0.274659 
1006710328706682 -0.310918 -0.218811 0.141041 
1006710347613453 -0.185578 -0.384329 -0.381625 
1006710366520276 -0.025997 -0.337201 -0.816104 
1006710385427046 0.277746 -0.377563 -0.714248 
1006710404333817 0.171637 -0.330481 -0.320468 
1006710423240640 -0.154825 -0.148582 -0.229688 
1006710442147411 -0.083266 -0.197485 -0.209963 
1006710461054234 0.040067 -0.280484 -0.247995 
1006710479961005 -0.026973 -0.266632 -0.353032 
1006710498867776 0.081759 -0.360548 -0.181658 
1006710517774598 0.199023 -0.289951 0.195342 
1006710536681369 -0.163876 0.129152 0.119341 
1006710555588140 -0.474856 0.388092 -0.225447 
1006710574494963 -0.541742 0.246680 -0.603927 
1006710593401734 -0.313317 -0.181969 -0.276385 
1006710612308505 -0.021433 -0.322534 0.537272 
1006710631215328 -0.172792 0.347602 0.767879 
1006710650122098 -0.310414 0.620020 0.251467 
1006710669028921 -0.050171 0.228635 -0.049476 
1006710687935692 0.482598 -0.417284 0.263345 
1006710706842463 0.456966 -0.601888 0.959160 
1006710725749286 -0.040710 -0.001257 0.768285 
1006710744656057 -0.026025 0.300876 0.127526 
1006710763562828 0.057621 0.241286 -0.618871 
1006710782469651 0.002475 0.185049 -0.961603 
1006710801376421 0.153863 0.031916 -0.590899 
1006710820283244 0.215482 -0.242200 -0.023511 
1006710839190015 -0.038282 -0.269966 0.142738 
1006710858096786 -0.254352 -0.347009 0.052773 
1006710877003609 -0.345630 -0.316269 -0.123420 
1006710895910380 -0.379686 -0.156516 -0.408761 
1006710914817151 -0.256125 -0.113294 -0.400143 
1006710933723973 0.008048 -0.307688 -0.126297 
1006710952630744 0.183263 -0.210656 0.191855 
1006710971537567 0.182084 -0.190724 0.108999 
1006710990444338 -0.015737 -0.050278 -0.114333 
1006711009351109 -0.159127 0.218236 -0.180509 
1006711028257932 -0.085207 0.242126 -0.153184 
1006711047164703 0.063986 0.142896 -0.000289 
1006711066071473 0.094451 0.165659 0.171200 
1006711084978296 0.123964 0.247698 0.198703 
1006711103885067 0.310321 0.093320 0.271149 
1006711122791890 0.179125 -0.016927 0.164015 
1006711141698661 -0.076413 0.168088 0.031701 
1006711160605432 0.013029 0.264059 -0.168832 
1006711179512255 0.070437 0.196024 -0.303242 
1006711198419026 0.047506 0.054944 -0.300632 
1006711217325796 0.239003 -0.269438 0.072895 
1006711236232619 0.104743 -0.234927 0.155661 
1006711255139390 -0.153989 0.132782 0.076879 
1006711274046213 -0.125738 0.041526 -0.037172 
1006711292952984 -0.231513 -0.123081 0.069991 
1006711311859755 -0.372672 -0.190719 0.187092 
1006711330766578 -0.642167 -0.124159 0.244524 
1006711349673348 -0.711624 -0.018988 0.075707 
1006711368580119 -0.595507 0.190434 -0.020639 
1006711387486942 -0.366021 0.106584 0.021918 
1006711406393713 -0.060317 -0.092261 0.162010 
1006711425300536 0.069045 -0.060813 0.119636 
1006711444207307 -0.189396 0.067539 -0.036127 
1006711463114078 -0.198450 0.113917 -0.066615 
1006711482020901 0.109201 -0.181171 0.076007 
1006711500927671 0.001223 -0.272718 0.056584 
1006711519834494 -0.176197 -0.166578 0.144527 
1006711538741265 -0.342787 0.025028 0.003716 
1006711557648036 -0.306590 0.009234 -0.342983 
1006711576554859 -0.085812 -0.205983 -0.410087 
1006711595461630 -0.086981 -0.238467 -0.246984 
1006711614368453 -0.309762 -0.097711 -0.114841 
1006711633275223 -0.352802 -0.108292 -0.088942 
1006711652181994 -0.284423 -0.018200 -0.063976 
1006711671088817 -0.025153 -0.051851 0.049438 
1006711689995588 0.050644 0.037460 0.099182 
1006711708902411 -0.004795 0.122412 0.025814 
1006711727809182 -0.083441 0.110905 -0.053661 
1006711746715953 -0.024307 -0.006677 0.038061 
1006711765622776 0.060603 -0.146455 0.304203 
1006711784529546 0.059676 0.035414 0.252288 
1006711803436369 -0.086834 0.290082 -0.123859 
1006711822343140 -0.120942 0.268812 -0.311275 
1006711841249911 -0.020919 0.007614 -0.089211 
1006711860156734 0.121993 0.055428 -0.054754 
1006711879063505 0.176509 0.433861 -0.384641 
1006711897970328 0.148723 0.297462 -0.572571 
1006711916877098 0.306941 -0.326195 -0.256763 
1006711935783869 0.495533 -0.610107 0.393544 
1006711954690692 0.233095 -0.201437 0.633244 
1006711973597463 -0.370563 0.292002 0.090595 
1006711992504286 -0.633929 0.515385 -0.293979 
1006712011411057 -0.383440 0.547899 -0.379231 
1006712030317828 0.116229 0.163860 0.166009 
1006712049224651 -0.505359 -0.279292 0.228084 
1006712068131421 -1.516899 -0.207662 1.335161 
1006712087038244 -0.849654 0.319640 2.365530 
1006712105945015 -0.385477 0.047981 0.862520 
1006712124851838 -0.940152 1.036388 1.055573 
1006712143758609 -0.627073 0.644727 0.522643 
1006712162665380 -0.087600 -0.261961 0.116050 
1006712181572203 0.659506 -1.079571 -0.617916 
1006712200478973 1.114628 -0.986174 -1.088247 
1006712219385744 1.055490 -0.671765 -0.947881 
1006712238292567 0.742010 -0.612947 -0.878598 
1006712257199338 0.193873 -0.673789 -0.810976 
1006712276106161 0.056514 -0.415308 -0.293303 
1006712295012932 0.375928 -0.289525 -0.450342 
1006712313919703 0.586925 -0.409587 -0.862257 
1006712332826526 0.858548 -0.558049 -0.701687 
1006712351733296 0.919301 -0.666740 -0.310218 
1006712370640119 0.994159 -0.709889 0.058094 
1006712389546890 1.012195 -0.677836 0.202353 
1006712408453661 0.812884 -0.539685 0.078581 
1006712427360484 0.534396 -0.171691 -0.153288 
1006712446267255 0.415216 0.293130 -0.512556 
1006712465174078 0.410120 0.279910 -0.623546 
1006712484080848 0.590060 -0.011827 -0.000565 
1006712502987619 0.544177 -0.274060 0.601286 
1006712521894442 0.324456 -0.366891 0.978065 
1006712540801213 -0.053312 -0.168082 1.123366 
1006712559708036 -0.368848 -0.057916 0.635958 
1006712578614807 -0.414559 -0.110304 0.258677 
1006712597521630 -0.236293 0.015311 0.268875 
1006712616428401 -0.039686 0.296473 0.029844 
1006712635335171 -0.020085 0.511734 -0.477335 
1006712654241994 -0.207670 0.511951 -0.614347 
1006712673148765 -0.263729 0.489461 -0.301257 
1006712692055588 -0.111930 0.493149 -0.074784 
1006712710962359 -0.025757 0.339774 -0.180537 
1006712729869130 0.055123 0.175224 -0.190354 
1006712748775953 0.129272 0.107157 0.198958 
1006712767682723 0.160289 0.194168 0.496107 
1006712786589546 0.032231 0.252094 0.404089 
1006712805496317 -0.056301 0.153844 0.311759 
1006712824403140 -0.043975 0.007133 0.476151 
1006712843309911 -0.060314 -0.137091 0.498325 
1006712862216682 -0.047620 -0.171493 0.326385 
1006712881123505 0.034913 -0.078828 0.180086 
1006712900030276 0.200120 0.028610 -0.052544 
1006712918937098 0.285192 0.087277 -0.344713 
1006712937843869 0.212361 0.100995 -0.467165 
1006712956750692 0.124081 0.031557 -0.222806 
1006712975657463 0.114516 -0.172910 0.060508 
1006712994564234 0.106688 -0.369401 0.207129 
1006713013471057 0.134701 -0.300964 0.109802 
1006713032377828 0.136894 -0.245460 -0.239672 
1006713051284651 0.145534 -0.236124 -0.333342 
1006713070191421 0.180329 -0.064925 -0.201719 
1006713089098244 0.160429 0.145119 -0.229657 
1006713108005015 -0.036104 0.213032 -0.275538 
1006713126911786 -0.176106 0.172527 -0.045137 
1006713145818609 -0.099338 0.092270 0.316046 
1006713164725380 0.049488 0.021819 0.378598 
1006713183632203 0.072672 0.006552 0.304268 
1006713202538973 0.115028 0.109416 0.197982 
1006713221445796 0.052538 0.151042 0.106838 
1006713240352567 -0.142472 -0.028275 -0.016207 
1006713259259338 -0.359038 -0.240199 0.040017 
1006713278166161 -0.340308 -0.300409 0.338248 
1006713297072932 -0.270088 -0.257132 0.274276 
1006713315979755 -0.042791 0.006839 -0.057552 
1006713334886526 0.199918 0.292998 -0.314360 
1006713353793348 0.261689 0.386345 -0.248077 
1006713372700119 0.281755 0.369052 -0.158863 
1006713391606890 0.287708 0.347140 -0.179099 
1006713410513713 0.266534 0.283368 -0.047094 
1006713429420484 0.210230 0.161655 0.184598 
1006713448327307 0.046432 -0.129366 0.302039 
1006713467234078 -0.083056 -0.417379 0.355370 
1006713486140901 -0.126567 -0.572020 0.345632 
1006713505047671 -0.165676 -0.450800 0.299304 
1006713523954494 -0.097337 -0.176723 0.074152 
1006713542861265 0.005225 0.059501 -0.141176 
1006713561768036 0.069133 0.189462 -0.189792 
1006713580674859 0.085136 0.236866 -0.174437 
1006713599581630 0.102595 0.214194 -0.120257 
1006713618488453 0.031013 0.111121 -0.067966 
1006713637395223 -0.144757 0.073631 0.180298 
1006713656302046 -0.085733 0.111324 0.327972 
1006713675208817 -0.009317 0.067429 0.040781 
1006713694115588 -0.020595 0.065253 -0.202931 
1006713713022411 0.064189 0.175478 -0.198916 
1006713731929182 0.065589 0.174227 -0.150046 
1006713750836005 -0.186996 0.032139 0.034458 
1006713769742776 -0.298562 0.059516 0.375805 
1006713788649598 -0.143285 0.089639 0.317286 
1006713807556369 -0.009752 -0.027223 0.039998 
1006713826463192 -0.061488 -0.122902 -0.002356 
1006713845369963 -0.133830 -0.174627 0.029405 
1006713864276734 -0.221868 -0.296815 0.063066 
1006713883183557 -0.271007 -0.344049 0.245717 
1006713902090328 -0.184744 -0.264363 0.129914 
1006713920997151 -0.151018 -0.198421 -0.320531 
1006713939903921 -0.064457 -0.084754 -0.464331 
1006713958810744 -0.120759 0.005073 -0.284202 
1006713977717515 -0.102059 0.100900 -0.309345 
1006713996624338 0.007607 0.234167 -0.529514 
1006714015531109 0.141044 0.248057 -0.621212 
1006714034437880 0.108403 0.002430 -0.371230 
1006714053344703 -0.009444 -0.189178 0.021917 
1006714072251473 -0.107129 -0.202355 0.240266 
1006714091158296 -0.022528 -0.122227 0.175208 
1006714110065067 0.015328 -0.130973 -0.019470 
1006714128971890 0.019320 -0.098006 0.093079 
1006714147878661 0.055137 0.015123 0.238849 
1006714166785484 0.148173 0.065486 0.090460 
1006714185692255 0.138785 0.044234 -0.042619 
1006714204599026 0.010126 -0.000919 0.192024 
1006714223505848 0.014180 -0.059877 0.369146 
1006714242412619 0.053888 -0.138478 0.291670 
1006714261319442 0.123722 -0.071829 0.263173 
1006714280226213 0.214242 0.138089 0.150177 
1006714299133036 0.273712 0.385847 -0.108274 
1006714318039807 0.156112 0.497420 -0.176640 
1006714336946578 0.030440 0.419392 0.148107 
1006714355853401 -0.107741 0.127205 0.574190 
1006714374760171 -0.127308 -0.155662 0.626363 
1006714393666994 -0.154983 -0.299497 0.437617 
1006714412573765 -0.300686 -0.324567 0.344654 
1006714431480588 -0.396013 -0.166600 0.218104 
1006714450387359 -0.313088 0.077977 -0.276545 
1006714469294182 -0.172690 0.203628 -0.674687 
1006714488200953 0.001447 0.266933 -0.717040 
1006714507107723 0.098492 0.116371 -0.740739 
1006714526014546 0.037252 -0.095628 -0.563829 
1006714544921317 -0.014148 -0.094601 -0.229095 
1006714563828140 0.055235 0.015928 -0.027376 
1006714582734911 0.125911 0.058200 -0.262790 
1006714601641734 0.190443 0.034977 -0.534318 
1006714620548505 0.223843 -0.072746 -0.393093 
1006714639455276 0.144138 -0.097113 0.027478 
1006714658362098 0.053135 0.046378 0.341544 
1006714677268869 0.148289 0.136877 0.445652 
1006714696175692 0.323991 -0.219635 0.472857 
1006714715082463 0.386754 -0.649399 0.657199 
1006714733989286 0.453023 -0.642287 0.869712 
1006714752896057 0.485945 -0.266456 0.772004 
1006714771802880 0.316415 0.109474 0.360405 
1006714790709651 0.053568 0.304055 -0.074075 
1006714809616421 -0.190779 0.404004 -0.307519 
1006714828523244 -0.250356 0.449518 -0.082311 
1006714847430015 -0.218910 0.267647 0.278859 
1006714866336838 -0.040631 0.030661 0.313654 
1006714885243609 0.203268 -0.111138 -0.169865 
1006714904150432 0.278088 -0.105267 -0.820383 
1006714923057203 0.175643 0.121631 -0.964997 
1006714941963973 0.114770 0.333387 -0.561880 
1006714960870796 0.109206 0.187640 0.001546 
1006714979777567 0.101273 -0.171069 0.177153 
1006714998684390 0.132329 -0.333764 0.004910 
1006715017591161 0.163388 -0.259376 -0.222109 
1006715036497984 0.141782 -0.003228 -0.104823 
1006715055404755 0.160133 0.165192 0.071182 
1006715074311526 0.171937 0.147723 -0.005456 
1006715093218348 0.073452 0.105121 -0.004502 
1006715112125119 0.000516 0.146196 0.127995 
1006715131031942 0.059594 0.111234 0.413760 
1006715149938713 0.035426 -0.066630 0.576933 
1006715168845536 0.119606 -0.151450 0.356286 
1006715187752307 0.138341 -0.153114 0.013528 
1006715206659130 0.025390 -0.063557 -0.035291 
1006715225565901 -0.015281 0.149413 -0.036138 
1006715244472671 0.095589 0.280870 -0.239585 
1006715263379494 0.114577 0.223749 -0.631880 
1006715282286265 0.109741 0.077369 -0.576075 
1006715301193088 0.164513 -0.126453 0.013310 
1006715320099859 0.092996 -0.290166 0.350098 
1006715339006682 -0.016081 -0.313801 0.075122 
1006715357913453 -0.061827 -0.233073 -0.266920 
1006715376820276 -0.100523 -0.132351 -0.099710 
1006715395727046 -0.197519 -0.084771 0.069301 
1006715414633817 -0.250287 -0.088399 -0.152658 
1006715433540640 -0.270466 -0.107465 -0.307775 
1006715452447411 -0.219947 -0.063356 -0.354282 
1006715471354234 -0.221722 -0.021981 -0.172522 
1006715490261005 -0.259075 0.030190 0.207975 
1006715509167828 -0.309714 0.111008 0.190570 
1006715528074598 -0.330977 0.181277 -0.020855 
1006715546981421 -0.170768 0.365384 0.099895 
1006715565888192 -0.051730 0.412099 0.141463 
1006715584795015 -0.083116 0.370492 0.018800 
1006715603701786 -0.102931 0.372781 0.039595 
1006715622608609 -0.099503 0.269511 0.043627 
1006715641515380 -0.171831 0.089254 0.184576 
1006715660422203 -0.101588 -0.004784 0.279345 
1006715679328973 0.060971 -0.066136 0.146428 
1006715698235796 0.058978 -0.158657 -0.100175 
1006715717142567 0.027002 -0.195092 -0.062307 
1006715736049390 -0.000291 -0.255099 0.142881 
1006715754956161 -0.056281 -0.315209 0.102856 
1006715773862984 -0.070747 -0.204113 -0.221173 
1006715792769755 0.034996 -0.029891 -0.435511 
1006715811676578 0.086107 -0.017977 -0.424075 
1006715830583348 -0.013250 -0.125599 -0.323467 
1006715849490171 -0.143162 -0.070109 -0.111238 
1006715868396994 -0.190390 0.115072 0.102896 
1006715887303765 -0.112291 0.200443 0.096372 
1006715906210588 -0.008975 0.156308 -0.006155 
1006715925117359 -0.000220 0.041113 0.087235 
1006715944024182 -0.089132 -0.013638 0.219958 
1006715962930953 -0.327089 0.100755 0.371994 
1006715981837776 -0.217257 0.351152 0.398198 
1006716000744546 0.087016 0.404045 0.053454 
1006716019651369 0.265287 0.339602 -0.333392 
1006716038558140 0.240968 0.163357 -0.433775 
1006716057464963 0.053584 -0.048529 0.139722 
1006716076371786 0.016232 -0.162583 0.682813 
1006716095278557 0.212698 -0.286175 0.313578 
1006716114185380 0.332322 -0.324037 -0.167256 
1006716133092151 0.212836 -0.277474 -0.352743 
1006716151998973 0.113783 -0.239787 0.023008 
1006716170905744 0.161803 -0.223823 0.399685 
1006716189812567 0.078251 -0.243205 0.227143 
1006716208719390 0.076095 -0.148739 -0.025249 
1006716227626161 0.023455 -0.110213 -0.310185 
1006716246532984 0.017168 -0.085072 -0.269936 
1006716265439755 0.041634 0.030170 0.065318 
1006716284346578 0.157142 0.100548 -0.056875 
1006716303253401 0.048676 0.140069 -0.192164 
1006716322160171 -0.080978 0.337492 -0.240059 
1006716341066994 0.021586 0.529671 -0.488061 
1006716359973765 0.061230 0.426599 -0.645849 
1006716378880588 0.034743 0.237778 -0.265166 
1006716397787411 0.028986 0.128590 0.265862 
1006716416694182 0.044018 0.029125 0.435382 
1006716435601005 0.117348 -0.093778 0.276276 
1006716454507828 0.079746 -0.168911 0.135242 
1006716473414598 0.060397 -0.068408 0.259359 
1006716492321421 0.012255 -0.131745 0.497434 
1006716511228192 0.026381 -0.893211 0.898174 
1006716530135015 0.150599 -0.937484 0.891217 
1006716549041838 0.262150 -0.561646 0.813396 
1006716567948609 0.308397 -0.099073 0.237409 
1006716586855432 -0.060577 0.124765 -0.380919 
1006716605762255 -0.467690 0.257340 -0.773644 
1006716624669026 -0.545238 0.403998 -0.637403 
1006716643575848 -0.254290 0.349968 -0.310443 
1006716662482671 0.126897 -0.028294 -0.415091 
1006716681389442 0.226410 -0.292935 -0.583685 
1006716700296265 0.018248 -0.210361 -0.601927 
1006716719203088 -0.227212 0.192709 -0.343913 
1006716738109859 -0.357798 0.315116 -0.195331 
1006716757016682 -0.443192 0.053937 0.026803 
1006716775923505 -0.129363 -0.106677 0.004543 
1006716794830276 0.328952 -0.163195 -0.154528 
1006716813737098 0.485653 -0.163909 -0.170774 
1006716832643921 0.311855 -0.062715 -0.117558 
1006716851550692 -0.080035 0.084616 0.081265 
1006716870457515 -0.368004 0.218604 0.357103 
1006716889364286 -0.239192 0.279561 0.302833 
1006716908271109 0.053649 0.170339 -0.127054 
1006716927177932 0.229395 0.174945 -0.430291 
1006716946084755 0.096219 0.218661 -0.294622 
1006716964991526 -0.172815 0.290020 -0.047464 
1006716983898348 -0.245026 0.416192 0.291245 
1006717002805171 -0.055696 0.358128 0.264725 
1006717021711942 -0.006300 0.097266 -0.049462 
1006717040618765 -0.182484 -0.045100 0.094208 
1006717059525588 -0.414713 -0.183520 0.376646 
1006717078432359 -0.513617 -0.199129 0.565971 
1006717097339182 -0.352082 -0.010833 0.241287 
1006717116246005 -0.086086 0.100966 -0.494276 
1006717135152828 -0.029378 0.122425 -0.739551 
1006717154059598 0.036235 0.103226 -0.748160 
1006717172966421 0.185936 0.061652 -0.616505 
1006717191873244 0.105003 0.055599 -0.291099 
1006717210780015 -0.012406 0.130761 -0.142613 
1006717229686838 0.005799 0.234871 -0.201117 
1006717248593661 0.105591 0.249513 -0.015865 
1006717267500432 0.332195 0.215508 0.073104 
1006717286407255 0.334947 -0.063863 0.073505 
1006717305314078 0.199098 -0.232932 0.335461 
1006717324220901 0.128372 -0.148105 0.426351 
1006717343127671 0.046981 -0.058468 0.485385 
1006717362034494 0.012418 -0.068863 0.390138 
1006717380941317 0.070009 -0.170566 0.169760 
1006717399848140 0.201772 -0.138839 -0.001517 
1006717418754911 0.283794 -0.190379 0.056275 
1006717437661734 0.196221 -0.314831 0.167560 
1006717456568557 -0.056500 -0.445815 0.384829 
1006717475475328 -0.219840 -0.426039 0.638040 
1006717494382151 -0.078070 -0.349421 0.447964 
1006717513288973 0.033965 -0.392905 -0.127906 
1006717532195796 -0.005457 -0.346476 -0.379239 
1006717551102567 -0.169229 -0.173339 -0.170854 
1006717570009390 -0.549370 -0.061444 -0.022232 
1006717588916213 -1.572892 0.251437 0.101673 
1006717607823036 -1.544393 1.222221 0.034510 
1006717626729859 -1.026533 1.130222 -0.645387 
1006717645636630 -0.448585 0.513495 -1.080858 
1006717664543453 0.165313 0.084385 -1.086897 
1006717683450276 0.680236 -0.377304 -0.497745 
1006717702357098 0.766534 -0.462502 -0.298939 
1006717721263921 0.555631 -0.228925 -0.305270 
1006717740170692 0.497874 0.050432 -0.359928 
1006717759077515 0.532391 0.056165 -0.334986 
1006717777984338 0.666233 -0.188359 -0.249065 
1006717796891161 0.706905 -0.476927 -0.377059 
1006717815797984 0.569946 -0.475830 -0.035204 
1006717834704755 0.427177 -0.332793 0.313593 
1006717853611578 -0.045245 0.138555 0.529380 
1006717872518401 -0.271431 0.286288 -0.267509 
1006717891425223 0.549651 -0.264256 -0.922400 
1006717910332046 0.489052 -0.097477 -0.088521 
1006717929238869 0.290407 -0.137233 0.222302 
1006717948145640 0.142783 -0.076565 0.511763 
1006717967052463 0.303589 -0.033419 0.384514 
1006717985959286 0.249124 -0.005277 -0.230380 
1006718004866109 0.115694 0.130964 -0.200407 
1006718023772932 -0.171773 0.645031 0.455049 
1006718042679755 -0.139694 0.915079 0.266578 
1006718061586526 -0.040947 0.856098 -0.469632 
1006718080493348 0.061652 0.705267 -0.425240 
1006718099400171 0.576492 0.045739 0.003365 
1006718118306994 0.296215 -0.463903 1.398310 
1006718137213817 0.028634 -0.426489 1.364673 
1006718156120640 -0.359882 0.307407 0.531756 
1006718175027411 -0.491464 0.263405 -0.013394 
1006718193934234 -0.226640 -0.021515 0.098206 
1006718212841057 0.050720 0.136409 0.165877 
1006718231747880 0.073745 -0.149775 -0.012853 
1006718250654703 -0.030249 -0.671823 0.214025 
1006718269561526 0.064022 -0.355102 0.229404 
1006718288468348 -0.146562 -0.009506 -0.574432 
1006718307375171 -0.408306 0.509339 -1.380288 
1006718326281994 0.041671 0.036136 -1.155464 
1006718345188765 0.268103 -0.095164 -0.568627 
1006718364095588 0.186975 -0.060623 -0.316491 
1006718383002411 -0.062137 -0.021584 -0.160959 
1006718401909234 -0.101531 -0.127976 -0.107204 
1006718420816057 0.025215 0.132507 -0.253263 
1006718439722880 0.015010 0.397097 -0.645772 
1006718458629703 0.050199 0.312441 -0.760297 
1006718477536526 0.149025 0.203621 -0.322770 
1006718496443348 -0.040370 0.515121 0.033734 
1006718515350171 -0.379693 0.515005 0.212989 
1006718534256942 -0.413432 0.294683 0.826987 
1006718553163765 0.034308 0.248373 0.478534 
1006718572070588 0.322425 0.020512 0.025198 
1006718590977411 0.012524 0.233411 -0.055922 
1006718609884234 -0.044516 0.149096 -0.203503 
1006718628791057 -0.169229 0.063769 0.088182 
1006718647697880 -0.374850 0.631656 -0.202464 
1006718666604703 0.030794 0.176081 -0.421553 
1006718685511526 0.243990 -0.038349 -0.186320 
1006718704418348 -0.050605 -0.078870 0.035265 
1006718723325171 -0.373149 -0.069291 0.322261 
1006718742231994 -0.258211 -0.043326 0.120443 
1006718761138817 -0.127702 -0.017772 -0.309358 
1006718780045640 0.043654 -0.037796 -0.324600 
1006718798952411 0.111809 -0.086670 -0.091325 
1006718817859234 0.004148 -0.053296 0.114227 
1006718836766057 -0.076412 -0.042749 0.008354 
1006718855672880 -0.018153 -0.042641 -0.211060 
1006718874579703 0.281925 -0.098344 -0.175462 
1006718893486526 0.289900 -0.118780 0.032683 
1006718912393348 -0.039490 -0.070819 0.081163 
1006718931300171 -0.206498 0.101096 -0.059669 
1006718950206994 0.158292 0.299059 -0.406106 
1006718969113817 0.399752 0.191954 -0.506266 
1006718988020640 0.276422 0.131278 -0.446185 
1006719006927463 -0.093523 0.317369 -0.078836 
1006719025834286 -0.016846 0.248880 -0.070644 
1006719044741109 -0.258072 0.594755 -0.264834 
1006719063647932 0.313386 -0.001044 -0.332567 
1006719082554755 0.168228 0.248125 0.272173 
1006719101461578 0.544296 0.259217 0.603329 
1006719120368401 0.436421 0.257019 0.470502 
1006719139275223 -0.179722 0.168859 0.046421 
1006719158182046 0.070857 0.072086 0.284243 
1006719177088869 0.132037 0.138949 0.313612 
1006719195995692 0.333776 0.167241 0.262289 
1006719214902515 0.462191 -0.070845 0.293394 
1006719233809338 0.163917 0.016796 0.091840 
1006719252716161 0.322372 0.156350 -0.189248 
1006719271622984 0.197783 0.052964 -0.557855 
1006719290529807 0.340614 -0.193590 -0.651630 
1006719309436630 1.045291 -0.064628 -0.397337 
1006719328343453 1.318822 -0.394252 0.224464 
1006719347250276 1.279351 -0.865075 1.251446 
1006719366157098 0.983662 -0.725476 1.607121 
1006719385063921 0.927191 -0.311414 1.354799 
1006719403970744 0.746189 0.320386 0.873714 
1006719422877567 0.223560 0.669902 -0.394776 
1006719441784390 -0.254410 1.129923 -1.256212 
1006719460691213 -0.633246 1.359204 -1.132966 
1006719479598036 -0.827512 0.859212 -0.497052 
1006719498504859 -1.018496 0.549506 0.275441 
1006719517411682 -1.274668 0.225041 0.579597 
1006719536318505 -1.223789 -0.124545 0.849081 
1006719555225328 -1.050555 -0.225001 0.703462 
1006719574132151 -0.949168 -0.123433 0.383458 
1006719593038973 -0.948954 -0.166631 -0.125757 
1006719611945796 -0.470354 0.156353 -0.415843 
1006719630852619 -0.338570 -0.080748 -0.351267 
1006719649759442 -0.412374 -0.096143 -0.126379 
1006719668666265 -0.238997 -0.033426 -0.158805 
1006719687573140 -0.115158 -0.021972 -0.345562 
1006719706479963 0.065571 0.133080 -0.583951 
1006719725386786 0.044118 0.163870 -0.598854 
1006719744293609 0.118921 0.028777 -0.278574 
1006719763200432 0.124816 -0.179878 0.137645 
1006719782107255 0.021063 -0.285679 0.421226 
1006719801014078 0.222702 -0.179702 0.489482 
1006719819920901 0.338255 -0.033697 0.119712 
1006719838827723 0.262666 -0.017084 -0.218298 
1006719857734546 0.158477 -0.142532 -0.439453 
1006719876641369 0.067914 -0.193127 -0.228819 
1006719895548192 0.022693 -0.260266 0.045821 
1006719914455015 -0.038027 -0.199283 0.069927 
1006719933361890 -0.021741 -0.283498 0.006205 
1006719952268713 -0.131212 -0.352207 -0.108987 
1006719971175536 -0.438710 -0.484097 0.171446 
1006719990082359 -0.542130 -0.633022 0.415907 
1006720008989182 -0.635938 -0.588737 0.200550 
1006720027896005 -0.676403 -0.425746 -0.189047 
1006720046802828 -0.612160 -0.421093 -0.701703 
1006720065709651 -0.503532 -0.442576 -0.778039 
1006720084616473 -0.425726 -0.308000 -0.569983 
1006720103523296 -0.277476 -0.164862 -0.558063 
1006720122430171 -0.413471 0.097836 -0.656075 
1006720141336994 -0.288753 0.126558 -0.674823 
1006720160243817 -0.149551 0.031327 -0.374809 
1006720179150640 0.016441 0.198918 -0.144093 
1006720198057463 0.240140 0.022122 0.059767 
1006720216964286 0.356191 -0.263345 0.345354 
1006720235871109 0.395362 -0.312123 0.526813 
1006720254777984 0.351935 -0.294597 0.577831 
1006720273684807 0.313959 -0.250910 0.746459 
1006720292591630 0.284587 -0.204084 0.619320 
1006720311498453 0.203034 -0.218260 0.129850 
1006720330405276 0.206090 -0.263586 -0.015682 
1006720349312098 0.269956 0.145328 -0.137116 
1006720368218921 0.239871 0.428100 -0.476642 
1006720387125796 0.029875 0.370456 -0.506288 
1006720406032619 -0.012529 0.126056 -0.045658 
1006720424939442 -0.103015 -0.195312 0.152227 
1006720443846265 -0.201710 -0.493591 0.434538 
1006720462753088 -0.224650 -0.388915 0.541937 
1006720481659911 -0.257241 -0.149552 0.265578 
1006720500566786 -0.312665 0.071916 -0.094787 
1006720519473609 -0.317155 0.161212 -0.323568 
1006720538380432 -0.424212 0.148466 -0.392974 
1006720557287255 -0.521511 0.123959 -0.339859 
1006720576194078 -0.398799 -0.044562 -0.108119 
1006720595100901 -0.359753 -0.113397 0.030187 
1006720614007776 -0.363107 -0.204606 0.078848 
1006720632914598 -0.389367 -0.245128 -0.043350 
1006720651821421 -0.367726 -0.243092 -0.034460 
1006720670728244 -0.281798 -0.371493 0.031456 
1006720689635067 -0.179159 -0.356743 0.022945 
1006720708541942 -0.268337 -0.183093 -0.353562 
1006720727448765 -0.493156 -0.079255 -0.734707 
1006720746355588 -0.571939 -0.071461 -0.693446 
1006720765262411 -0.361051 -0.211758 -0.402426 
1006720784169286 -0.385800 -0.235169 -0.012751 
1006720803076109 -0.432081 -0.109490 -0.045284 
1006720821982932 -0.365662 0.029941 -0.203539 
1006720840889755 -0.441890 0.335325 -0.454121 
1006720859796578 -0.455791 0.338871 -0.252251 
1006720878703453 -0.360939 0.260966 0.237740 
1006720897610276 -0.247200 0.233590 0.624140 
1006720916517098 -0.254474 0.377982 0.755052 
1006720935423921 -0.127361 0.266594 0.826593 
1006720954330796 0.031715 0.136849 0.974481 
1006720973237619 0.182713 0.066642 1.383413 
1006720992144442 0.218409 0.097137 1.550678 
1006721011051265 0.185380 0.237229 1.033291 
1006721029958140 0.170132 0.397296 0.240294 
1006721048864963 0.270511 0.254251 -0.164426 
1006721067771786 0.379522 0.209917 0.025983 
1006721086678609 0.323295 0.278455 0.049845 
1006721105585484 0.024677 0.323636 -0.124782 
1006721124492307 -0.140190 0.348503 -0.465727 
1006721143399130 -0.142535 0.148024 -0.566569 
1006721162305953 -0.151048 -0.111484 0.008069 
1006721181212828 -0.350354 -0.098052 0.333769 
1006721200119651 -0.343306 -0.328497 0.351755 
1006721219026473 -0.156562 -0.596716 0.144134 
1006721237933348 -0.197026 -0.686642 -0.054214 
1006721256840171 -0.354040 -0.567568 -0.239947 
1006721275746994 -0.310160 -0.395925 -0.209307 
1006721294653817 -0.220842 -0.150733 -0.532842 
1006721313560692 -0.276088 0.058389 -0.985476 
1006721332467515 -0.382967 0.225126 -1.042215 
1006721351374338 -0.384909 0.236575 -0.709536 
1006721370281213 -0.327114 0.239612 -0.174934 
1006721389188036 -0.117496 0.228958 0.200334 
1006721408094859 -0.007566 0.190018 0.485572 
1006721427001734 0.018631 0.244355 0.517230 
1006721445908557 0.171823 0.314205 0.376891 
1006721464815380 0.384077 0.295725 0.471117 
1006721483722255 0.584809 0.283761 0.730767 
1006721502629078 0.697751 0.330207 0.678907 
1006721521535901 0.661760 0.385842 0.209841 
1006721540442776 0.498653 0.406541 -0.203237 
1006721559349598 0.442177 0.447922 -0.375523 
1006721578256421 0.522823 0.333131 -0.087234 
1006721597163296 0.457735 0.239954 0.168542 
1006721616070119 0.174536 0.228215 -0.098310 
1006721634976942 0.003576 0.144466 -0.334047 
1006721653883817 -0.022018 0.053289 -0.494749 
1006721672790640 -0.028369 -0.151141 -0.152495 
1006721691697463 0.041698 -0.130685 0.162519 
1006721710604338 0.061769 -0.078223 0.105639 
1006721729511161 -0.094681 -0.155372 0.118224 
1006721748417984 -0.329622 -0.108960 -0.103184 
1006721767324859 -0.506837 -0.047116 -0.295940 
1006721786231682 -0.389372 -0.039019 -0.380139 
1006721805138557 -0.273323 -0.165796 -0.323569 
1006721824045380 -0.288392 -0.204379 -0.167371 
1006721842952203 -0.183513 -0.164297 -0.154002 
1006721861859078 -0.043335 -0.207651 -0.232778 
1006721880765901 0.068114 -0.151076 -0.254406 
1006721899672776 0.144779 -0.196985 -0.040259 
1006721918579598 0.247229 -0.203855 0.201834 
1006721937486421 0.267685 -0.107705 0.156203 
1006721956393296 0.250110 -0.113756 -0.070830 
1006721975300119 0.277347 -0.131235 -0.025675 
1006721994206942 0.294815 -0.065027 0.147545 
1006722013113817 0.340889 -0.016227 0.121152 
1006722032020640 0.196029 0.015541 -0.090467 
1006722050927515 0.078713 0.042919 -0.143976 
1006722069834338 0.225827 0.067236 0.071663 
1006722088741213 0.341500 0.092539 0.147759 
1006722107648036 0.181297 -0.041148 0.127019 
1006722126554859 0.010033 0.018011 0.117194 
1006722145461734 -0.042691 -0.006769 0.232055 
1006722164368557 0.010972 -0.042814 0.318196 
1006722183275380 -0.000266 -0.033019 0.347311 
1006722202182255 0.035421 0.010825 0.266666 
1006722221089078 -0.043823 0.023933 0.066379 
1006722239995953 -0.193519 0.060361 -0.224804 
1006722258902776 -0.240026 0.101827 -0.270325 
1006722277809651 -0.202021 0.096974 -0.424294 
1006722296716473 -0.154302 0.071511 -0.443659 
1006722315623348 -0.220460 0.015324 -0.246407 
1006722334530171 -0.262913 -0.116462 0.073027 
1006722353436994 -0.328324 -0.089209 -0.054463 
1006722372343869 -0.397637 0.023836 -0.311257 
1006722391250692 -0.300301 0.019168 -0.289166 
1006722410157567 -0.280373 -0.070260 0.029791 
1006722429064390 -0.289998 -0.043641 0.107060 
1006722447971265 -0.257394 -0.102286 0.025587 
1006722466878088 -0.171960 -0.165865 0.097192 
1006722485784911 -0.222292 -0.030693 -0.057236 
1006722504691786 -0.329297 0.040656 -0.103947 
1006722523598609 -0.193643 0.060824 0.097520 
1006722542505484 -0.097269 0.024265 0.230491 
1006722561412307 -0.082633 0.062464 0.093586 
1006722580319182 -0.089676 0.085859 -0.087280 
1006722599226005 -0.090768 0.071228 0.016066 
1006722618132880 -0.054656 0.099300 -0.004123 
1006722637039703 0.013109 0.031675 0.099710 
1006722655946578 0.006111 0.015188 0.348270 
1006722674853401 -0.084211 -0.046805 0.395940 
1006722693760223 -0.087827 0.035633 0.174447 
1006722712667098 -0.046292 0.145487 -0.008646 
1006722731573973 -0.027510 0.131880 -0.167471 
1006722750480796 -0.036271 0.225845 -0.280324 
1006722769387619 -0.030626 0.159688 -0.333420 
1006722788294494 0.108597 -0.005546 -0.088379 
1006722807201317 0.173497 -0.023993 0.213939 
1006722826108192 0.212429 -0.039932 0.397553 
1006722845015015 0.214420 -0.097700 0.256145 
1006722863921890 0.247164 -0.207757 0.243577 
1006722882828713 0.244943 -0.237383 0.220944 
1006722901735588 0.075846 -0.156952 0.098105 
1006722920642411 -0.025328 -0.138760 -0.128194 
1006722939549286 -0.114294 -0.044575 -0.234957 
1006722958456109 -0.102786 -0.062236 -0.359647 
1006722977362984 -0.207656 -0.029919 -0.474565 
1006722996269807 -0.329819 0.190212 -0.803391 
1006723015176682 -0.281144 0.315510 -1.123701 
1006723034083505 -0.049365 0.207234 -1.016294 
1006723052990380 0.062096 -0.033005 -0.304459 
1006723071897203 0.069361 -0.198630 0.557111 
1006723090804078 0.079939 -0.182397 0.523925 
1006723109710901 0.139168 -0.246421 0.288970 
1006723128617776 0.204860 -0.176740 0.357738 
1006723147524598 0.092854 -0.003421 0.352651 
1006723166431473 0.078069 0.107846 0.363290 
1006723185338296 0.091037 0.263242 0.082914 
1006723204245171 0.054214 0.197722 -0.157479 
1006723223152046 -0.027221 0.316103 -0.523039 
1006723242058869 -0.086303 0.274043 -0.645704 
1006723260965692 -0.059048 0.291975 -0.415708 
1006723279872567 0.061994 0.220062 0.061017 
1006723298779442 0.101234 0.153072 0.495322 
1006723317686265 0.023493 0.209036 0.440549 
1006723336593140 0.041562 0.182226 0.298916 
1006723355499963 0.189725 0.141821 0.388110 
1006723374406838 0.420259 0.059684 0.678972 
1006723393313661 0.535685 -0.036076 0.800264 
1006723412220536 0.546219 -0.081712 0.460209 
1006723431127359 0.501364 -0.144327 0.271153 
1006723450034234 0.454664 -0.066647 0.164388 
1006723468941057 0.594633 -0.058543 0.120496 
1006723487847932 0.696843 -0.073101 0.094374 
1006723506754807 0.513427 0.075127 -0.063022 
1006723525661630 0.397018 0.073757 -0.151690 
1006723544568505 0.318045 0.092742 -0.504414 
1006723563475328 0.243110 -0.000336 -0.582225 
1006723582382203 0.008499 -0.048078 -0.237912 
1006723601289026 -0.157593 -0.031003 0.204933 
1006723620195901 -0.271210 0.021503 0.332893 
1006723639102723 -0.518419 0.003481 0.023882 
1006723658009598 -0.606553 -0.062776 -0.155169 
1006723676916473 -0.534969 -0.109982 -0.253459 
1006723695823296 -0.525277 -0.096841 -0.208403 
1006723714730171 -0.588123 -0.059978 -0.103314 
1006723733636994 -0.509469 -0.012573 -0.364147 
1006723752543869 -0.470701 0.075535 -0.489344 
1006723771450744 -0.405086 0.154235 -0.414171 
1006723790357567 -0.253857 0.139091 0.009632 
1006723809264442 -0.220670 0.214276 0.204778 
1006723828171265 -0.197153 0.186809 0.098446 
1006723847078140 0.018013 0.131873 0.036934 
1006723865984963 0.243541 -0.009648 0.259757 
1006723884891838 0.386308 -0.045190 0.599524 
1006723903798661 0.390248 -0.012187 0.564044 
1006723922705536 0.407895 0.040134 0.176570 
1006723941612411 0.408724 -0.107172 -0.056141 
1006723960519234 0.255060 0.006685 -0.160734 
1006723979426109 0.239898 0.021561 -0.191180 
1006723998332932 0.270099 0.036257 -0.102365 
1006724017239807 0.271884 0.043978 -0.103835 
1006724036146682 0.154415 0.029734 -0.345524 
1006724055053505 -0.017308 -0.031842 -0.455037 
1006724073960380 0.039815 -0.122458 -0.112935 
1006724092867203 0.080147 -0.112766 0.132035 
1006724111774078 0.146148 -0.125205 0.173899 
1006724130680953 0.149417 -0.153449 0.067695 
1006724149587776 0.063407 -0.084431 -0.027087 
1006724168494651 0.017684 -0.113569 0.039114 
1006724187401473 0.063712 -0.047865 0.094654 
1006724206308348 0.014006 -0.002311 0.132586 
1006724225215223 -0.013329 -0.005619 0.063699 
1006724244122046 -0.077585 0.050086 -0.062814 
1006724263028921 -0.177062 0.066852 -0.162291 
1006724281935744 -0.221298 0.097615 -0.157290 
1006724300842619 -0.096980 0.120044 -0.011719 
1006724319749494 -0.008710 0.091339 0.206528 
1006724338656317 0.074628 -0.044870 0.373743 
1006724357563192 0.041124 -0.110553 0.329352 
1006724376470015 0.070142 -0.359775 0.429689 
1006724395376890 0.124909 -0.438973 0.788026 
1006724414283765 0.240393 -0.348183 0.932324 
1006724433190588 0.266092 -0.292056 0.684381 
1006724452097463 0.166090 -0.185264 0.225418 
1006724471004338 -0.054708 0.045896 -0.346496 
1006724489911161 -0.249719 0.090059 -0.935902 
1006724508818036 -0.245247 0.096238 -0.828227 
1006724527724859 -0.100570 0.140411 -0.356266 
1006724546631734 -0.113822 0.061719 -0.355912 
1006724565538609 -0.207426 -0.120225 -0.473094 
1006724584445432 -0.273453 -0.091529 -0.293336 
1006724603352307 -0.193984 -0.026252 -0.077655 
1006724622259182 0.002226 0.035089 0.074866 
1006724641166005 0.048161 0.187433 -0.050651 
1006724660072880 0.052486 0.313659 -0.426977 
1006724678979755 0.004992 0.250586 -0.682145 
1006724697886578 0.093055 0.075841 -0.140533 
1006724716793453 0.057819 0.162666 0.300306 
1006724735700328 0.023156 0.154773 0.364363 
1006724754607151 0.115306 0.116567 0.189672 
1006724773514026 0.054636 0.106999 -0.002508 
1006724792420901 0.027576 0.116253 0.162495 
1006724811327723 0.192061 0.165899 0.330075 
1006724830234598 0.217817 0.155816 0.312745 
1006724849141473 0.149515 0.156275 0.104843 
1006724868048296 0.120046 0.104163 -0.009588 
1006724886955171 0.152071 0.042314 -0.123287 
1006724905862046 0.152291 0.163431 0.027220 
1006724924768869 0.211246 0.155755 -0.076662 
1006724943675744 0.226365 -0.012127 0.000733 
1006724962582619 0.097532 -0.075933 -0.100619 
1006724981489494 -0.016014 -0.176858 -0.162767 
1006725000396317 -0.074840 -0.244474 -0.124152 
1006725019303192 -0.160987 -0.249467 -0.122744 
1006725038210067 -0.181203 -0.179613 -0.002347 
1006725057116942 -0.174953 -0.233029 -0.072434 
1006725076023765 -0.215892 -0.211368 -0.173639 
1006725094930640 -0.321033 0.005405 -0.359916 
1006725113837515 -0.252890 -0.021127 -0.466690 
1006725132744390 -0.160236 0.020236 -0.300410 
1006725151651213 -0.096822 0.032586 -0.077749 
1006725170558088 -0.178550 0.103502 -0.069979 
1006725189464963 -0.141261 0.086985 0.012486 
1006725208371838 0.050719 0.034294 0.375016 
1006725227278661 0.048301 0.131089 0.476131 
1006725246185536 0.082187 0.147320 0.336902 
1006725265092411 0.258180 0.264025 0.129669 
1006725283999286 0.345013 0.287966 0.090357 
1006725302906161 0.267288 0.310999 0.192124 
1006725321812984 0.246211 0.197466 0.369392 
1006725340719859 0.152976 0.119731 0.504329 
1006725359626734 0.067330 0.058666 0.506688 
1006725378533609 -0.086016 0.067280 0.272641 
1006725397440484 -0.280592 0.101773 0.075120 
1006725416347307 -0.432280 0.088509 -0.027835 
1006725435254182 -0.453828 0.144095 -0.033039 
1006725454161057 -0.407359 0.144658 -0.004951 
1006725473067932 -0.387369 0.071554 0.065337 
1006725491974807 -0.355958 0.039094 0.123796 
1006725510881630 -0.459378 0.231578 -0.014725 
1006725529788505 -0.413215 0.171714 -0.062380 
1006725548695380 -0.250897 0.052051 0.091265 
1006725567602255 -0.017196 -0.147114 0.256122 
1006725586509130 0.108363 -0.202655 0.276310 
1006725605416005 0.107760 -0.241135 0.137265 
1006725624322880 0.051887 -0.207498 -0.080070 
1006725643229703 -0.069148 -0.137781 -0.330343 
1006725662136578 -0.070975 -0.074525 -0.392007 
1006725681043453 -0.003046 0.007143 -0.277029 
1006725699950328 -0.044900 0.001946 -0.274175 
1006725718857203 -0.126952 0.020742 -0.366197 
1006725737764078 -0.105535 -0.039837 -0.404919 
1006725756670953 -0.002353 -0.059361 -0.160532 
1006725775577776 0.119590 -0.083629 0.122315 
1006725794484651 0.291950 -0.218861 0.497240 
1006725813391526 0.388011 -0.194863 0.749048 
1006725832298401 0.354748 -0.127703 0.524078 
1006725851205276 0.378099 -0.026076 0.276378 
1006725870112151 0.233995 0.086617 -0.228858 
1006725889019026 0.229652 -0.082401 -0.391250 
1006725907925901 0.319434 -0.260415 0.135860 
1006725926832776 0.374297 -0.474118 0.651614 
1006725945739598 0.272481 -0.439899 0.629345 
1006725964646473 0.153468 -0.285913 0.144650 
1006725983553348 0.219908 -0.310997 -0.455857 
1006726002460223 0.199513 -0.167104 -0.697883 
1006726021367098 0.243450 -0.234565 -0.569891 
1006726040273973 0.258092 -0.225090 -0.320317 
1006726059180848 0.097171 0.153532 -0.574437 
1006726078087723 0.230774 0.110670 -0.792961 
1006726096994598 0.119565 -0.035480 -0.624265 
1006726115901473 -0.000180 -0.021060 -0.253582 
1006726134808296 0.107055 0.104020 0.130194 
1006726153715171 0.039262 0.234388 0.009285 
1006726172622046 -0.006989 0.044375 0.136744 
1006726191528921 -0.163181 0.223172 0.091893 
1006726210435796 -0.191735 0.290566 -0.126847 
1006726229342671 -0.088075 0.330907 -0.127647 
1006726248249546 -0.039343 0.340810 -0.065053 
1006726267156421 0.112523 0.239388 0.241720 
1006726286063296 0.179434 0.244201 0.255320 
1006726304970171 0.151744 0.108991 0.242503 
1006726323877046 0.097807 0.142828 0.461894 
1006726342783921 0.248730 0.093095 0.386946 
1006726361690796 0.366871 0.061633 0.343061 
1006726380597671 0.231535 0.188491 0.180168 
1006726399504546 0.001624 0.158172 -0.051411 
1006726418411421 0.035084 0.095588 -0.063122 
1006726437318296 0.075663 0.064046 0.095016 
1006726456225119 0.060722 0.015220 0.189876 
1006726475131994 0.025096 -0.001890 0.051537 
1006726494038869 -0.093669 0.000909 -0.048248 
1006726512945796 -0.218782 -0.019965 -0.174897 
1006726531852619 -0.162371 -0.138594 -0.070691 
1006726550759494 -0.077997 -0.052526 0.049575 
1006726569666369 -0.107184 -0.058986 0.133321 
1006726588573244 -0.208625 0.010552 -0.183050 
1006726607480119 -0.339932 -0.063019 -0.267164 
1006726626386994 -0.415969 -0.150665 -0.153687 
1006726645293869 -0.394507 -0.212092 0.036609 
1006726664200744 -0.154054 -0.214580 0.337002 
1006726683107619 -0.085803 -0.119901 0.250788 
1006726702014494 -0.243908 -0.118970 -0.090046 
1006726720921369 -0.248406 0.038619 -0.352190 
1006726739828244 -0.121273 0.033023 -0.394400 
1006726758735119 -0.053099 -0.023838 -0.141315 
1006726777641994 -0.021110 0.013272 0.126211 
1006726796548869 -0.013116 0.033588 0.084412 
1006726815455744 -0.106188 0.057557 0.007501 
1006726834362619 -0.242935 0.133349 -0.011280 
1006726853269494 -0.249149 0.140208 -0.018511 
1006726872176369 -0.201661 0.191084 0.038719 
1006726891083244 -0.012628 -0.023833 0.407020 
1006726909990119 -0.077594 -0.133754 0.517638 
1006726928896994 -0.123515 0.027207 0.634336 
1006726947803869 -0.411509 0.046672 0.066169 
1006726966710744 -0.248567 -0.068307 -0.921082 
1006726985617619 0.057866 -0.174706 -0.543380 
1006727004524494 0.029176 0.064015 -0.342204 
1006727023431369 -0.097920 0.237995 -0.235674 
1006727042338244 -0.276943 0.247634 0.028034 
1006727061245119 -0.338741 0.170759 0.213013 
1006727080151994 -0.496649 -0.030459 0.119144 
1006727099058869 -0.653470 -0.013361 0.000335 
1006727117965744 -0.534246 0.128054 -0.016620 
1006727136872619 -0.297542 0.161205 0.278632 
1006727155779494 -0.302669 0.164004 0.286046 
1006727174686369 -0.283781 0.013805 -0.148725 
1006727193593244 -0.315427 -0.115361 -0.309072 
1006727212500119 -0.195798 -0.061937 0.075281 
1006727231406994 -0.029034 0.038947 0.312432 
1006727250313869 0.089707 0.121461 0.296829 
1006727269220744 0.032351 0.094226 0.200028 
1006727288127619 0.079779 -0.056962 0.110475 
1006727307034494 0.009484 -0.140130 0.414415 
