# Created at Thu Jun 06 10:35:43 GMT+03:00 2024 in Burnaby Canada 
1006694951069442 16.575001 2.381250 -46.050003 
1006694971069442 17.043751 1.968750 -46.087502 
1006694991069442 17.118752 1.631250 -45.900002 
1006695011069442 17.400002 1.612500 -45.787502 
1006695031069442 17.343750 1.725000 -45.675003 
1006695051069442 17.400002 2.156250 -45.693752 
1006695071069442 17.606251 2.362500 -45.825001 
1006695091069442 17.437500 2.700000 -46.012501 
1006695111069442 16.931252 2.962500 -46.068752 
1006695131069442 16.387501 3.262500 -46.181252 
1006695151069442 16.162500 3.918750 -46.350002 
1006695171069442 15.600000 4.275000 -46.631252 
1006695191069442 15.468751 4.368750 -46.931252 
1006695211069442 15.393750 4.387500 -46.856251 
1006695231069442 15.206250 4.706250 -46.668751 
1006695251069442 15.056251 5.006250 -46.406250 
1006695271069442 15.431251 5.043750 -46.425003 
1006695291069442 15.825001 5.043750 -46.331253 
1006695311069442 16.050001 4.856250 -46.050003 
1006695331069442 16.387501 4.800000 -45.843750 
1006695351069442 16.593750 4.706250 -45.581253 
1006695371069442 16.725000 4.762500 -45.712502 
1006695391069442 17.025002 4.950000 -45.750000 
1006695411069442 17.306252 5.156250 -45.881252 
1006695431069442 17.325001 5.268750 -45.918751 
1006695451069442 17.343750 5.493750 -45.806252 
1006695471069442 17.475000 5.700000 -45.675003 
1006695491069442 17.493752 6.131250 -45.543751 
1006695511069442 17.625000 6.675000 -45.525002 
1006695531069442 17.550001 6.862500 -45.337502 
1006695551069442 17.325001 6.656250 -45.525002 
1006695571069442 17.025002 6.656250 -45.581253 
1006695591069442 16.481251 6.750000 -45.825001 
1006695611069442 16.087502 6.562500 -46.256252 
1006695631069442 15.637501 6.431250 -46.481251 
1006695651069442 15.468751 5.868750 -46.856251 
1006695671069442 15.056251 5.306250 -47.118752 
1006695691069442 14.718751 5.100000 -47.437500 
1006695711069442 14.718751 4.856250 -47.606251 
1006695731069442 14.737500 4.462500 -47.737503 
1006695751069442 14.962501 4.218750 -47.587502 
1006695771069442 15.037500 4.125000 -47.456253 
1006695791069442 15.037500 3.918750 -47.456253 
1006695811069442 15.131250 4.031250 -47.531250 
1006695831069442 15.375001 4.143750 -47.606251 
1006695851069442 15.412500 4.106250 -47.550003 
1006695871069442 15.262501 4.125000 -47.493752 
1006695891069442 15.487500 4.237500 -47.606251 
1006695911069442 15.412500 4.218750 -47.587502 
1006695931069442 15.450001 4.443750 -47.475002 
1006695951069442 15.693750 4.593750 -47.437500 
1006695971069442 15.900001 4.368750 -47.137501 
1006695991069442 15.787500 4.162500 -47.118752 
1006696011069442 15.975000 4.106250 -46.987503 
1006696031069442 16.143751 4.143750 -46.856251 
1006696051069442 15.881250 4.218750 -46.612503 
1006696071069442 16.031250 4.668750 -46.593750 
1006696091069442 15.787500 4.612500 -46.593750 
1006696111069442 15.543751 4.781250 -46.725002 
1006696131069442 15.150001 5.418750 -46.743752 
1006696151069442 14.812501 5.868750 -46.612503 
1006696171069442 14.287500 6.206250 -46.818752 
1006696191069442 13.687501 6.506250 -46.762501 
1006696211069442 13.143750 6.637500 -46.781250 
1006696231069442 12.562501 6.600000 -46.968750 
1006696251069442 12.412500 6.825000 -47.006252 
1006696271069442 12.056251 7.087500 -47.250000 
1006696291069442 11.793751 6.900000 -47.381252 
1006696311069442 11.700001 6.825000 -47.381252 
1006696331069442 11.700001 6.693750 -47.287502 
1006696351069442 11.718750 6.806250 -47.437500 
1006696371069442 12.206250 6.937500 -47.662502 
1006696391069442 12.412500 6.843750 -47.756252 
1006696411069442 12.300000 6.900000 -47.737503 
1006696431069442 12.356251 6.600000 -47.456253 
1006696451069442 12.525001 6.862500 -47.400002 
1006696471069442 12.600000 6.787500 -47.512501 
1006696491069442 12.600000 6.956250 -47.512501 
1006696511069442 12.712501 6.787500 -47.493752 
1006696531069442 12.393750 6.581250 -47.568752 
1006696551069442 12.543751 6.618750 -47.156250 
1006696571069442 12.825001 6.543750 -46.875000 
1006696591069442 12.993751 6.768750 -46.800003 
1006696611069442 12.993751 6.562500 -46.406250 
1006696631069442 13.181251 6.693750 -45.918751 
1006696651069442 13.368751 6.562500 -45.768753 
1006696671069442 13.200001 6.637500 -45.300003 
1006696691069442 13.575001 6.900000 -44.643753 
1006696711069442 13.500001 7.012500 -44.418751 
1006696731069442 13.556251 6.881250 -44.193752 
1006696751069442 13.575001 6.637500 -43.931252 
1006696771069442 13.800000 6.393750 -44.081253 
1006696791069442 13.893750 6.393750 -44.175003 
1006696811069442 13.968751 6.393750 -43.987503 
1006696831069442 14.531251 6.356250 -44.137501 
1006696851069442 14.456250 6.112500 -44.193752 
1006696871069442 14.456250 5.868750 -44.362503 
1006696891069442 14.175000 5.850000 -44.718750 
1006696911069442 14.268750 5.793750 -44.700001 
1006696931069442 14.193750 6.056250 -44.587502 
1006696951069442 14.231251 6.018750 -44.662502 
1006696971069442 14.306251 6.318750 -44.831253 
1006696991069442 14.081250 6.412500 -44.793751 
1006697011069442 13.968751 6.431250 -45.150002 
1006697031069442 14.156251 6.468750 -45.000000 
1006697051069442 14.512501 6.412500 -45.075001 
1006697071069442 14.437501 6.412500 -45.168751 
1006697091069442 14.456250 6.150000 -45.225002 
1006697111069442 14.362500 5.925000 -45.075001 
1006697131069442 14.625001 5.268750 -45.075001 
1006697151069442 14.718751 4.800000 -44.906250 
1006697171069442 15.056251 4.406250 -44.606251 
1006697191069442 15.037500 4.162500 -45.000000 
1006697211069442 14.943750 3.918750 -45.075001 
1006697231069442 15.187501 3.712500 -45.393753 
1006697251069442 15.337501 3.487500 -45.825001 
1006697271069442 15.206250 3.300000 -46.143753 
1006697291069442 14.887501 3.243750 -46.443752 
1006697311069442 14.737500 3.543750 -47.025002 
1006697331069442 14.418751 3.637500 -47.193752 
1006697351069442 14.193750 3.937500 -47.362503 
1006697371069442 13.987500 4.237500 -47.531250 
1006697391069442 13.650001 4.218750 -47.512501 
1006697411069442 13.368751 4.237500 -47.550003 
1006697431069442 13.500001 4.462500 -47.700001 
1006697451069442 13.631250 4.612500 -47.812500 
1006697471069442 13.481251 4.425000 -47.718750 
1006697491069442 13.425000 4.237500 -47.906250 
1006697511069442 13.593751 3.825000 -47.681252 
1006697531069442 13.668751 3.506250 -47.512501 
1006697551069442 13.856251 3.262500 -47.625000 
1006697571069442 13.818750 3.018750 -47.306252 
1006697591069442 13.837501 2.737500 -47.268753 
1006697611069442 13.950001 2.493750 -47.137501 
1006697631069442 14.175000 2.156250 -47.250000 
1006697651069442 14.475000 2.212500 -47.193752 
1006697671069442 14.531251 1.968750 -47.175003 
1006697691069442 14.906251 1.650000 -47.137501 
1006697711069442 15.206250 1.406250 -46.912502 
1006697731069442 15.731251 1.200000 -46.893753 
1006697751069442 16.106251 1.031250 -46.668751 
1006697771069442 16.350000 0.862500 -46.612503 
1006697791069442 16.481251 0.656250 -46.256252 
1006697811069442 16.575001 0.318750 -46.200001 
1006697831069442 16.800001 0.337500 -46.500000 
1006697851069442 16.893751 0.412500 -46.312500 
1006697871069442 16.968750 0.768750 -46.200001 
1006697891069442 17.006250 1.012500 -46.425003 
1006697911069442 17.025002 1.293750 -46.556252 
1006697931069442 16.893751 1.425000 -46.387501 
1006697951069442 17.231251 1.668750 -46.725002 
1006697971069442 17.400002 1.912500 -46.725002 
1006697991069442 17.868752 2.418750 -46.481251 
1006698011069442 18.000000 2.887500 -46.668751 
1006698031069442 18.056252 3.168750 -46.875000 
1006698051069442 18.168751 3.543750 -46.631252 
1006698071069442 18.018751 3.618750 -46.462502 
1006698091069442 18.300001 3.993750 -46.743752 
1006698111069442 18.093750 4.275000 -46.518753 
1006698131069442 18.037500 4.368750 -46.462502 
1006698151069442 17.681252 4.312500 -46.350002 
1006698171069442 17.812500 3.993750 -46.331253 
1006698191069442 17.756250 3.750000 -46.125000 
1006698211069442 17.850000 3.675000 -46.275002 
1006698231069442 18.000000 3.618750 -46.256252 
1006698251069442 17.981251 3.656250 -46.200001 
1006698271069442 18.187500 3.600000 -46.331253 
1006698291069442 18.018751 3.506250 -46.368752 
1006698311069442 18.300001 3.431250 -46.312500 
1006698331069442 18.075001 3.356250 -46.275002 
1006698351069442 18.187500 3.056250 -46.218750 
1006698371069442 18.075001 2.531250 -46.181252 
1006698391069442 18.337502 2.156250 -46.237503 
1006698411069442 18.506250 1.650000 -46.012501 
1006698431069442 18.581251 1.406250 -45.956253 
1006698451069442 18.787500 1.331250 -45.918751 
1006698471069442 18.750000 1.068750 -45.918751 
1006698491069442 18.900002 0.881250 -46.125000 
1006698511069442 18.787500 1.087500 -46.068752 
1006698531069442 18.768751 1.518750 -45.900002 
1006698551069442 18.581251 1.743750 -45.750000 
1006698571069442 18.393751 2.025000 -45.731251 
1006698591069442 18.281250 2.156250 -45.768753 
1006698611069442 18.431252 2.268750 -45.506252 
1006698631069442 18.562500 2.381250 -45.318752 
1006698651069442 18.581251 2.662500 -45.037502 
1006698671069442 18.825001 2.662500 -44.756252 
1006698691069442 18.918751 2.475000 -44.737503 
1006698711069442 19.087502 2.418750 -44.812500 
1006698731069442 19.143751 2.250000 -44.606251 
1006698751069442 19.181252 2.118750 -44.475002 
1006698771069442 19.200001 2.100000 -44.493752 
1006698791069442 19.106251 2.062500 -44.737503 
1006698811069442 19.162500 2.081250 -44.587502 
1006698831069442 19.162500 2.137500 -44.925003 
1006698851069442 19.143751 2.156250 -44.812500 
1006698871069442 19.031250 2.306250 -44.850002 
1006698891069442 19.275002 2.325000 -44.643753 
1006698911069442 19.481251 2.306250 -44.250000 
1006698931069442 19.893751 2.231250 -43.912502 
1006698951069442 20.175001 2.250000 -43.425003 
1006698971069442 20.737501 2.306250 -43.050003 
1006698991069442 21.112501 2.081250 -42.675003 
1006699011069442 21.525002 1.931250 -42.375000 
1006699031069442 21.937500 1.575000 -41.962502 
1006699051069442 22.012501 1.556250 -41.662502 
1006699071069442 22.162500 1.575000 -41.812500 
1006699091069442 21.937500 1.650000 -41.775002 
1006699111069442 21.918751 1.818750 -42.018753 
1006699131069442 21.618752 1.668750 -42.131252 
1006699151069442 21.281250 2.062500 -42.168751 
1006699171069442 21.150002 2.568750 -42.318752 
1006699191069442 20.925001 3.281250 -42.337502 
1006699211069442 20.906250 3.825000 -42.787502 
1006699231069442 20.700001 4.125000 -42.637501 
1006699251069442 20.625000 4.612500 -42.862503 
1006699271069442 20.250000 4.612500 -42.487503 
1006699291069442 20.156250 4.987500 -42.431252 
1006699311069442 20.100000 5.287500 -42.393753 
1006699331069442 19.912500 5.325000 -42.318752 
1006699351069442 19.818750 5.362500 -42.468750 
1006699371069442 19.650002 5.531250 -42.506252 
1006699391069442 19.462502 5.943750 -42.637501 
1006699411069442 19.218750 6.243750 -42.637501 
1006699431069442 19.293751 6.806250 -42.918751 
1006699451069442 19.106251 7.181250 -43.087502 
1006699471069442 18.881250 7.350000 -43.293751 
1006699491069442 18.337502 7.518750 -43.350002 
1006699511069442 17.831251 7.762500 -43.256252 
1006699531069442 17.643751 7.912500 -43.087502 
1006699551069442 17.475000 8.043751 -43.068752 
1006699571069442 17.175001 8.212501 -43.256252 
1006699591069442 16.650002 8.381250 -43.575001 
1006699611069442 15.956250 8.568750 -43.856251 
1006699631069442 15.356251 9.112500 -43.968750 
1006699651069442 15.018750 9.750000 -44.156250 
1006699671069442 14.568750 10.443750 -44.287502 
1006699691069442 13.743751 11.006250 -44.662502 
1006699711069442 13.050000 11.681251 -44.981251 
1006699731069442 12.375001 11.962501 -45.075001 
1006699751069442 11.868751 12.637501 -45.056252 
1006699771069442 11.343750 12.900001 -45.150002 
1006699791069442 10.762501 12.993751 -45.150002 
1006699811069442 10.350000 12.843751 -45.356251 
1006699831069442 9.843750 12.731251 -45.543751 
1006699851069442 9.487500 12.356251 -45.450001 
1006699871069442 9.168751 12.075001 -45.506252 
1006699891069442 9.018750 11.962501 -45.581253 
1006699911069442 9.037500 11.550000 -45.675003 
1006699931069442 9.056251 11.268750 -45.637501 
1006699951069442 9.356251 10.987500 -45.900002 
1006699971069442 9.787500 10.950001 -45.881252 
1006699991069442 10.275001 10.462501 -46.106251 
1006700011069442 10.575001 10.162500 -46.237503 
1006700031069442 10.856251 9.581250 -46.312500 
1006700051069442 11.006250 8.868751 -46.237503 
1006700071069442 11.212501 8.325001 -46.087502 
1006700091069442 11.550000 8.212501 -46.012501 
1006700111069442 11.812500 7.668750 -45.825001 
1006700131069442 11.906250 7.143750 -45.768753 
1006700151069442 12.225000 6.806250 -45.843750 
1006700171069442 12.075001 6.750000 -45.937500 
1006700191069442 12.300000 6.618750 -45.656250 
1006700211069442 12.843751 6.675000 -45.600002 
1006700231069442 12.975000 6.843750 -45.787502 
1006700251069442 13.143750 6.581250 -45.731251 
1006700271069442 13.162500 6.600000 -46.050003 
1006700291069442 13.031251 6.600000 -45.918751 
1006700311069442 12.993751 6.675000 -45.618752 
1006700331069442 13.425000 6.675000 -45.318752 
1006700351069442 13.406251 6.806250 -45.337502 
1006700371069442 13.275001 6.787500 -45.506252 
1006700391069442 13.631250 6.656250 -45.243752 
1006700411069442 13.968751 6.806250 -45.187500 
1006700431069442 14.137501 6.900000 -44.793751 
1006700451069442 14.306251 6.937500 -44.887501 
1006700471069442 14.493751 7.012500 -44.812500 
1006700491069442 14.681251 7.050000 -44.850002 
1006700511069442 14.868751 6.993750 -45.000000 
1006700531069442 15.000001 6.956250 -44.831253 
1006700551069442 14.531251 6.918750 -44.793751 
1006700571069442 14.400001 6.956250 -44.943752 
1006700591069442 14.325001 7.106250 -45.150002 
1006700611069442 14.437501 7.125000 -45.037502 
1006700631069442 14.437501 6.956250 -44.943752 
1006700651069442 14.306251 6.825000 -45.112503 
1006700671069442 14.343751 6.825000 -45.000000 
1006700691069442 14.343751 7.087500 -45.131252 
1006700711069442 14.493751 7.181250 -45.318752 
1006700731069442 14.475000 7.068750 -45.262501 
1006700751069442 14.887501 7.012500 -45.000000 
1006700771069442 14.943750 7.087500 -45.112503 
1006700791069442 14.868751 7.256250 -45.150002 
1006700811069442 14.793751 7.462500 -45.112503 
1006700831069442 15.000001 7.443750 -45.187500 
1006700851069442 15.000001 7.312500 -44.925003 
1006700871069442 15.450001 7.218750 -44.756252 
1006700891069442 15.600000 7.200000 -44.587502 
1006700911069442 15.543751 7.012500 -44.512501 
1006700931069442 15.581250 7.012500 -44.381252 
1006700951069442 15.993751 7.050000 -44.343750 
1006700971069442 16.331251 7.125000 -44.250000 
1006700991069442 16.181252 7.237500 -44.231251 
1006701011069442 16.031250 7.256250 -44.400002 
1006701031069442 15.806251 7.256250 -44.325001 
1006701051069442 15.487500 7.125000 -44.625000 
1006701071069442 15.056251 7.106250 -44.962502 
1006701091069442 14.681251 6.581250 -45.093750 
1006701111069442 14.175000 6.131250 -45.356251 
1006701131069442 14.156251 5.437500 -45.225002 
1006701151069442 14.306251 4.875000 -44.981251 
1006701171069442 14.812501 4.181250 -44.850002 
1006701191069442 15.000001 3.487500 -44.812500 
1006701211069442 15.487500 2.756250 -44.718750 
1006701231069442 15.806251 2.156250 -44.550003 
1006701251069442 16.087502 1.950000 -44.718750 
1006701271069442 16.143751 1.537500 -44.718750 
1006701291069442 15.675000 1.031250 -44.850002 
1006701311069442 15.337501 0.543750 -45.225002 
1006701331069442 14.925000 0.206250 -45.412502 
1006701351069442 14.718751 -0.150000 -45.525002 
1006701371069442 14.250001 -0.450000 -45.525002 
1006701391069442 14.268750 -0.862500 -45.450001 
1006701411069442 14.343751 -1.237500 -45.262501 
1006701431069442 14.662500 -1.593750 -45.000000 
1006701451069442 15.018750 -1.650000 -44.831253 
1006701471069442 15.356251 -1.856250 -44.418751 
1006701491069442 15.787500 -1.912500 -44.287502 
1006701511069442 16.050001 -2.062500 -44.381252 
1006701531069442 16.500000 -2.137500 -44.343750 
1006701551069442 16.818750 -2.137500 -44.325001 
1006701571069442 16.893751 -2.250000 -44.025002 
1006701591069442 17.137501 -2.362500 -43.743752 
1006701611069442 17.512501 -2.381250 -43.593750 
1006701631069442 17.850000 -2.156250 -43.575001 
1006701651069442 18.037500 -2.175000 -43.537502 
1006701671069442 18.112501 -2.043750 -43.068752 
1006701691069442 18.112501 -1.800000 -42.731251 
1006701711069442 18.112501 -1.725000 -42.731251 
1006701731069442 18.581251 -1.631250 -42.862503 
1006701751069442 18.450001 -1.368750 -43.050003 
1006701771069442 18.337502 -1.537500 -43.218750 
1006701791069442 18.487501 -1.650000 -43.181252 
1006701811069442 18.450001 -1.781250 -43.068752 
1006701831069442 18.450001 -1.875000 -43.200001 
1006701851069442 18.787500 -2.156250 -43.237503 
1006701871069442 18.768751 -2.475000 -42.993752 
1006701891069442 18.375000 -2.775000 -43.050003 
1006701911069442 18.675001 -2.850000 -43.125000 
1006701931069442 18.843750 -3.075000 -43.050003 
1006701951069442 18.693750 -3.093750 -43.125000 
1006701971069442 18.581251 -3.075000 -43.368752 
1006701991069442 18.375000 -2.925000 -43.518753 
1006702011069442 18.225000 -2.831250 -43.650002 
1006702031069442 18.243752 -2.850000 -43.875000 
1006702051069442 18.393751 -2.493750 -43.781250 
1006702071069442 18.112501 -2.606250 -43.631252 
1006702091069442 17.850000 -2.381250 -43.518753 
1006702111069442 17.906250 -2.662500 -43.406250 
1006702131069442 18.037500 -2.718750 -43.050003 
1006702151069442 18.168751 -2.981250 -43.218750 
1006702171069442 18.093750 -3.187500 -43.181252 
1006702191069442 18.281250 -3.075000 -43.031250 
1006702211069442 18.525002 -3.206250 -43.031250 
1006702231069442 18.768751 -3.393750 -43.181252 
1006702251069442 19.125000 -3.337500 -43.125000 
1006702271069442 19.106251 -3.393750 -43.106251 
1006702291069442 19.275002 -3.393750 -43.143753 
1006702311069442 19.443750 -3.393750 -42.825001 
1006702331069442 19.650002 -3.487500 -42.637501 
1006702351069442 19.612501 -3.468750 -42.450001 
1006702371069442 19.500000 -3.525000 -42.300003 
1006702391069442 19.425001 -3.506250 -42.093750 
1006702411069442 19.462502 -3.581250 -42.093750 
1006702431069442 19.687500 -3.375000 -42.131252 
1006702451069442 19.650002 -3.337500 -42.056252 
1006702471069442 19.631250 -3.356250 -41.868752 
1006702491069442 19.500000 -3.056250 -42.018753 
1006702511069442 19.837502 -2.887500 -42.281250 
1006702531069442 20.006250 -2.925000 -42.525002 
1006702551069442 20.006250 -2.662500 -42.562500 
1006702571069442 19.893751 -2.475000 -42.581253 
1006702591069442 19.631250 -2.475000 -42.787502 
1006702611069442 19.556252 -2.493750 -43.050003 
1006702631069442 19.743752 -2.587500 -43.275002 
1006702651069442 19.818750 -2.643750 -43.125000 
1006702671069442 19.275002 -2.793750 -42.825001 
1006702691069442 19.218750 -2.718750 -42.618752 
1006702711069442 19.200001 -2.906250 -42.506252 
1006702731069442 19.050001 -3.018750 -42.487503 
1006702751069442 19.125000 -3.018750 -42.168751 
1006702771069442 19.237501 -3.018750 -41.925003 
1006702791069442 19.387501 -2.793750 -41.943752 
1006702811069442 19.612501 -2.793750 -41.868752 
1006702831069442 19.912500 -2.643750 -42.056252 
1006702851069442 19.875000 -2.681250 -41.962502 
1006702871069442 19.893751 -2.718750 -42.037502 
1006702891069442 20.025002 -2.850000 -42.112503 
1006702911069442 20.250000 -2.906250 -42.168751 
1006702931069442 20.231251 -2.981250 -42.450001 
1006702951069442 19.987501 -3.056250 -42.356251 
1006702971069442 19.781250 -3.018750 -42.581253 
1006702991069442 19.575001 -3.037500 -42.468750 
1006703011069442 19.331251 -2.981250 -42.675003 
1006703031069442 19.106251 -2.775000 -42.862503 
1006703051069442 18.618752 -2.643750 -43.087502 
1006703071069442 17.718750 -2.625000 -43.425003 
1006703091069442 17.118752 -2.250000 -43.387501 
1006703111069442 16.725000 -2.081250 -43.668751 
1006703131069442 15.937501 -1.950000 -43.987503 
1006703151069442 15.468751 -1.856250 -44.531250 
1006703171069442 15.093751 -1.518750 -44.793751 
1006703191069442 14.718751 -1.556250 -44.925003 
1006703211069442 14.606251 -1.312500 -45.018753 
1006703231069442 14.868751 -1.106250 -44.925003 
1006703251069442 14.868751 -1.406250 -44.925003 
1006703271069442 14.681251 -1.537500 -44.925003 
1006703291069442 14.868751 -1.687500 -44.775002 
1006703311069442 14.925000 -1.668750 -44.662502 
1006703331069442 15.000001 -1.950000 -44.512501 
1006703351069442 15.112500 -1.856250 -44.531250 
1006703371069442 15.450001 -2.062500 -44.212502 
1006703391069442 15.337501 -2.287500 -44.156250 
1006703411069442 15.450001 -2.100000 -44.043751 
1006703431069442 15.768750 -2.193750 -43.818752 
1006703451069442 16.031250 -2.025000 -43.781250 
1006703471069442 16.256250 -2.231250 -43.668751 
1006703491069442 16.331251 -2.325000 -43.668751 
1006703511069442 16.425001 -2.268750 -43.518753 
1006703531069442 16.162500 -2.025000 -43.818752 
1006703551069442 16.106251 -1.593750 -44.062500 
1006703571069442 15.618751 -1.350000 -44.381252 
1006703591069442 15.168751 -0.918750 -44.587502 
1006703611069442 14.756250 -0.675000 -44.606251 
1006703631069442 14.418751 -0.318750 -44.850002 
1006703651069442 14.250001 0.318750 -45.000000 
1006703671069442 13.912500 0.656250 -45.131252 
1006703691069442 13.537500 1.087500 -45.000000 
1006703711069442 13.293751 1.293750 -45.056252 
1006703731069442 13.200001 1.350000 -45.150002 
1006703751069442 13.162500 1.837500 -45.243752 
1006703771069442 13.162500 2.118750 -45.525002 
1006703791069442 12.993751 2.325000 -45.393753 
1006703811069442 12.937501 2.343750 -45.468750 
1006703831069442 12.787500 2.493750 -45.431252 
1006703851069442 12.975000 2.475000 -45.843750 
1006703871069442 13.181251 2.437500 -45.787502 
1006703891069442 13.650001 2.812500 -45.468750 
1006703911069442 13.875001 2.756250 -45.637501 
1006703931069442 13.950001 2.831250 -45.412502 
1006703951069442 14.137501 2.831250 -45.468750 
1006703971069442 14.175000 2.700000 -45.318752 
1006703991069442 14.587501 2.606250 -45.393753 
1006704011069442 14.812501 2.437500 -45.150002 
1006704031069442 15.075001 2.493750 -44.850002 
1006704051069442 15.131250 2.400000 -44.793751 
1006704071069442 15.262501 1.931250 -44.381252 
1006704091069442 15.656251 1.462500 -44.287502 
1006704111069442 16.068750 1.237500 -44.175003 
1006704131069442 16.556252 1.106250 -44.043751 
1006704151069442 17.025002 0.750000 -43.800003 
1006704171069442 17.193750 0.600000 -43.293751 
1006704191069442 17.456251 0.487500 -43.425003 
1006704211069442 18.112501 -0.037500 -43.537502 
1006704231069442 18.356251 -0.075000 -43.612503 
1006704251069442 18.300001 0.056250 -43.575001 
1006704271069442 18.206251 0.168750 -43.425003 
1006704291069442 18.337502 0.168750 -43.293751 
1006704311069442 18.187500 0.300000 -43.387501 
1006704331069442 18.468750 0.225000 -43.631252 
1006704351069442 18.243752 -0.131250 -43.743752 
1006704371069442 17.962502 -0.131250 -43.443752 
1006704391069442 18.037500 -0.243750 -43.443752 
1006704411069442 18.375000 -0.543750 -43.462502 
1006704431069442 18.618752 -0.768750 -43.500000 
1006704451069442 18.543751 -0.937500 -43.631252 
1006704471069442 18.543751 -1.031250 -43.631252 
1006704491069442 18.431252 -0.881250 -43.762501 
1006704511069442 18.487501 -0.656250 -43.500000 
1006704531069442 18.600000 -0.787500 -43.556252 
1006704551069442 18.506250 -0.600000 -43.650002 
1006704571069442 18.356251 -0.300000 -43.537502 
1006704591069442 18.187500 -0.262500 -43.537502 
1006704611069442 18.168751 -0.300000 -43.368752 
1006704631069442 18.018751 -0.281250 -43.087502 
1006704651069442 17.887501 -0.412500 -42.693752 
1006704671069442 18.131250 -0.375000 -42.956253 
1006704691069442 17.887501 -0.337500 -42.956253 
1006704711069442 17.868752 -0.375000 -42.806252 
1006704731069442 17.812500 -0.581250 -42.975002 
1006704751069442 17.943750 -0.543750 -42.881252 
1006704771069442 17.887501 -0.506250 -42.918751 
1006704791069442 17.906250 -0.318750 -43.443752 
1006704811069442 18.187500 -0.206250 -43.800003 
1006704831069442 18.037500 -0.393750 -43.537502 
1006704851069442 18.037500 -0.168750 -43.725002 
1006704871069442 17.906250 0.112500 -43.818752 
1006704891069442 17.925001 0.731250 -43.781250 
1006704911069442 17.643751 0.993750 -43.893753 
1006704931069442 17.793751 1.406250 -43.931252 
1006704951069442 17.775002 1.443750 -43.668751 
1006704971069442 17.625000 1.837500 -43.631252 
1006704991069442 17.700001 2.156250 -43.781250 
1006705011069442 17.793751 2.306250 -43.725002 
1006705031069442 18.000000 2.156250 -43.518753 
1006705051069442 18.112501 1.912500 -43.443752 
1006705071069442 18.412500 1.725000 -43.518753 
1006705091069442 18.356251 1.387500 -43.425003 
1006705111069442 18.581251 1.312500 -43.143753 
1006705131069442 18.768751 1.031250 -42.956253 
1006705151069442 19.068750 0.862500 -42.787502 
1006705171069442 19.068750 0.675000 -42.787502 
1006705191069442 19.162500 0.637500 -42.825001 
1006705211069442 19.331251 0.431250 -42.712502 
1006705231069442 19.518751 0.450000 -42.318752 
1006705251069442 19.687500 0.581250 -42.543751 
1006705271069442 19.912500 0.356250 -42.637501 
1006705291069442 20.006250 0.131250 -42.787502 
1006705311069442 19.912500 0.243750 -42.750000 
1006705331069442 19.968750 0.318750 -42.712502 
1006705351069442 19.968750 0.356250 -42.712502 
1006705371069442 19.800001 0.225000 -42.787502 
1006705391069442 19.725000 0.131250 -42.937500 
1006705411069442 19.387501 -0.037500 -42.900002 
1006705431069442 19.256250 0.168750 -42.975002 
1006705451069442 19.162500 0.375000 -43.031250 
1006705471069442 18.937500 0.187500 -43.218750 
1006705491069442 19.068750 0.112500 -42.993752 
1006705511069442 19.012501 -0.037500 -42.862503 
1006705531069442 19.087502 0.150000 -42.750000 
1006705551069442 18.975000 0.150000 -42.843750 
1006705571069442 19.031250 0.337500 -42.768753 
1006705591069442 19.200001 0.150000 -42.918751 
1006705611069442 19.181252 -0.037500 -42.675003 
1006705631069442 19.218750 -0.018750 -42.581253 
1006705651069442 19.312500 -0.018750 -42.712502 
1006705671069442 19.331251 -0.075000 -42.787502 
1006705691069442 19.200001 -0.243750 -42.843750 
1006705711069442 19.106251 -0.187500 -42.750000 
1006705731069442 19.331251 -0.412500 -42.600002 
1006705751069442 19.218750 -0.543750 -42.525002 
1006705771069442 19.481251 -0.731250 -42.656250 
1006705791069442 19.593750 -0.993750 -42.675003 
1006705811069442 19.575001 -1.143750 -42.693752 
1006705831069442 19.781250 -1.143750 -42.618752 
1006705851069442 19.856251 -1.050000 -42.881252 
1006705871069442 20.287500 -1.125000 -42.993752 
1006705891069442 20.250000 -1.106250 -43.125000 
1006705911069442 20.118752 -0.975000 -43.106251 
1006705931069442 19.987501 -0.731250 -43.087502 
1006705951069442 19.875000 -0.375000 -43.106251 
1006705971069442 19.875000 -0.262500 -43.331253 
1006705991069442 19.668751 -0.056250 -43.462502 
1006706011069442 19.575001 -0.168750 -43.443752 
1006706031069442 19.218750 -0.168750 -43.481251 
1006706051069442 19.162500 -0.318750 -43.556252 
1006706071069442 19.200001 -0.412500 -43.668751 
1006706091069442 19.050001 -0.431250 -43.818752 
1006706111069442 19.031250 -0.543750 -43.800003 
1006706131069442 18.843750 -0.431250 -43.837502 
1006706151069442 18.768751 -0.656250 -43.856251 
1006706171069442 18.600000 -0.450000 -43.818752 
1006706191069442 18.506250 -0.356250 -43.818752 
1006706211069442 18.393751 -0.318750 -43.875000 
1006706231069442 18.356251 -0.187500 -43.762501 
1006706251069442 18.300001 -0.075000 -43.931252 
1006706271069442 18.356251 0.168750 -43.912502 
1006706291069442 18.600000 0.131250 -43.668751 
1006706311069442 18.675001 0.412500 -43.893753 
1006706331069442 19.012501 0.412500 -43.743752 
1006706351069442 19.162500 0.337500 -43.537502 
1006706371069442 19.425001 0.618750 -43.481251 
1006706391069442 19.443750 0.637500 -43.443752 
1006706411069442 19.593750 0.318750 -43.106251 
1006706431069442 19.762501 0.037500 -42.975002 
1006706451069442 19.837502 -0.075000 -43.087502 
1006706471069442 19.968750 -0.375000 -42.843750 
1006706491069442 20.156250 -0.506250 -42.637501 
1006706511069442 20.325001 -0.450000 -42.581253 
1006706531069442 20.512501 -0.618750 -42.337502 
1006706551069442 20.775002 -0.581250 -42.225002 
1006706571069442 21.018751 -0.431250 -42.075001 
1006706591069442 20.962502 -0.412500 -42.243752 
1006706611069442 20.887501 -0.375000 -42.056252 
1006706631069442 20.868752 -0.225000 -42.037502 
1006706651069442 20.718750 -0.150000 -42.150002 
1006706671069442 20.625000 -0.000000 -42.187500 
1006706691069442 20.475000 0.131250 -42.281250 
1006706711069442 20.175001 0.356250 -42.356251 
1006706731069442 19.912500 0.412500 -42.562500 
1006706751069442 19.837502 0.543750 -42.506252 
1006706771069442 19.912500 0.618750 -42.487503 
1006706791069442 19.931252 0.600000 -42.337502 
1006706811069442 19.743752 0.393750 -42.356251 
1006706831069442 19.706251 0.187500 -42.543751 
1006706851069442 19.612501 -0.112500 -42.562500 
1006706871069442 19.856251 -0.431250 -42.712502 
1006706891069442 19.800001 -0.600000 -42.712502 
1006706911069442 19.650002 -0.843750 -42.618752 
1006706931069442 19.443750 -1.087500 -42.637501 
1006706951069442 19.087502 -1.275000 -43.050003 
1006706971069442 18.806252 -1.406250 -43.125000 
1006706991069442 18.693750 -1.481250 -43.087502 
1006707011069442 18.618752 -1.500000 -43.106251 
1006707031069442 18.375000 -1.612500 -42.993752 
1006707051069442 18.543751 -1.725000 -43.031250 
1006707071069442 18.693750 -1.912500 -43.125000 
1006707091069442 18.693750 -2.100000 -43.331253 
1006707111069442 18.843750 -2.381250 -43.031250 
1006707131069442 19.218750 -2.531250 -42.881252 
1006707151069442 19.368752 -2.775000 -42.731251 
1006707171069442 19.218750 -2.887500 -42.750000 
1006707191069442 19.481251 -2.850000 -42.825001 
1006707211069442 19.481251 -2.981250 -42.731251 
1006707231069442 19.368752 -2.906250 -42.806252 
1006707251069442 19.350000 -2.868750 -42.600002 
1006707271069442 19.706251 -2.850000 -42.581253 
1006707291069442 19.781250 -2.718750 -42.675003 
1006707311069442 20.025002 -2.812500 -42.675003 
1006707331069442 20.175001 -2.793750 -42.656250 
1006707351069442 20.100000 -2.981250 -42.318752 
1006707371069442 19.931252 -2.850000 -42.150002 
1006707391069442 19.987501 -2.812500 -42.037502 
1006707411069442 20.100000 -2.662500 -42.056252 
1006707431069442 19.875000 -2.437500 -42.112503 
1006707451069442 19.987501 -2.306250 -42.243752 
1006707471069442 19.650002 -2.193750 -42.318752 
1006707491069442 19.481251 -2.100000 -42.243752 
1006707511069442 19.500000 -2.175000 -42.431252 
1006707531069442 19.593750 -1.912500 -42.468750 
1006707551069442 19.593750 -1.912500 -42.506252 
1006707571069442 19.481251 -1.818750 -42.656250 
1006707591069442 19.425001 -1.762500 -42.825001 
1006707611069442 19.368752 -1.781250 -42.712502 
1006707631069442 19.556252 -1.500000 -42.543751 
1006707651069442 19.818750 -1.237500 -42.468750 
1006707671069442 19.800001 -0.750000 -42.731251 
1006707691069442 19.818750 -0.806250 -42.918751 
1006707711069442 19.781250 -0.450000 -42.881252 
1006707731069442 20.025002 -0.393750 -42.693752 
1006707751069442 20.156250 -0.393750 -42.637501 
1006707771069442 20.250000 -0.187500 -42.675003 
1006707791069442 20.325001 -0.168750 -42.881252 
1006707811069442 20.362501 -0.243750 -42.918751 
1006707831069442 20.456251 -0.412500 -42.637501 
1006707851069442 20.681252 -0.525000 -42.675003 
1006707871069442 20.850000 -0.712500 -42.618752 
1006707891069442 20.756250 -0.787500 -42.656250 
1006707911069442 20.831251 -0.731250 -42.562500 
1006707931069442 20.887501 -0.956250 -42.543751 
1006707951069442 20.831251 -1.068750 -42.431252 
1006707971069442 20.625000 -1.237500 -42.600002 
1006707991069442 20.550001 -1.350000 -42.656250 
1006708011069442 20.381250 -1.518750 -42.768753 
1006708031069442 20.325001 -1.462500 -42.806252 
1006708051069442 20.231251 -1.443750 -42.731251 
1006708071069442 20.175001 -1.181250 -42.881252 
1006708091069442 19.912500 -0.843750 -42.993752 
1006708111069442 19.743752 -0.600000 -43.275002 
1006708131069442 19.593750 -0.168750 -43.275002 
1006708151069442 19.237501 0.093750 -43.237503 
1006708171069442 18.937500 0.468750 -43.237503 
1006708191069442 18.806252 0.600000 -43.218750 
1006708211069442 18.543751 0.750000 -43.275002 
1006708231069442 18.468750 0.600000 -43.293751 
1006708251069442 18.356251 0.431250 -43.200001 
1006708271069442 18.168751 0.337500 -43.050003 
1006708291069442 18.337502 0.187500 -43.050003 
1006708311069442 18.243752 0.262500 -43.256252 
1006708331069442 18.243752 0.168750 -43.087502 
1006708351069442 18.450001 0.037500 -43.087502 
1006708371069442 18.431252 -0.150000 -43.050003 
1006708391069442 18.356251 -0.468750 -42.881252 
1006708411069442 18.450001 -0.506250 -42.787502 
1006708431069442 18.900002 -0.712500 -42.806252 
1006708451069442 19.012501 -0.900000 -42.956253 
1006708471069442 19.462502 -1.200000 -42.956253 
1006708491069442 19.556252 -1.143750 -42.881252 
1006708511069442 19.350000 -1.350000 -42.881252 
1006708531069442 19.650002 -1.481250 -42.956253 
1006708551069442 19.893751 -1.425000 -42.900002 
1006708571069442 20.156250 -1.687500 -42.956253 
1006708591069442 19.818750 -1.725000 -42.900002 
1006708611069442 19.575001 -1.481250 -42.843750 
1006708631069442 19.518751 -1.200000 -42.993752 
1006708651069442 19.556252 -1.443750 -43.012501 
1006708671069442 19.762501 -1.237500 -43.181252 
1006708691069442 19.518751 -1.218750 -43.293751 
1006708711069442 19.406250 -1.181250 -43.612503 
1006708731069442 19.237501 -0.768750 -43.725002 
1006708751069442 19.387501 -0.693750 -43.706253 
1006708771069442 19.593750 -0.881250 -43.781250 
1006708791069442 19.368752 -0.881250 -43.537502 
1006708811069442 19.312500 -0.768750 -43.593750 
1006708831069442 19.068750 -0.843750 -43.518753 
1006708851069442 19.050001 -0.543750 -43.406250 
1006708871069442 18.975000 -0.393750 -43.462502 
1006708891069442 18.825001 -0.431250 -43.387501 
1006708911069442 18.768751 -0.225000 -43.425003 
1006708931069442 18.637501 -0.243750 -43.162502 
1006708951069442 18.675001 -0.150000 -43.050003 
1006708971069442 18.712502 0.056250 -43.106251 
1006708991069442 18.862501 -0.000000 -43.050003 
1006709011069442 19.012501 -0.150000 -43.200001 
1006709031069442 18.993752 -0.206250 -43.050003 
1006709051069442 18.975000 -0.393750 -43.125000 
1006709071069442 18.675001 -0.393750 -43.125000 
1006709091069442 18.712502 -0.468750 -43.387501 
1006709111069442 18.768751 -0.750000 -43.500000 
1006709131069442 18.656250 -0.900000 -43.518753 
1006709151069442 18.431252 -0.806250 -43.500000 
1006709171069442 18.543751 -0.825000 -43.293751 
1006709191069442 18.525002 -0.937500 -43.200001 
1006709211069442 18.750000 -0.806250 -42.993752 
1006709231069442 18.918751 -1.106250 -43.200001 
1006709251069442 18.937500 -0.975000 -43.087502 
1006709271069442 18.806252 -1.181250 -43.106251 
1006709291069442 18.675001 -1.350000 -43.237503 
1006709311069442 18.393751 -1.331250 -43.443752 
1006709331069442 17.681252 -1.143750 -43.612503 
1006709351069442 17.531250 -1.087500 -43.650002 
1006709371069442 17.081251 -1.368750 -43.800003 
1006709391069442 17.100000 -1.481250 -43.556252 
1006709411069442 17.043751 -1.950000 -43.612503 
1006709431069442 16.912500 -2.287500 -43.481251 
1006709451069442 17.006250 -2.550000 -43.237503 
1006709471069442 17.175001 -2.700000 -43.312500 
1006709491069442 17.718750 -2.793750 -43.218750 
1006709511069442 17.606251 -2.943750 -43.331253 
1006709531069442 17.550001 -2.625000 -43.368752 
1006709551069442 17.587502 -2.437500 -43.350002 
1006709571069442 17.306252 -2.100000 -43.350002 
1006709591069442 17.156250 -1.575000 -43.387501 
1006709611069442 17.025002 -1.350000 -43.481251 
1006709631069442 17.100000 -1.125000 -43.387501 
1006709651069442 16.743752 -1.068750 -43.500000 
1006709671069442 16.987501 -0.918750 -43.443752 
1006709691069442 17.062500 -1.031250 -43.518753 
1006709711069442 16.856251 -0.900000 -43.650002 
1006709731069442 16.856251 -1.162500 -43.650002 
1006709751069442 17.006250 -1.125000 -43.837502 
1006709771069442 17.043751 -1.087500 -43.743752 
1006709791069442 16.968750 -1.050000 -43.837502 
1006709811069442 17.212502 -1.368750 -43.762501 
1006709831069442 17.118752 -1.443750 -43.687500 
1006709851069442 17.062500 -1.293750 -43.631252 
1006709871069442 17.025002 -1.293750 -43.631252 
1006709891069442 16.950001 -1.050000 -43.537502 
1006709911069442 16.987501 -1.200000 -43.500000 
1006709931069442 17.137501 -1.218750 -43.687500 
1006709951069442 17.118752 -1.462500 -43.668751 
1006709971069442 16.912500 -1.293750 -43.725002 
1006709991069442 16.875000 -1.143750 -43.687500 
1006710011069442 16.893751 -1.275000 -43.706253 
1006710031069442 16.687500 -1.387500 -43.781250 
1006710051069442 16.650002 -1.237500 -44.043751 
1006710071069442 16.387501 -1.125000 -44.175003 
1006710091069442 16.087502 -1.087500 -44.287502 
1006710111069442 15.881250 -1.012500 -44.212502 
1006710131069442 15.825001 -1.181250 -44.287502 
1006710151069442 15.562501 -1.350000 -44.362503 
1006710171069442 15.543751 -1.443750 -44.287502 
1006710191069442 15.768750 -1.500000 -44.437500 
1006710211069442 15.787500 -1.687500 -44.381252 
1006710231069442 15.881250 -1.668750 -44.362503 
1006710251069442 15.881250 -1.668750 -44.081253 
1006710271069442 16.143751 -1.725000 -44.156250 
1006710291069442 16.200001 -1.687500 -44.343750 
1006710311069442 16.275002 -1.706250 -44.193752 
1006710331069442 16.406250 -1.687500 -44.381252 
1006710351069442 16.537500 -1.818750 -44.325001 
1006710371069442 16.612501 -1.968750 -44.381252 
1006710391069442 16.743752 -2.156250 -44.250000 
1006710411069442 17.006250 -2.343750 -44.381252 
1006710431069442 17.043751 -2.681250 -44.325001 
1006710451069442 17.062500 -2.850000 -43.987503 
1006710471069442 17.343750 -2.756250 -43.987503 
1006710491069442 17.118752 -2.643750 -43.875000 
1006710511069442 17.025002 -2.643750 -43.687500 
1006710531069442 17.025002 -2.662500 -43.537502 
1006710551069442 16.856251 -2.700000 -43.406250 
1006710571069442 16.856251 -2.493750 -43.406250 
1006710591069442 16.856251 -2.156250 -43.275002 
1006710611069442 17.156250 -1.856250 -43.368752 
1006710631069442 16.931252 -1.987500 -43.518753 
1006710651069442 16.875000 -2.062500 -43.500000 
1006710671069442 16.725000 -1.875000 -43.425003 
1006710691069442 16.706251 -1.556250 -43.275002 
1006710711069442 16.856251 -1.350000 -43.387501 
1006710731069442 16.668751 -1.350000 -43.481251 
1006710751069442 16.518751 -1.462500 -43.762501 
1006710771069442 16.275002 -1.893750 -43.743752 
1006710791069442 16.181252 -1.875000 -43.931252 
1006710811069442 16.068750 -1.762500 -44.006252 
1006710831069442 16.275002 -1.987500 -44.062500 
1006710851069442 16.275002 -2.156250 -44.100002 
1006710871069442 16.481251 -2.381250 -44.043751 
1006710891069442 16.275002 -2.268750 -43.968750 
1006710911069442 16.462502 -2.137500 -43.762501 
1006710931069442 16.631250 -1.800000 -43.725002 
1006710951069442 16.612501 -1.781250 -43.668751 
1006710971069442 16.781250 -1.818750 -43.781250 
1006710991069442 16.556252 -1.481250 -43.706253 
1006711011069442 16.443750 -1.462500 -44.006252 
1006711031069442 16.218750 -1.350000 -44.306252 
1006711051069442 16.425001 -1.593750 -44.418751 
1006711071069442 16.181252 -1.368750 -44.418751 
1006711091069442 15.956250 -1.256250 -44.531250 
1006711111069442 16.218750 -0.993750 -44.362503 
1006711131069442 16.312500 -0.918750 -44.343750 
1006711151069442 16.275002 -0.918750 -44.625000 
1006711171069442 16.275002 -0.956250 -44.456253 
1006711191069442 16.125000 -0.693750 -44.437500 
1006711211069442 16.050001 -0.412500 -44.418751 
1006711231069442 16.050001 -0.581250 -44.531250 
1006711251069442 16.050001 -0.656250 -44.662502 
1006711271069442 15.900001 -0.637500 -44.906250 
1006711291069442 15.731251 -0.525000 -44.606251 
1006711311069442 15.918751 -0.243750 -44.587502 
1006711331069442 16.068750 0.112500 -44.606251 
1006711351069442 16.368752 0.075000 -44.550003 
1006711371069442 16.518751 0.243750 -44.325001 
1006711391069442 16.818750 0.543750 -43.968750 
1006711411069442 16.968750 0.787500 -43.818752 
1006711431069442 16.800001 1.012500 -43.631252 
1006711451069442 17.081251 0.881250 -43.800003 
1006711471069442 17.118752 0.637500 -43.556252 
1006711491069442 17.137501 0.712500 -43.650002 
1006711511069442 17.006250 0.675000 -43.481251 
1006711531069442 17.362501 0.600000 -43.425003 
1006711551069442 17.081251 0.675000 -43.743752 
1006711571069442 16.968750 0.600000 -43.575001 
1006711591069442 17.343750 0.375000 -43.668751 
1006711611069442 17.362501 0.487500 -43.856251 
1006711631069442 17.362501 0.712500 -43.837502 
1006711651069442 17.231251 0.618750 -43.875000 
1006711671069442 17.268751 0.787500 -43.950001 
1006711691069442 16.912500 0.937500 -44.100002 
1006711711069442 17.062500 0.881250 -44.100002 
1006711731069442 17.193750 0.956250 -44.381252 
1006711751069442 16.968750 0.993750 -44.550003 
1006711771069442 16.818750 0.993750 -44.381252 
1006711791069442 16.706251 0.900000 -44.568752 
1006711811069442 16.837502 1.012500 -44.437500 
1006711831069442 16.987501 0.862500 -44.456253 
1006711851069442 17.081251 0.600000 -44.475002 
1006711871069442 17.175001 0.431250 -44.250000 
1006711891069442 17.118752 0.412500 -44.137501 
1006711911069442 17.212502 0.468750 -43.781250 
1006711931069442 17.100000 0.487500 -43.856251 
1006711951069442 17.175001 0.618750 -43.725002 
1006711971069442 17.156250 0.656250 -43.575001 
1006711991069442 17.025002 0.656250 -43.593750 
1006712011069442 17.006250 0.956250 -43.650002 
1006712031069442 17.062500 1.106250 -43.800003 
1006712051069442 17.118752 1.162500 -43.800003 
1006712071069442 17.231251 1.162500 -44.006252 
1006712091069442 17.418751 1.406250 -43.931252 
1006712111069442 17.493752 1.387500 -44.268753 
1006712131069442 17.475000 1.368750 -44.531250 
1006712151069442 17.268751 1.500000 -44.493752 
1006712171069442 16.987501 1.181250 -44.475002 
1006712191069442 16.556252 1.125000 -44.456253 
1006712211069442 16.125000 1.050000 -44.456253 
1006712231069442 15.768750 0.900000 -44.493752 
1006712251069442 15.468751 0.318750 -44.606251 
1006712271069442 15.225000 0.168750 -44.456253 
1006712291069442 15.093751 -0.150000 -44.212502 
1006712311069442 15.112500 -0.356250 -44.175003 
1006712331069442 15.337501 -0.468750 -44.118752 
1006712351069442 15.525001 -0.712500 -44.287502 
1006712371069442 15.731251 -1.012500 -44.212502 
1006712391069442 16.200001 -1.275000 -43.837502 
1006712411069442 16.650002 -1.050000 -43.500000 
1006712431069442 17.081251 -0.918750 -43.275002 
1006712451069442 17.306252 -1.031250 -43.312500 
1006712471069442 17.756250 -1.012500 -43.275002 
1006712491069442 17.850000 -1.012500 -43.350002 
1006712511069442 17.962502 -0.843750 -42.993752 
1006712531069442 18.168751 -0.506250 -42.918751 
1006712551069442 18.187500 -0.000000 -43.031250 
1006712571069442 18.187500 0.093750 -43.106251 
1006712591069442 18.187500 -0.037500 -42.937500 
1006712611069442 18.393751 0.056250 -43.012501 
1006712631069442 18.300001 0.262500 -42.600002 
1006712651069442 18.243752 0.487500 -42.281250 
1006712671069442 18.318750 0.375000 -42.581253 
1006712691069442 18.337502 0.393750 -42.600002 
1006712711069442 18.093750 0.281250 -42.600002 
1006712731069442 18.056252 0.168750 -42.843750 
1006712751069442 17.906250 0.450000 -43.012501 
1006712771069442 17.737501 0.637500 -42.975002 
1006712791069442 17.793751 0.712500 -43.537502 
1006712811069442 17.887501 0.806250 -43.762501 
1006712831069442 17.962502 1.106250 -43.687500 
1006712851069442 18.056252 1.125000 -43.762501 
1006712871069442 18.018751 1.106250 -43.706253 
1006712891069442 18.225000 1.200000 -43.518753 
1006712911069442 18.262501 0.918750 -43.612503 
1006712931069442 18.450001 0.900000 -43.537502 
1006712951069442 18.506250 0.918750 -43.237503 
1006712971069442 18.581251 0.806250 -43.031250 
1006712991069442 18.487501 0.543750 -43.068752 
1006713011069442 18.431252 0.337500 -43.106251 
1006713031069442 18.600000 0.431250 -43.368752 
1006713051069442 18.450001 0.468750 -43.556252 
1006713071069442 18.412500 0.393750 -43.425003 
1006713091069442 18.206251 0.262500 -43.556252 
1006713111069442 17.906250 0.168750 -43.556252 
1006713131069442 17.868752 0.318750 -43.706253 
1006713151069442 17.850000 0.337500 -43.650002 
1006713171069442 17.925001 0.618750 -43.743752 
1006713191069442 18.018751 0.525000 -43.725002 
1006713211069442 17.943750 0.768750 -43.612503 
1006713231069442 18.037500 0.750000 -43.668751 
1006713251069442 18.037500 0.843750 -43.687500 
1006713271069442 18.150002 0.787500 -43.781250 
1006713291069442 18.187500 0.900000 -43.762501 
1006713311069442 18.243752 1.218750 -43.706253 
1006713331069442 17.962502 1.162500 -43.593750 
1006713351069442 17.962502 1.331250 -43.631252 
1006713371069442 18.037500 1.200000 -43.725002 
1006713391069442 17.981251 1.387500 -43.837502 
1006713411069442 17.793751 1.462500 -43.800003 
1006713431069442 17.625000 1.743750 -43.762501 
1006713451069442 17.568750 1.593750 -43.912502 
1006713471069442 17.306252 1.537500 -44.062500 
1006713491069442 17.456251 1.518750 -44.062500 
1006713511069442 17.418751 1.593750 -43.781250 
1006713531069442 17.512501 1.762500 -43.725002 
1006713551069442 17.568750 1.950000 -43.818752 
1006713571069442 17.718750 2.156250 -43.968750 
1006713591069442 17.943750 2.287500 -44.025002 
1006713611069442 18.093750 2.250000 -44.043751 
1006713631069442 18.356251 2.231250 -43.875000 
1006713651069442 18.262501 2.100000 -43.912502 
1006713671069442 18.262501 2.062500 -43.968750 
1006713691069442 18.243752 2.118750 -44.100002 
1006713711069442 18.243752 2.118750 -43.968750 
1006713731069442 18.637501 2.250000 -44.006252 
1006713751069442 18.712502 2.043750 -43.931252 
1006713771069442 18.506250 2.250000 -43.781250 
1006713791069442 18.393751 2.250000 -43.931252 
1006713811069442 18.637501 2.475000 -43.781250 
1006713831069442 18.581251 2.437500 -43.968750 
1006713851069442 18.506250 2.287500 -43.743752 
1006713871069442 18.506250 2.250000 -43.912502 
1006713891069442 18.206251 2.100000 -43.743752 
1006713911069442 18.056252 2.043750 -43.762501 
1006713931069442 18.206251 2.175000 -43.968750 
1006713951069442 18.168751 2.325000 -43.950001 
1006713971069442 18.000000 2.268750 -44.025002 
1006713991069442 17.887501 2.268750 -44.025002 
1006714011069442 17.943750 2.025000 -44.025002 
1006714031069442 17.643751 1.743750 -43.743752 
1006714051069442 17.418751 1.406250 -43.593750 
1006714071069442 17.287500 1.443750 -43.781250 
1006714091069442 17.268751 1.293750 -43.706253 
1006714111069442 17.343750 1.162500 -43.668751 
1006714131069442 17.400002 1.275000 -43.687500 
1006714151069442 17.437500 1.237500 -43.368752 
1006714171069442 17.587502 1.387500 -43.387501 
1006714191069442 17.868752 1.650000 -43.500000 
1006714211069442 18.075001 1.781250 -43.537502 
1006714231069442 18.112501 1.781250 -43.481251 
1006714251069442 18.112501 1.856250 -43.575001 
1006714271069442 18.056252 1.950000 -43.725002 
1006714291069442 18.150002 1.837500 -43.725002 
1006714311069442 18.112501 1.837500 -43.800003 
1006714331069442 17.906250 2.025000 -43.950001 
1006714351069442 17.775002 1.893750 -43.950001 
1006714371069442 17.775002 2.156250 -44.043751 
1006714391069442 18.112501 2.193750 -43.968750 
1006714411069442 17.981251 2.062500 -43.837502 
1006714431069442 18.075001 2.118750 -43.837502 
1006714451069442 18.131250 2.343750 -43.856251 
1006714471069442 18.187500 2.456250 -43.968750 
1006714491069442 18.206251 2.137500 -43.931252 
1006714511069442 18.393751 2.137500 -43.893753 
1006714531069442 18.375000 2.100000 -43.931252 
1006714551069442 18.225000 2.006250 -43.875000 
1006714571069442 18.375000 1.875000 -43.856251 
1006714591069442 18.337502 1.537500 -43.462502 
1006714611069442 18.131250 1.237500 -43.256252 
1006714631069442 18.150002 1.050000 -43.481251 
1006714651069442 18.243752 1.162500 -43.612503 
1006714671069442 18.112501 1.275000 -43.856251 
1006714691069442 18.168751 1.125000 -43.875000 
1006714711069442 18.262501 1.068750 -44.287502 
1006714731069442 18.375000 0.881250 -44.568752 
1006714751069442 18.693750 0.543750 -44.943752 
1006714771069442 19.143751 0.356250 -45.431252 
1006714791069442 19.368752 0.243750 -45.300003 
1006714811069442 19.537500 0.150000 -45.300003 
1006714831069442 19.818750 0.168750 -45.206253 
1006714851069442 19.931252 -0.093750 -45.262501 
1006714871069442 19.912500 -0.318750 -45.112503 
1006714891069442 20.043751 -0.225000 -45.018753 
1006714911069442 19.987501 -0.000000 -45.075001 
1006714931069442 19.931252 0.018750 -45.093750 
1006714951069442 19.856251 -0.131250 -45.056252 
1006714971069442 19.706251 -0.412500 -44.906250 
1006714991069442 19.631250 -0.731250 -44.831253 
1006715011069442 19.725000 -0.693750 -44.868752 
1006715031069442 19.893751 -0.656250 -44.887501 
1006715051069442 19.837502 -0.843750 -44.906250 
1006715071069442 19.725000 -0.881250 -44.756252 
1006715091069442 19.593750 -0.918750 -44.756252 
1006715111069442 19.612501 -0.843750 -45.018753 
1006715131069442 19.668751 -0.693750 -45.225002 
1006715151069442 19.631250 -0.618750 -45.225002 
1006715171069442 19.650002 -0.618750 -45.318752 
1006715191069442 19.518751 -0.487500 -45.150002 
1006715211069442 19.481251 -0.206250 -45.262501 
1006715231069442 19.500000 -0.243750 -45.600002 
1006715251069442 19.612501 -0.131250 -45.487503 
1006715271069442 19.556252 0.018750 -45.506252 
1006715291069442 19.312500 0.018750 -45.525002 
1006715311069442 19.406250 0.112500 -45.787502 
1006715331069442 19.256250 0.412500 -45.843750 
1006715351069442 19.200001 0.375000 -46.087502 
1006715371069442 19.087502 0.318750 -46.106251 
1006715391069442 19.031250 0.468750 -46.012501 
1006715411069442 18.768751 0.712500 -46.012501 
1006715431069442 18.750000 0.637500 -46.181252 
1006715451069442 18.900002 0.750000 -46.275002 
1006715471069442 18.731251 0.618750 -46.181252 
1006715491069442 18.750000 0.525000 -46.012501 
1006715511069442 18.768751 0.825000 -45.900002 
1006715531069442 18.656250 0.937500 -45.900002 
1006715551069442 18.693750 1.312500 -45.825001 
1006715571069442 18.675001 1.068750 -45.956253 
1006715591069442 18.806252 1.143750 -45.525002 
1006715611069442 18.712502 1.406250 -45.318752 
1006715631069442 18.731251 1.668750 -45.393753 
1006715651069442 18.637501 1.743750 -45.450001 
1006715671069442 18.712502 1.762500 -45.562500 
1006715691069442 18.937500 1.875000 -45.412502 
1006715711069442 18.937500 1.575000 -45.468750 
1006715731069442 19.218750 1.593750 -45.581253 
1006715751069442 19.368752 1.650000 -45.693752 
1006715771069442 19.575001 1.462500 -45.843750 
1006715791069442 19.725000 1.218750 -45.806252 
1006715811069442 19.893751 1.050000 -45.937500 
1006715831069442 19.725000 0.731250 -45.843750 
1006715851069442 19.593750 0.393750 -46.143753 
1006715871069442 19.443750 0.375000 -46.031250 
1006715891069442 19.218750 0.656250 -45.806252 
1006715911069442 19.087502 0.825000 -46.031250 
1006715931069442 19.125000 0.900000 -45.843750 
1006715951069442 19.143751 0.975000 -45.768753 
1006715971069442 19.350000 1.143750 -45.450001 
1006715991069442 19.481251 1.462500 -45.450001 
1006716011069442 19.687500 1.781250 -45.131252 
1006716031069442 19.912500 1.950000 -45.093750 
1006716051069442 19.875000 1.893750 -44.737503 
1006716071069442 19.762501 1.800000 -44.512501 
1006716091069442 19.687500 2.137500 -44.456253 
1006716111069442 19.518751 2.006250 -44.287502 
1006716131069442 19.218750 1.668750 -44.250000 
1006716151069442 19.012501 1.350000 -44.231251 
1006716171069442 18.656250 1.293750 -44.343750 
1006716191069442 18.506250 1.293750 -44.456253 
1006716211069442 18.806252 0.993750 -44.625000 
1006716231069442 18.806252 0.937500 -44.587502 
1006716251069442 18.862501 0.581250 -44.531250 
1006716271069442 18.956251 0.862500 -44.737503 
1006716291069442 18.750000 0.993750 -44.850002 
1006716311069442 18.900002 0.975000 -44.868752 
1006716331069442 18.937500 0.937500 -44.925003 
1006716351069442 18.975000 0.787500 -44.756252 
1006716371069442 18.768751 1.031250 -44.812500 
1006716391069442 18.656250 1.068750 -44.793751 
1006716411069442 18.618752 0.993750 -44.850002 
1006716431069442 18.356251 0.975000 -44.850002 
1006716451069442 18.637501 1.200000 -44.850002 
1006716471069442 18.468750 1.275000 -45.000000 
1006716491069442 18.581251 1.068750 -44.737503 
1006716511069442 18.431252 1.087500 -44.643753 
1006716531069442 18.337502 1.087500 -44.587502 
1006716551069442 18.168751 1.143750 -44.681252 
1006716571069442 17.756250 1.443750 -44.568752 
1006716591069442 17.643751 1.668750 -44.381252 
1006716611069442 17.287500 1.743750 -44.400002 
1006716631069442 17.062500 1.668750 -44.212502 
1006716651069442 16.743752 1.818750 -44.175003 
1006716671069442 16.575001 1.818750 -44.287502 
1006716691069442 16.406250 1.650000 -44.212502 
1006716711069442 16.462502 1.650000 -44.043751 
1006716731069442 16.481251 1.425000 -44.193752 
1006716751069442 16.481251 1.125000 -44.193752 
1006716771069442 16.500000 0.993750 -43.987503 
1006716791069442 16.537500 1.068750 -43.893753 
1006716811069442 16.631250 1.012500 -44.081253 
1006716831069442 16.612501 0.993750 -44.118752 
1006716851069442 16.556252 1.162500 -44.175003 
1006716871069442 16.462502 1.200000 -44.156250 
1006716891069442 16.537500 1.200000 -44.006252 
1006716911069442 16.500000 1.200000 -44.081253 
1006716931069442 16.537500 1.237500 -44.231251 
1006716951069442 16.743752 1.087500 -44.250000 
1006716971069442 16.575001 0.993750 -44.081253 
1006716991069442 16.893751 0.937500 -44.043751 
1006717011069442 17.062500 0.787500 -43.856251 
1006717031069442 17.006250 0.750000 -43.781250 
1006717051069442 17.025002 0.693750 -43.875000 
1006717071069442 17.156250 0.675000 -43.650002 
1006717091069442 17.062500 0.356250 -43.556252 
1006717111069442 16.837502 0.206250 -43.500000 
1006717131069442 17.231251 0.318750 -43.650002 
1006717151069442 17.062500 0.206250 -43.500000 
1006717171069442 17.100000 0.056250 -43.556252 
1006717191069442 17.268751 -0.225000 -43.556252 
1006717211069442 17.512501 -0.506250 -43.331253 
1006717231069442 17.587502 -0.656250 -43.425003 
1006717251069442 17.756250 -0.693750 -43.331253 
1006717271069442 17.925001 -0.393750 -43.368752 
1006717291069442 17.793751 -0.637500 -43.125000 
1006717311069442 17.850000 -0.562500 -43.031250 
1006717331069442 17.962502 -0.412500 -43.143753 
1006717351069442 18.281250 -0.300000 -43.125000 
1006717371069442 18.375000 -0.262500 -42.975002 
1006717391069442 18.412500 -0.262500 -43.031250 
1006717411069442 18.562500 -0.262500 -43.125000 
1006717431069442 18.750000 -0.487500 -43.068752 
1006717451069442 18.881250 -0.300000 -43.200001 
1006717471069442 18.768751 -0.300000 -43.368752 
1006717491069442 18.656250 -0.375000 -43.293751 
1006717511069442 18.337502 -0.543750 -43.312500 
1006717531069442 17.925001 -0.487500 -43.518753 
1006717551069442 17.868752 -0.468750 -43.350002 
1006717571069442 17.587502 -0.731250 -43.218750 
1006717591069442 17.306252 -0.750000 -43.256252 
1006717611069442 17.268751 -0.937500 -43.087502 
1006717631069442 17.418751 -0.918750 -42.993752 
1006717651069442 17.325001 -1.012500 -42.993752 
1006717671069442 17.268751 -1.106250 -43.237503 
1006717691069442 17.493752 -1.200000 -43.462502 
1006717711069442 17.456251 -1.481250 -43.762501 
1006717731069442 17.587502 -1.387500 -43.912502 
1006717751069442 17.625000 -1.575000 -43.800003 
1006717771069442 17.512501 -1.706250 -44.118752 
1006717791069442 17.343750 -2.062500 -44.043751 
1006717811069442 17.418751 -2.343750 -44.306252 
1006717831069442 17.700001 -2.381250 -44.212502 
1006717851069442 17.831251 -2.550000 -43.987503 
1006717871069442 17.887501 -2.231250 -43.912502 
1006717891069442 17.962502 -2.231250 -43.837502 
1006717911069442 17.981251 -1.987500 -43.875000 
1006717931069442 18.187500 -2.043750 -43.668751 
1006717951069442 18.468750 -1.987500 -43.743752 
1006717971069442 18.637501 -1.893750 -43.706253 
1006717991069442 18.637501 -1.987500 -43.500000 
1006718011069442 18.693750 -1.837500 -43.387501 
1006718031069442 19.050001 -1.875000 -43.143753 
1006718051069442 19.275002 -1.912500 -43.012501 
1006718071069442 19.425001 -2.043750 -42.975002 
1006718091069442 19.425001 -1.650000 -42.825001 
1006718111069442 19.612501 -1.725000 -42.750000 
1006718131069442 19.837502 -1.650000 -42.243752 
1006718151069442 20.137501 -1.500000 -42.056252 
1006718171069442 20.306252 -1.406250 -42.131252 
1006718191069442 20.343750 -1.425000 -42.187500 
1006718211069442 20.606251 -1.275000 -42.150002 
1006718231069442 20.850000 -1.368750 -41.981251 
1006718251069442 20.906250 -1.575000 -42.056252 
1006718271069442 20.906250 -1.612500 -41.925003 
1006718291069442 20.850000 -1.593750 -41.850002 
1006718311069442 20.793751 -1.781250 -41.943752 
1006718331069442 21.093750 -2.118750 -41.850002 
1006718351069442 21.168751 -2.381250 -41.756252 
1006718371069442 20.981251 -2.737500 -41.568752 
1006718391069442 20.831251 -2.756250 -41.550003 
1006718411069442 20.718750 -3.037500 -41.325001 
1006718431069442 20.887501 -3.000000 -41.325001 
1006718451069442 21.037500 -3.131250 -41.606251 
1006718471069442 21.075001 -3.150000 -41.756252 
1006718491069442 20.512501 -3.168750 -41.887501 
1006718511069442 20.587502 -3.056250 -41.812500 
1006718531069442 20.681252 -2.981250 -42.056252 
1006718551069442 20.587502 -2.868750 -42.037502 
1006718571069442 20.868752 -2.718750 -42.318752 
1006718591069442 20.812500 -2.512500 -42.581253 
1006718611069442 20.737501 -2.512500 -42.675003 
1006718631069442 20.587502 -2.287500 -42.637501 
1006718651069442 20.775002 -2.081250 -42.581253 
1006718671069442 20.493752 -2.156250 -42.675003 
1006718691069442 20.550001 -1.950000 -42.525002 
1006718711069442 20.718750 -1.950000 -42.468750 
1006718731069442 20.662500 -1.987500 -42.281250 
1006718751069442 20.662500 -2.118750 -42.112503 
1006718771069442 20.606251 -2.118750 -41.831253 
1006718791069442 20.437500 -2.287500 -41.700001 
1006718811069442 20.437500 -2.418750 -41.737503 
1006718831069442 20.306252 -2.231250 -41.756252 
1006718851069442 20.250000 -2.212500 -41.775002 
1006718871069442 20.287500 -2.306250 -41.943752 
1006718891069442 20.175001 -2.325000 -42.093750 
1006718911069442 20.025002 -2.306250 -42.168751 
1006718931069442 19.968750 -2.306250 -42.112503 
1006718951069442 20.043751 -2.306250 -42.075001 
1006718971069442 20.043751 -2.250000 -42.187500 
1006718991069442 19.987501 -2.343750 -42.150002 
1006719011069442 19.725000 -2.362500 -42.281250 
1006719031069442 19.593750 -2.362500 -42.318752 
1006719051069442 19.500000 -2.400000 -42.375000 
1006719071069442 19.406250 -2.362500 -42.525002 
1006719091069442 19.537500 -2.137500 -42.600002 
1006719111069442 19.743752 -2.043750 -42.506252 
1006719131069442 19.931252 -1.931250 -42.412502 
1006719151069442 20.250000 -1.743750 -42.450001 
1006719171069442 20.568750 -1.800000 -42.525002 
1006719191069442 20.681252 -1.575000 -42.506252 
1006719211069442 20.643751 -1.443750 -42.506252 
1006719231069442 20.550001 -1.500000 -42.487503 
1006719251069442 20.400002 -1.781250 -42.637501 
1006719271069442 20.418751 -1.575000 -43.012501 
1006719291069442 19.987501 -1.500000 -43.162502 
1006719311069442 19.875000 -1.575000 -43.368752 
1006719331069442 19.631250 -1.312500 -43.275002 
1006719351069442 19.443750 -1.368750 -43.125000 
1006719371069442 19.556252 -1.237500 -42.956253 
1006719391069442 19.650002 -1.050000 -42.843750 
1006719411069442 19.725000 -0.675000 -42.843750 
1006719431069442 19.275002 -0.825000 -42.768753 
1006719451069442 19.462502 -0.975000 -42.581253 
1006719471069442 19.350000 -1.031250 -42.225002 
1006719491069442 19.462502 -1.031250 -42.018753 
1006719511069442 19.593750 -0.975000 -42.018753 
1006719531069442 19.762501 -1.031250 -42.018753 
1006719551069442 19.987501 -1.256250 -42.037502 
1006719571069442 20.175001 -1.481250 -41.887501 
1006719591069442 20.587502 -1.593750 -41.456253 
1006719611069442 20.831251 -1.575000 -41.493752 
1006719631069442 20.868752 -1.968750 -41.512501 
1006719651069442 20.775002 -2.437500 -41.606251 
1006719671069442 20.887501 -2.906250 -41.625000 
1006719691069442 20.643751 -3.468750 -41.550003 
1006719711069442 20.306252 -3.937500 -41.175003 
1006719731069442 20.118752 -4.518750 -41.250000 
1006719751069442 19.987501 -4.912500 -41.568752 
1006719771069442 19.612501 -5.268750 -41.400002 
1006719791069442 19.500000 -5.118750 -41.737503 
1006719811069442 19.425001 -5.231250 -41.943752 
1006719831069442 19.350000 -5.287500 -42.037502 
1006719851069442 19.331251 -5.193750 -42.225002 
1006719871069442 19.331251 -5.025000 -42.562500 
1006719891069442 18.900002 -5.043750 -42.618752 
1006719911069442 18.675001 -4.931250 -42.562500 
1006719931069442 18.712502 -5.100000 -42.825001 
1006719951069442 18.618752 -5.100000 -42.656250 
1006719971069442 18.543751 -5.100000 -42.393753 
1006719991069442 18.506250 -5.231250 -42.393753 
1006720011069442 18.581251 -4.968750 -42.525002 
1006720031069442 18.618752 -4.706250 -42.562500 
1006720051069442 18.975000 -4.537500 -42.656250 
1006720071069442 18.975000 -4.575000 -42.712502 
1006720091069442 18.900002 -4.350000 -42.506252 
1006720111069442 18.918751 -4.500000 -42.525002 
1006720131069442 18.918751 -4.462500 -42.618752 
1006720151069442 18.693750 -4.387500 -42.618752 
1006720171069442 18.675001 -4.500000 -42.393753 
1006720191069442 18.712502 -4.687500 -42.318752 
1006720211069442 18.618752 -4.612500 -42.075001 
1006720231069442 18.675001 -4.462500 -42.018753 
1006720251069442 18.656250 -4.368750 -41.981251 
1006720271069442 18.956251 -4.312500 -42.000000 
1006720291069442 19.162500 -4.143750 -41.906250 
1006720311069442 19.406250 -3.862500 -41.925003 
1006720331069442 19.668751 -3.693750 -41.793751 
1006720351069442 19.912500 -3.768750 -41.756252 
1006720371069442 20.156250 -3.581250 -41.906250 
1006720391069442 20.325001 -3.450000 -42.000000 
1006720411069442 20.381250 -3.431250 -41.812500 
1006720431069442 20.287500 -3.262500 -41.681252 
1006720451069442 20.193750 -3.225000 -41.831253 
1006720471069442 20.250000 -3.150000 -41.737503 
1006720491069442 20.006250 -3.075000 -42.093750 
1006720511069442 19.875000 -2.681250 -42.000000 
1006720531069442 19.950001 -2.550000 -42.037502 
1006720551069442 20.025002 -2.437500 -41.925003 
1006720571069442 20.137501 -2.025000 -42.243752 
1006720591069442 20.100000 -1.893750 -42.300003 
1006720611069442 20.212502 -1.706250 -42.281250 
1006720631069442 20.193750 -1.631250 -42.262501 
1006720651069442 20.118752 -1.668750 -42.075001 
1006720671069442 20.100000 -1.706250 -42.243752 
1006720691069442 19.687500 -1.575000 -42.168751 
1006720711069442 19.537500 -1.443750 -42.468750 
1006720731069442 19.406250 -1.556250 -42.506252 
1006720751069442 19.537500 -1.575000 -42.562500 
1006720771069442 19.387501 -1.331250 -42.693752 
1006720791069442 19.256250 -1.143750 -42.693752 
1006720811069442 19.237501 -0.975000 -42.787502 
1006720831069442 19.106251 -0.806250 -42.768753 
1006720851069442 19.293751 -1.012500 -42.843750 
1006720871069442 19.106251 -1.162500 -42.693752 
1006720891069442 19.200001 -1.275000 -42.806252 
1006720911069442 18.956251 -1.368750 -42.862503 
1006720931069442 18.937500 -1.350000 -42.881252 
1006720951069442 19.050001 -1.462500 -43.050003 
1006720971069442 19.443750 -1.125000 -42.825001 
1006720991069442 19.781250 -0.900000 -42.956253 
1006721011069442 19.725000 -0.712500 -42.937500 
1006721031069442 20.025002 -0.412500 -43.106251 
1006721051069442 19.800001 -0.131250 -43.143753 
1006721071069442 19.687500 0.300000 -43.256252 
1006721091069442 19.706251 0.281250 -43.143753 
1006721111069442 19.518751 0.337500 -43.050003 
1006721131069442 18.881250 0.150000 -43.331253 
1006721151069442 18.637501 0.000000 -43.125000 
1006721171069442 18.525002 -0.018750 -43.218750 
1006721191069442 18.131250 -0.018750 -43.106251 
1006721211069442 18.150002 -0.000000 -43.012501 
1006721231069442 18.131250 -0.318750 -42.843750 
1006721251069442 17.850000 -0.562500 -43.012501 
1006721271069442 17.550001 -0.525000 -43.275002 
1006721291069442 17.475000 -0.600000 -43.368752 
1006721311069442 17.156250 -0.768750 -43.443752 
1006721331069442 16.875000 -0.881250 -43.518753 
1006721351069442 17.025002 -1.050000 -43.462502 
1006721371069442 16.968750 -1.200000 -43.481251 
1006721391069442 16.687500 -1.331250 -43.687500 
1006721411069442 16.593750 -1.312500 -43.668751 
1006721431069442 16.743752 -1.443750 -43.556252 
1006721451069442 16.800001 -1.631250 -43.293751 
1006721471069442 16.725000 -1.706250 -43.462502 
1006721491069442 16.893751 -1.500000 -43.331253 
1006721511069442 16.537500 -1.425000 -43.387501 
1006721531069442 16.350000 -1.462500 -43.556252 
1006721551069442 16.575001 -1.106250 -43.556252 
1006721571069442 16.650002 -0.881250 -43.818752 
1006721591069442 16.593750 -0.618750 -43.875000 
1006721611069442 16.687500 -0.375000 -44.081253 
1006721631069442 16.818750 -0.206250 -44.175003 
1006721651069442 16.518751 -0.318750 -44.212502 
1006721671069442 16.687500 -0.225000 -44.212502 
1006721691069442 16.893751 0.093750 -44.193752 
1006721711069442 16.931252 0.093750 -44.156250 
1006721731069442 17.193750 0.093750 -43.781250 
1006721751069442 17.456251 -0.056250 -43.818752 
1006721771069442 17.512501 -0.168750 -43.556252 
1006721791069442 17.700001 -0.206250 -43.368752 
1006721811069442 18.093750 0.018750 -43.350002 
1006721831069442 18.150002 -0.206250 -43.556252 
1006721851069442 18.150002 -0.468750 -43.387501 
1006721871069442 18.131250 -0.450000 -43.575001 
1006721891069442 18.018751 -0.600000 -43.650002 
1006721911069442 17.756250 -0.562500 -43.593750 
1006721931069442 17.775002 -0.450000 -43.931252 
1006721951069442 17.512501 -0.356250 -44.006252 
1006721971069442 17.175001 -0.450000 -44.287502 
1006721991069442 17.006250 -0.300000 -44.137501 
1006722011069442 17.062500 -0.187500 -44.062500 
1006722031069442 17.043751 -0.262500 -43.818752 
1006722051069442 16.818750 -0.018750 -44.025002 
1006722071069442 16.875000 0.018750 -44.193752 
1006722091069442 16.687500 0.206250 -44.081253 
1006722111069442 16.631250 0.393750 -44.287502 
1006722131069442 16.706251 0.468750 -44.137501 
1006722151069442 16.912500 0.750000 -44.287502 
1006722171069442 16.612501 0.693750 -44.418751 
1006722191069442 16.650002 0.825000 -44.362503 
1006722211069442 16.668751 0.731250 -44.175003 
1006722231069442 16.593750 0.975000 -43.987503 
1006722251069442 16.593750 0.937500 -44.025002 
1006722271069442 16.668751 0.806250 -43.931252 
1006722291069442 16.706251 1.012500 -43.856251 
1006722311069442 16.593750 1.012500 -43.650002 
1006722331069442 16.875000 0.956250 -43.575001 
1006722351069442 16.931252 1.031250 -43.725002 
1006722371069442 16.968750 1.181250 -43.931252 
1006722391069442 16.931252 1.087500 -44.006252 
1006722411069442 17.100000 0.806250 -44.306252 
1006722431069442 17.062500 0.918750 -44.193752 
1006722451069442 17.062500 0.768750 -44.175003 
1006722471069442 17.100000 0.675000 -44.418751 
1006722491069442 17.062500 0.787500 -44.531250 
1006722511069442 16.893751 0.825000 -44.531250 
1006722531069442 16.743752 0.675000 -44.550003 
1006722551069442 16.650002 0.731250 -44.662502 
1006722571069442 16.612501 1.237500 -44.343750 
1006722591069442 16.650002 1.275000 -44.512501 
1006722611069442 16.893751 1.218750 -44.587502 
1006722631069442 16.687500 1.143750 -44.250000 
1006722651069442 16.706251 1.312500 -44.287502 
1006722671069442 16.725000 1.181250 -44.193752 
1006722691069442 17.025002 1.256250 -43.837502 
1006722711069442 17.306252 1.387500 -43.743752 
1006722731069442 17.231251 1.331250 -43.725002 
1006722751069442 17.325001 1.237500 -43.762501 
1006722771069442 17.362501 1.425000 -43.950001 
1006722791069442 17.625000 1.275000 -44.043751 
1006722811069442 17.550001 1.162500 -44.137501 
1006722831069442 17.568750 1.312500 -44.156250 
1006722851069442 17.775002 1.368750 -44.287502 
1006722871069442 17.587502 1.331250 -44.306252 
1006722891069442 17.587502 0.881250 -44.531250 
1006722911069442 17.625000 0.712500 -44.400002 
1006722931069442 17.456251 0.600000 -44.212502 
1006722951069442 17.493752 0.937500 -44.287502 
1006722971069442 17.568750 0.975000 -44.062500 
1006722991069442 17.962502 0.731250 -43.875000 
1006723011069442 17.775002 0.525000 -43.762501 
1006723031069442 18.056252 0.131250 -43.518753 
1006723051069442 18.300001 0.056250 -43.256252 
1006723071069442 18.562500 -0.112500 -43.162502 
1006723091069442 18.543751 -0.412500 -43.012501 
1006723111069442 18.881250 -0.825000 -42.993752 
1006723131069442 19.050001 -1.087500 -43.031250 
1006723151069442 19.012501 -0.956250 -43.031250 
1006723171069442 19.312500 -1.012500 -43.181252 
1006723191069442 19.612501 -0.731250 -43.012501 
1006723211069442 19.650002 -0.618750 -43.181252 
1006723231069442 19.575001 -0.468750 -43.106251 
1006723251069442 19.968750 -0.318750 -43.031250 
1006723271069442 19.968750 -0.318750 -42.900002 
1006723291069442 20.006250 -0.281250 -42.693752 
1006723311069442 20.006250 -0.356250 -42.993752 
1006723331069442 20.043751 -0.281250 -42.900002 
1006723351069442 19.912500 -0.468750 -43.143753 
1006723371069442 20.062500 -0.412500 -42.825001 
1006723391069442 19.987501 -0.300000 -42.975002 
1006723411069442 19.837502 -0.187500 -43.031250 
1006723431069442 19.818750 -0.037500 -43.162502 
1006723451069442 19.818750 0.168750 -43.162502 
1006723471069442 19.537500 0.262500 -43.087502 
1006723491069442 19.387501 0.468750 -43.050003 
1006723511069442 18.881250 0.450000 -43.181252 
1006723531069442 18.600000 0.525000 -43.293751 
1006723551069442 18.431252 0.637500 -43.087502 
1006723571069442 18.431252 0.843750 -43.125000 
1006723591069442 18.000000 1.012500 -43.143753 
1006723611069442 17.906250 0.937500 -43.518753 
1006723631069442 17.925001 1.012500 -43.443752 
1006723651069442 17.850000 0.956250 -43.593750 
1006723671069442 17.887501 1.012500 -43.556252 
1006723691069442 18.093750 0.993750 -43.518753 
1006723711069442 18.225000 0.862500 -43.743752 
1006723731069442 17.850000 0.525000 -43.950001 
1006723751069442 18.018751 0.393750 -43.800003 
1006723771069442 17.887501 0.187500 -43.631252 
1006723791069442 17.850000 0.037500 -43.443752 
1006723811069442 17.868752 -0.131250 -43.650002 
1006723831069442 17.962502 -0.168750 -43.687500 
1006723851069442 17.812500 -0.093750 -43.575001 
1006723871069442 17.756250 -0.056250 -43.537502 
1006723891069442 17.981251 0.056250 -43.500000 
1006723911069442 17.943750 0.000000 -43.668751 
1006723931069442 17.775002 0.168750 -43.668751 
1006723951069442 17.531250 0.187500 -43.950001 
1006723971069442 17.268751 0.393750 -43.818752 
1006723991069442 17.137501 0.581250 -43.968750 
1006724011069442 16.875000 0.618750 -44.212502 
1006724031069442 16.612501 0.637500 -44.268753 
1006724051069442 16.443750 0.787500 -44.568752 
1006724071069442 16.218750 0.731250 -44.587502 
1006724091069442 16.312500 0.750000 -44.568752 
1006724111069442 16.556252 0.637500 -44.456253 
1006724131069442 16.443750 0.393750 -44.400002 
1006724151069442 16.312500 0.318750 -44.250000 
1006724171069442 16.218750 0.318750 -44.250000 
1006724191069442 16.256250 0.243750 -44.250000 
1006724211069442 16.256250 0.281250 -44.081253 
1006724231069442 16.518751 0.431250 -43.987503 
1006724251069442 16.387501 0.337500 -43.987503 
1006724271069442 16.275002 0.525000 -44.006252 
1006724291069442 16.556252 0.543750 -43.950001 
1006724311069442 16.800001 0.618750 -44.006252 
1006724331069442 16.968750 0.637500 -44.081253 
1006724351069442 16.950001 0.562500 -44.118752 
1006724371069442 16.931252 0.412500 -43.762501 
1006724391069442 16.687500 0.393750 -43.612503 
1006724411069442 16.837502 0.525000 -43.687500 
1006724431069442 16.837502 0.487500 -43.856251 
1006724451069442 16.668751 0.637500 -43.987503 
1006724471069442 16.762501 0.600000 -43.762501 
1006724491069442 16.818750 0.543750 -43.762501 
1006724511069442 16.837502 0.693750 -43.856251 
1006724531069442 17.006250 0.712500 -44.062500 
1006724551069442 16.743752 0.656250 -44.250000 
1006724571069442 16.706251 0.525000 -44.381252 
1006724591069442 16.612501 0.375000 -44.400002 
1006724611069442 16.593750 0.356250 -44.437500 
1006724631069442 16.406250 0.206250 -44.662502 
1006724651069442 16.181252 0.000000 -44.625000 
1006724671069442 16.050001 -0.206250 -44.550003 
1006724691069442 15.712501 -0.075000 -44.681252 
1006724711069442 15.731251 -0.056250 -44.850002 
1006724731069442 15.543751 0.018750 -44.793751 
1006724751069442 15.581250 0.093750 -44.643753 
1006724771069442 15.600000 -0.187500 -44.681252 
1006724791069442 15.750001 -0.112500 -44.606251 
1006724811069442 15.731251 -0.225000 -44.587502 
1006724831069442 15.900001 -0.150000 -44.587502 
1006724851069442 16.106251 -0.393750 -44.475002 
1006724871069442 16.462502 -0.656250 -44.381252 
1006724891069442 16.481251 -0.750000 -44.418751 
1006724911069442 16.387501 -0.693750 -44.662502 
1006724931069442 16.462502 -0.600000 -44.456253 
1006724951069442 16.275002 -0.712500 -44.475002 
1006724971069442 16.350000 -0.300000 -44.587502 
1006724991069442 16.312500 -0.206250 -44.531250 
1006725011069442 16.181252 -0.168750 -44.493752 
1006725031069442 16.031250 0.093750 -44.718750 
1006725051069442 16.181252 0.112500 -44.568752 
1006725071069442 16.312500 0.093750 -44.268753 
1006725091069442 15.975000 0.375000 -44.475002 
1006725111069442 15.843751 0.450000 -44.475002 
1006725131069442 15.862500 0.412500 -44.531250 
1006725151069442 15.993751 0.375000 -44.531250 
1006725171069442 16.050001 0.375000 -44.493752 
1006725191069442 15.918751 0.300000 -44.081253 
1006725211069442 15.825001 0.412500 -44.006252 
1006725231069442 15.787500 0.506250 -44.081253 
1006725251069442 16.031250 0.450000 -43.912502 
1006725271069442 16.181252 0.731250 -43.931252 
1006725291069442 16.256250 0.806250 -43.893753 
1006725311069442 16.218750 1.012500 -43.800003 
1006725331069442 16.237501 1.387500 -43.875000 
1006725351069442 16.425001 1.893750 -44.212502 
1006725371069442 16.500000 2.306250 -44.381252 
1006725391069442 16.575001 2.306250 -44.362503 
1006725411069442 16.518751 2.531250 -44.418751 
1006725431069442 16.425001 2.568750 -44.381252 
1006725451069442 16.331251 2.643750 -44.231251 
1006725471069442 16.387501 3.075000 -44.381252 
1006725491069442 16.518751 3.018750 -44.437500 
1006725511069442 16.518751 2.981250 -44.306252 
1006725531069442 16.668751 3.075000 -44.212502 
1006725551069442 16.762501 3.093750 -44.025002 
1006725571069442 16.743752 2.925000 -44.306252 
1006725591069442 16.800001 2.850000 -44.175003 
1006725611069442 16.893751 2.906250 -44.193752 
1006725631069442 16.781250 2.625000 -43.912502 
1006725651069442 16.500000 2.662500 -43.837502 
1006725671069442 16.368752 2.568750 -43.931252 
1006725691069442 15.975000 2.250000 -43.912502 
1006725711069442 15.806251 2.306250 -44.137501 
1006725731069442 15.937501 2.343750 -43.650002 
1006725751069442 15.675000 2.043750 -43.800003 
1006725771069442 15.600000 1.931250 -44.006252 
1006725791069442 15.450001 1.725000 -44.493752 
1006725811069442 15.450001 1.537500 -44.493752 
1006725831069442 15.431251 1.293750 -44.456253 
1006725851069442 15.656251 0.900000 -44.493752 
1006725871069442 15.600000 0.881250 -44.681252 
1006725891069442 15.468751 0.750000 -44.943752 
1006725911069442 15.768750 0.675000 -44.981251 
1006725931069442 15.843751 0.393750 -44.662502 
1006725951069442 16.068750 0.000000 -44.568752 
1006725971069442 16.293751 -0.075000 -44.493752 
1006725991069442 16.593750 -0.112500 -44.437500 
1006726011069442 16.650002 -0.093750 -44.456253 
1006726031069442 16.875000 -0.262500 -44.025002 
1006726051069442 16.875000 -0.393750 -43.987503 
1006726071069442 16.837502 -0.431250 -44.025002 
1006726091069442 16.818750 -0.562500 -44.250000 
1006726111069442 16.687500 -0.543750 -44.025002 
1006726131069442 16.500000 -0.712500 -44.156250 
1006726151069442 16.593750 -1.106250 -44.250000 
1006726171069442 16.631250 -1.368750 -44.250000 
1006726191069442 16.462502 -1.425000 -44.475002 
1006726211069442 16.706251 -1.312500 -44.625000 
1006726231069442 16.837502 -1.256250 -44.400002 
1006726251069442 17.006250 -1.087500 -44.156250 
1006726271069442 17.006250 -0.881250 -44.118752 
1006726291069442 17.475000 -0.543750 -44.156250 
1006726311069442 17.250000 -0.337500 -44.043751 
1006726331069442 17.343750 -0.000000 -44.137501 
1006726351069442 17.231251 -0.056250 -43.931252 
1006726371069442 17.175001 -0.018750 -43.856251 
1006726391069442 17.025002 0.018750 -44.025002 
1006726411069442 16.818750 0.112500 -44.287502 
1006726431069442 16.931252 0.131250 -44.175003 
1006726451069442 16.762501 -0.093750 -44.043751 
1006726471069442 16.856251 -0.018750 -44.006252 
1006726491069442 16.950001 0.112500 -43.837502 
1006726511069442 17.437500 0.150000 -43.968750 
1006726531069442 17.531250 -0.056250 -44.006252 
1006726551069442 17.831251 0.112500 -43.931252 
1006726571069442 17.887501 0.056250 -43.687500 
1006726591069442 17.906250 0.000000 -43.968750 
1006726611069442 17.868752 0.187500 -43.987503 
1006726631069442 17.756250 0.168750 -43.931252 
1006726651069442 17.643751 0.112500 -44.025002 
1006726671069442 17.493752 0.225000 -43.968750 
1006726691069442 17.606251 0.450000 -43.687500 
1006726711069442 17.643751 0.337500 -43.762501 
1006726731069442 17.962502 0.300000 -43.837502 
1006726751069442 18.187500 0.243750 -43.481251 
1006726771069442 18.450001 -0.168750 -43.425003 
1006726791069442 18.618752 -0.206250 -43.462502 
1006726811069442 18.750000 -0.187500 -43.368752 
1006726831069442 18.843750 -0.225000 -43.537502 
1006726851069442 18.693750 -0.375000 -43.481251 
1006726871069442 18.693750 -0.431250 -43.406250 
1006726891069442 18.656250 -0.393750 -43.256252 
1006726911069442 18.468750 -0.468750 -43.368752 
1006726931069442 18.412500 -0.168750 -43.387501 
1006726951069442 18.412500 -0.018750 -43.368752 
1006726971069442 18.300001 -0.168750 -43.350002 
1006726991069442 18.337502 -0.431250 -43.256252 
1006727011069442 18.487501 -0.468750 -43.256252 
1006727031069442 18.450001 -0.468750 -43.031250 
1006727051069442 18.393751 -0.450000 -42.975002 
1006727071069442 18.806252 -0.262500 -43.087502 
1006727091069442 18.806252 -0.356250 -42.956253 
1006727111069442 18.881250 -0.112500 -42.843750 
1006727131069442 18.918751 0.168750 -42.712502 
1006727151069442 18.768751 0.506250 -42.768753 
1006727171069442 18.637501 0.618750 -42.862503 
1006727191069442 18.637501 0.675000 -43.181252 
1006727211069442 18.412500 0.693750 -43.218750 
1006727231069442 18.056252 0.825000 -43.143753 
1006727251069442 17.906250 0.881250 -43.087502 
1006727271069442 17.643751 0.750000 -43.087502 
1006727291069442 17.700001 0.600000 -43.087502 
1006727311069442 17.662500 0.375000 -42.656250 
1006727331069442 17.981251 0.300000 -42.562500 
