# Created at Wed Jun 05 17:07:29 GMT+03:00 2024 in Burnaby Canada 
943801553178283 0.588933 9.445967 1.168296 
943801572087346 0.578166 9.389735 0.920639 
943801590996408 0.224925 9.627821 0.960120 
943801609905523 -0.314955 9.813265 0.875175 
943801628814585 -0.831805 10.051650 0.893121 
943801647723648 -1.144367 10.265807 1.376471 
943801666632763 -1.079761 10.101899 1.746461 
943801685541825 -0.649950 9.657731 2.013560 
943801704450888 -0.196211 9.541679 2.080559 
943801723360002 0.083749 9.461520 1.690230 
943801742269065 0.066999 9.785748 1.213759 
943801761178127 -0.066999 9.773783 1.709373 
943801780087242 -0.124427 9.696016 2.292324 
943801798996304 -0.169890 9.785748 2.476571 
943801817905367 -0.136391 9.814461 2.398805 
943801836814481 0.181855 9.591928 2.061417 
943801855723544 0.489631 9.740284 2.008775 
943801874632658 0.224925 9.473484 2.360520 
943801893541721 0.323330 9.484252 2.289931 
943801912450835 0.677468 9.404092 2.264807 
943801931359898 0.792323 9.317950 2.039881 
943801950269013 0.480060 9.579965 1.818246 
943801969178075 0.136391 9.472287 1.814657 
943801988087190 0.276371 9.559626 2.062613 
943802006996252 0.432204 9.503394 2.018346 
943802025905367 0.521934 9.602696 1.611267 
943802044814429 0.407079 9.847063 1.407877 
943802063723544 0.224925 9.841082 1.366900 
943802082632658 0.206979 9.553643 1.383650 
943802101541721 0.331705 9.512965 1.357329 
943802120450835 0.320937 9.697213 1.525125 
943802139359950 0.174676 9.565608 1.538286 
943802158269013 0.265603 9.529716 1.454537 
943802177178127 0.142373 9.740284 1.303490 
943802196087242 0.107677 9.712767 1.633999 
943802214996304 0.308973 9.779765 1.622035 
943802233905419 0.335294 9.703195 1.543072 
943802252814533 0.548256 9.481859 1.656731 
943802271723648 0.452543 9.497412 1.861317 
943802290632763 0.202194 9.678070 2.172683 
943802309541825 -0.191426 9.932009 2.270789 
943802328450940 -0.062213 9.869795 2.091327 
943802347360054 0.386740 9.623035 1.698605 
943802366269169 0.423829 9.560822 1.498804 
943802385178283 0.566202 9.696016 1.230509 
943802404087346 0.594916 9.670892 1.236491 
943802422996460 0.151944 9.722338 1.424627 
943802441905575 -0.052642 9.761819 1.836192 
943802460814690 -0.086142 9.935597 2.081756 
943802479723804 0.272782 9.764212 2.158326 
943802498632919 0.659522 9.626625 2.091327 
943802517542033 0.804287 9.410074 2.087738 
943802536451148 0.786341 9.438788 1.851746 
943802555360263 0.517149 9.511769 1.539482 
943802574269377 0.324527 9.562018 1.205384 
943802593178492 0.217747 9.675677 1.037887 
943802612087606 0.009571 9.729516 1.238884 
943802630996721 0.043071 9.646963 1.659123 
943802649905835 0.369990 9.435199 2.165504 
943802668815002 0.545863 9.364611 2.237289 
943802687724117 0.458525 9.390931 2.124826 
943802706633231 0.218943 9.589536 1.917548 
943802725542346 0.038285 9.719945 1.762015 
943802744451460 0.292223 9.651750 1.470090 
943802763360575 0.559023 9.576375 1.253241 
943802782269690 0.615255 9.566804 1.497608 
943802801178856 0.471685 9.527323 2.015953 
943802820087971 0.229711 9.572786 2.355734 
943802838997085 0.157926 9.757033 2.266003 
943802857906200 0.358026 9.719945 2.021935 
943802876815367 0.364008 9.803694 1.936691 
943802895724481 0.177069 9.991829 1.916352 
943802914633596 0.312562 9.813265 1.813460 
943802933542710 0.369990 9.721141 1.879263 
943802952451877 0.223729 9.676874 2.011168 
943802971360992 -0.130409 9.803694 2.103291 
943802990270106 -0.122034 9.713963 1.931905 
943803009179273 0.482453 9.566804 1.796711 
943803028088388 0.725324 9.499805 1.959423 
943803046997554 0.664307 9.418449 2.206182 
943803065906669 0.369990 9.489038 2.301895 
943803084815783 -0.053839 9.679267 2.081756 
943803103724950 -0.224925 9.851849 1.827817 
943803122634065 0.000000 9.753445 1.427020 
943803141543231 0.375972 9.704391 1.157528 
943803160452346 0.565005 9.721141 1.110868 
943803179361460 0.658325 9.605089 1.381257 
943803198270627 0.459721 9.566804 1.928316 
943803217179794 0.221336 9.670892 2.242075 
943803236088908 0.002393 9.819247 2.110470 
943803254998075 -0.037089 9.777372 1.842174 
943803273907190 0.039482 9.761819 1.693819 
943803292816356 0.179462 9.631411 1.569393 
943803311725471 0.304188 9.585947 1.435395 
943803330634638 0.328116 9.594321 1.409073 
943803349543752 0.414257 9.609875 1.395614 
943803368452919 0.003589 9.672089 1.802693 
943803387362033 -0.071785 9.643374 1.742872 
943803406271200 -0.041874 9.649357 1.584946 
943803425180367 0.058624 9.672089 1.323829 
943803444089481 0.206979 9.704391 1.226920 
943803462998648 0.262014 9.690035 1.396810 
943803481907815 0.278764 9.660124 1.698605 
943803500816929 0.075374 9.603892 1.913959 
943803519726096 -0.277567 9.649357 2.216950 
943803538635263 -0.189033 9.733106 2.035096 
943803557544377 0.180658 9.758230 1.460519 
943803576453544 0.456132 9.654142 1.347757 
943803595362710 0.586541 9.601500 1.557428 
943803614271877 0.537488 9.591928 1.772782 
943803633180992 0.336491 9.646963 1.891227 
943803652090158 -0.068195 9.757033 1.861317 
943803670999325 -0.098106 9.771390 1.443769 
943803689908492 -0.080160 9.754641 1.153939 
943803708817658 0.074178 9.625428 1.104886 
943803727726773 0.306580 9.527323 1.362114 
943803746635940 0.487238 9.388538 1.599303 
943803765545106 0.285045 9.510572 1.772782 
943803784454273 0.028714 9.541679 2.048256 
943803803363440 -0.172283 9.739087 1.870888 
943803822272606 -0.129212 9.674481 1.509572 
943803841181721 0.159123 9.625428 1.213759 
943803860090888 0.212961 9.634999 1.170689 
943803879000054 0.124427 9.690035 1.443769 
943803897909221 0.072981 9.636196 1.580160 
943803916818388 0.043071 9.578768 1.677070 
943803935727554 -0.080160 9.654142 1.727319 
943803954636721 -0.289831 9.794122 1.672284 
943803973545888 -0.386740 10.033704 1.720140 
943803992455054 -0.028714 9.860224 1.813460 
943804011364221 0.389133 9.648160 1.779961 
943804030273388 0.470489 9.448359 1.972882 
943804049182554 0.282652 9.583553 2.009971 
943804068091721 -0.155533 9.772587 1.878067 
943804087000888 -0.149551 9.723534 1.583750 
943804105910054 0.059821 9.644570 1.149153 
943804124819221 0.094516 9.672089 1.224527 
943804143728388 0.066999 9.663713 1.659123 
943804162637606 -0.084945 9.584750 1.896013 
943804181546773 -0.192622 9.624231 1.900798 
943804200455940 -0.074178 9.621839 1.817050 
943804219365106 -0.025125 9.676874 1.704587 
943804238274273 0.123230 9.678070 1.748854 
943804257183440 0.322134 9.686445 1.790729 
943804276092658 0.205783 9.721141 1.875674 
943804295001825 -0.292223 9.891331 1.993221 
943804313910992 -0.816252 10.111470 1.880460 
943804332820158 -0.614058 10.067204 1.281955 
943804351729377 -0.032303 9.724730 0.815055 
943804370638544 0.367597 9.556036 0.831805 
943804389547710 0.438186 9.536894 1.323829 
943804408456877 0.260818 9.429216 1.951048 
943804427366096 -0.049053 9.462716 2.437090 
943804446275263 -0.286241 9.620643 2.395216 
943804465184429 -0.215354 9.736694 1.901995 
943804484093648 0.076570 9.694820 1.491626 
943804503002815 0.411865 9.511769 1.323829 
943804521911981 0.657129 9.401699 1.281955 
943804540821200 0.460917 9.466306 1.357329 
943804559730367 -0.025125 9.724730 1.650748 
943804578639585 -0.369990 9.960723 1.710569 
943804597548752 -0.541077 10.013365 1.685444 
943804616457919 -0.398704 9.851849 1.441377 
943804635367138 -0.178265 9.810872 1.450948 
943804654276304 -0.094516 9.771390 1.832603 
943804673185523 0.037089 9.632607 1.832603 
943804692094690 0.241675 9.498609 1.666302 
943804711003908 0.319741 9.528519 1.617249 
943804729913075 0.236889 9.623035 1.595714 
943804748822294 0.031107 9.746265 1.623231 
943804767731460 0.033500 9.704391 1.540679 
943804786640679 0.070588 9.629018 1.461716 
943804805549898 -0.105284 9.697213 1.477269 
943804824459065 -0.352044 9.893723 1.429412 
943804843368283 -0.320937 9.954741 1.171885 
943804862277450 -0.082552 9.842278 0.978066 
943804881186669 0.111266 9.749855 1.218545 
943804900095888 0.184247 9.619446 1.613660 
943804919005054 0.138784 9.582357 1.861317 
943804937914273 0.005982 9.563215 1.879263 
943804956823492 -0.111266 9.645767 1.691427 
943804975732658 -0.026321 9.724730 1.319044 
943804994641877 -0.071785 9.725926 1.319044 
943805013551096 -0.058624 9.713963 1.314258 
943805032460263 0.035892 9.662517 1.219741 
943805051369481 0.013161 9.634999 1.131207 
943805070278700 -0.136391 9.687641 1.135993 
943805089187919 -0.120838 9.657731 1.083350 
943805108097085 0.004786 9.612267 1.124028 
943805127006304 0.078963 9.638589 1.509572 
943805145915523 0.046660 9.617053 1.915155 
943805164824742 0.016750 9.664909 1.767997 
943805183733960 -0.078963 9.777372 1.392025 
943805202643127 0.069392 9.795319 0.975673 
943805221552346 0.242871 9.737891 0.857229 
943805240461565 0.331705 9.566804 1.003191 
943805259370783 0.153141 9.557233 1.454537 
943805278280002 -0.046660 9.540483 1.706980 
943805297189221 -0.228515 9.599107 1.814657 
943805316098388 -0.118445 9.569197 1.600499 
943805335007606 0.026321 9.630214 1.362114 
943805353916825 0.070588 9.758230 1.353739 
943805372826044 0.248854 9.752248 1.206581 
943805391735263 0.196211 9.697213 1.109671 
943805410644481 0.114855 9.741480 1.076172 
943805429553700 -0.049053 9.782158 1.198206 
943805448462919 -0.157926 9.798908 1.492822 
943805467372138 -0.108873 9.821939 1.592124 
943805486281356 -0.005982 9.900902 1.587339 
943805505190575 0.259621 9.719945 1.614856 
943805524099794 0.444168 9.546465 1.674677 
943805543009013 0.368794 9.539287 1.633999 
943805561918231 0.166301 9.625428 1.550250 
943805580827450 0.080160 9.634999 1.594517 
943805599736669 0.139980 9.672089 1.525125 
943805618645888 0.242871 9.639785 1.406681 
943805637555106 0.206979 9.680463 1.286740 
943805656464325 0.181855 9.666106 1.249652 
943805675373544 0.168694 9.680463 1.271187 
943805694282815 -0.123230 9.810872 1.352543 
943805713192033 -0.332901 10.001400 1.507179 
943805732101252 -0.084945 9.845867 1.504786 
943805751010471 0.258425 9.725926 1.544268 
943805769919690 0.399900 9.654142 1.736890 
943805788828908 0.293420 9.656535 1.960619 
943805807738127 0.059821 9.693624 1.765604 
943805826647398 0.004786 9.634999 1.336990 
943805845556617 0.088534 9.554840 0.964906 
943805864465835 0.038285 9.680463 0.912264 
943805883375054 0.123230 9.620643 1.319044 
943805902284273 0.135194 9.548858 1.639981 
943805921193544 -0.095713 9.686445 1.893620 
943805940102763 -0.228515 9.737891 1.817050 
943805959011981 -0.007178 9.701999 1.637588 
943805977921200 0.266800 9.685248 1.383650 
943805996830471 0.330509 9.888938 1.363311 
943806015739690 0.236889 9.796515 1.625624 
943806034648908 0.240479 9.684052 1.796711 
943806053558179 0.175872 9.652946 1.855335 
943806072467398 0.051446 9.747462 1.782354 
943806091376617 -0.052642 9.736694 1.673480 
943806110285888 -0.052642 9.636196 1.366900 
943806129195106 -0.078963 9.652946 1.220938 
943806148104325 0.020339 9.618250 1.252044 
943806167013596 0.132802 9.590733 1.336990 
943806185922815 0.160319 9.533304 1.532304 
943806204832085 0.013161 9.570394 1.690230 
943806223741304 -0.165105 9.679267 1.596910 
943806242650523 -0.305384 9.970294 1.406681 
943806261559794 -0.154337 9.872188 1.400399 
943806280469013 0.157926 9.780962 1.390828 
943806299378283 0.151944 9.684052 1.537089 
943806318287502 -0.002393 9.678070 1.783550 
943806337196773 -0.145962 9.693624 1.824228 
943806356105992 -0.169890 9.788140 1.387239 
943806375015263 -0.130409 9.774980 1.351347 
943806393924481 -0.051446 9.578768 1.479662 
943806412833752 0.156730 9.516555 1.434198 
943806431742971 0.330509 9.322736 1.283151 
943806450652242 0.251246 9.314362 1.202992 
943806469561513 -0.043071 9.475877 1.256830 
943806488470731 -0.259621 9.632607 1.386042 
943806507380002 -0.125623 9.715159 1.418645 
943806526289273 0.245264 9.618250 1.422234 
943806545198492 0.365205 9.640982 1.494019 
943806564107763 0.161516 9.743873 1.781157 
943806583016981 -0.092124 9.941580 1.945066 
943806601926252 -0.142373 9.991829 1.907977 
943806620835523 -0.005982 9.780962 1.913959 
943806639744742 0.124427 9.700802 1.762015 
943806658654013 0.272782 9.664909 1.809871 
943806677563283 0.340080 9.609875 1.905584 
943806696472554 0.217747 9.684052 1.993221 
943806715381773 0.126820 9.676874 1.968097 
943806734291044 0.141177 9.658928 1.876870 
943806753200315 0.001196 9.733106 1.909173 
943806772109585 -0.267996 9.922438 1.943869 
943806791018856 -0.354437 9.841082 1.953441 
943806809928075 -0.166301 9.686445 1.752443 
943806828837346 0.130409 9.645767 1.471287 
943806847746617 0.202194 9.579965 1.549054 
943806866655888 0.192622 9.603892 1.695016 
943806885565158 0.198604 9.596714 2.025524 
943806904474377 0.163908 9.514162 2.051845 
943806923383648 0.034696 9.545269 1.940280 
943806942292919 -0.214158 9.690035 1.794318 
943806961202190 -0.313759 9.760623 1.611267 
943806980111460 -0.082552 9.692428 1.332204 
943806999020731 0.262014 9.522537 1.231705 
943807017930002 0.227318 9.474680 1.450948 
943807036839273 -0.089731 9.453145 1.898406 
943807055748544 -0.329312 9.469894 2.126023 
943807074657815 -0.193819 9.480662 1.845764 
943807093567085 0.094516 9.468699 1.593321 
943807112476356 0.114855 9.532108 1.787139 
943807131385627 0.035892 9.585947 1.978864 
943807150294898 -0.019143 9.693624 1.622035 
943807169204169 -0.027517 9.773783 1.305883 
943807188113440 -0.173480 9.853045 1.333400 
943807207022710 -0.300598 9.884152 1.696212 
943807225931981 -0.410668 9.955936 1.952244 
943807244841252 -0.193819 9.903295 2.059024 
943807263750523 0.120838 9.739087 2.007578 
943807282659794 0.220140 9.696016 2.086541 
943807301569065 0.105284 9.779765 2.063810 
943807320478335 0.045464 9.722338 1.881656 
943807339387606 -0.072981 9.698409 1.744069 
943807358296877 -0.086142 9.723534 1.727319 
943807377206200 0.041874 9.553643 1.834996 
943807396115471 0.162712 9.406485 1.875674 
943807415024742 0.077767 9.505787 1.845764 
943807433934013 -0.114855 9.597911 1.849353 
943807452843283 -0.295813 9.670892 1.661516 
943807471752554 -0.334098 9.699606 1.563411 
943807490661877 -0.162712 9.680463 1.697409 
943807509571148 0.117248 9.527323 1.907977 
943807528480419 0.114855 9.552447 2.056631 
943807547389690 -0.241675 9.792926 2.027917 
943807566298960 -0.531506 10.004990 1.748854 
943807585208283 -0.408275 9.997811 1.412663 
943807604117554 0.052642 9.701999 1.436591 
943807623026825 0.512363 9.404092 1.870888 
943807641936096 0.591326 9.280862 2.287539 
943807660845419 0.286241 9.362218 2.402394 
943807679754690 -0.074178 9.590733 2.047060 
943807698663960 -0.316152 9.747462 1.616053 
943807717573283 -0.206979 9.755837 1.434198 
943807736482554 0.142373 9.614660 1.650748 
943807755391825 0.330509 9.541679 1.971686 
943807774301148 0.329312 9.435199 2.072184 
943807793210419 0.216550 9.454341 1.930709 
943807812119690 -0.198604 9.694820 1.740479 
943807831029013 -0.584148 9.939187 1.727319 
943807849938283 -0.369990 9.820743 1.605285 
943807868847554 -0.021535 9.734302 1.572982 
943807887756877 0.157926 9.630214 1.818246 
943807906666148 0.056231 9.570394 2.127219 
943807925575471 -0.202194 9.668499 2.196611 
943807944484742 -0.153141 9.670892 1.941476 
943807963394065 0.081356 9.587143 1.534697 
943807982303335 0.154337 9.591928 1.594517 
943808001212606 0.037089 9.603892 1.857728 
943808020121929 -0.011964 9.624231 1.906781 
943808039031200 -0.166301 9.627821 1.794318 
943808057940523 -0.536291 9.795319 1.845764 
943808076849794 -0.586541 9.824331 1.819443 
943808095759117 -0.226122 9.820743 1.576571 
943808114668388 0.155533 9.673285 1.392025 
943808133577710 0.297009 9.570394 1.669891 
943808152486981 0.062213 9.505787 2.007578 
943808171396304 -0.187837 9.737891 1.965704 
943808190305575 -0.208176 9.800104 1.679462 
943808209214898 0.032303 9.694820 1.563411 
943808228124169 0.336491 9.512965 1.779961 
943808247033492 0.272782 9.435199 2.227718 
943808265942763 -0.035892 9.454341 2.563012 
943808284852085 -0.151944 9.535697 2.109273 
943808303761408 -0.077767 9.656535 1.527518 
943808322670679 -0.077767 9.804890 1.347757 
943808341580002 -0.337687 9.993026 1.651945 
943808360489273 -0.332901 9.851849 1.754836 
943808379398596 -0.086142 9.699606 1.693819 
943808398307919 0.047856 9.636196 1.709373 
943808417217190 -0.099302 9.630214 1.779961 
943808436126513 -0.157926 9.584750 1.751247 
943808455035835 -0.019143 9.542876 1.578964 
943808473945106 0.163908 9.571589 1.532304 
943808492854429 0.193819 9.487841 1.945066 
943808511763700 0.131605 9.515358 2.220539 
943808530673023 -0.089731 9.627821 2.263610 
943808549582346 -0.222533 9.698409 1.954637 
943808568491669 -0.343669 9.812068 1.601696 
943808587400940 -0.383151 9.937990 1.433002 
943808606310263 -0.233300 9.829117 1.388435 
943808625219585 -0.163908 9.813265 1.563411 
943808644128856 -0.242871 9.752248 1.728515 
943808663038179 -0.330509 9.766604 1.611267 
943808681947502 -0.325723 9.776176 1.533500 
943808700856825 -0.034696 9.595518 1.438984 
943808719766096 0.305384 9.429216 1.521536 
943808738675419 0.602094 9.158528 1.813460 
943808757584742 0.515952 9.145369 2.182254 
943808776494065 0.185444 9.376575 2.204986 
943808795403335 -0.167498 9.703195 1.975275 
943808814312658 -0.420239 9.843474 1.461716 
943808833221981 -0.368794 9.899706 1.150349 
943808852131304 -0.057428 9.724730 1.341775 
943808871040627 0.260818 9.481859 1.675873 
943808889949950 0.344866 9.371789 1.917548 
943808908859221 0.043071 9.603892 1.857728 
943808927768544 -0.405883 9.951151 1.680659 
943808946677867 -0.440578 9.996614 1.608874 
943808965587190 -0.265603 9.798908 1.598106 
943808984496513 0.016750 9.666106 1.767997 
943809003405835 0.211765 9.563215 1.960619 
943809022315106 0.185444 9.486645 1.946262 
943809041224429 0.010768 9.521340 1.809871 
943809060133752 -0.191426 9.619446 1.632802 
943809079043075 -0.195015 9.742677 1.488037 
943809097952398 -0.015553 9.733106 1.781157 
943809116861721 0.133998 9.565608 1.815853 
943809135771044 0.239282 9.466306 1.783550 
943809154680367 0.217747 9.551250 1.638784 
943809173589690 -0.003589 9.779765 1.488037 
943809192499013 -0.335294 9.765409 1.511965 
943809211408335 -0.526720 9.825528 1.659123 
943809230317658 -0.338884 9.809675 1.831407 
943809249226981 0.095713 9.668499 1.860121 
943809268136304 0.419043 9.496216 1.881656 
943809287045627 0.463310 9.442377 1.866103 
943809305954950 0.236889 9.577572 1.750051 
943809324864273 -0.178265 9.914063 1.630409 
943809343773596 -0.317348 9.924830 1.899602 
943809362682919 -0.077767 9.737891 1.948655 
943809381592242 0.086142 9.645767 1.980061 
943809400501565 0.174676 9.636196 1.862513 
943809419410888 0.007178 9.666106 1.690230 
943809438320210 -0.276371 9.779765 1.422234 
943809457229533 -0.431007 9.915258 1.386042 
943809476138856 -0.301795 9.812068 1.400399 
943809495048179 0.041874 9.593125 1.671088 
943809513957502 0.289831 9.322736 1.951048 
943809532866825 0.375972 9.328718 2.014757 
943809551776148 0.089731 9.477073 1.845764 
943809570685471 -0.223729 9.790533 1.650748 
943809589594794 -0.179462 9.786943 1.614856 
943809608504169 -0.070588 9.696016 1.633999 
943809627413492 0.069392 9.493823 1.781157 
943809646322815 0.113659 9.477073 1.873281 
943809665232138 0.020339 9.593125 1.782354 
943809684141460 -0.002393 9.595518 1.423430 
943809703050783 -0.027517 9.595518 1.296312 
943809721960106 -0.043071 9.589536 1.485644 
943809740869429 -0.178265 9.780962 1.815853 
943809759778752 -0.248854 9.741480 1.971686 
943809778688127 -0.174676 9.721141 1.942673 
943809797597450 -0.074178 9.669696 1.940280 
943809816506773 -0.181855 9.894919 1.966900 
943809835416096 -0.354437 9.936794 1.987239 
943809854325419 -0.092124 9.824331 1.669891 
943809873234742 0.205783 9.715159 1.441377 
943809892144117 0.228515 9.673285 1.441377 
943809911053440 0.047856 9.611072 1.508376 
943809929962763 -0.125623 9.582357 1.388435 
943809948872085 -0.107677 9.568001 1.303490 
943809967781408 -0.051446 9.656535 1.513161 
943809986690783 -0.059821 9.651750 1.921137 
943810005600106 -0.102891 9.524930 2.129612 
943810024509429 0.010768 9.485448 1.848156 
943810043418752 0.163908 9.442377 1.419841 
943810062328075 -0.017946 9.480662 1.281955 
943810081237450 -0.251246 9.584750 1.334597 
943810100146773 -0.144766 9.565608 1.340579 
943810119056096 0.081356 9.516555 1.350150 
943810137965419 -0.027517 9.634999 1.654338 
943810156874794 -0.318545 9.722338 1.861317 
943810175784117 -0.385544 9.827921 1.783550 
943810194693440 -0.320937 9.929616 1.471287 
943810213602763 -0.218943 9.935597 1.280758 
943810232512138 -0.294616 9.912866 1.354936 
943810251421460 -0.367597 9.792926 1.406681 
943810270330783 -0.330509 9.660124 1.400399 
943810289240106 -0.205783 9.607482 1.365704 
943810308149481 -0.049053 9.436396 1.410270 
943810327058804 0.100499 9.376575 1.489233 
943810345968127 0.421436 9.317950 1.401596 
943810364877450 0.618844 9.235099 1.302294 
943810383786825 0.475274 9.308379 1.443769 
943810402696148 -0.003589 9.459127 1.441377 
943810421605471 -0.354437 9.575179 1.089332 
943810440514846 -0.399900 9.652946 0.800698 
943810459424169 -0.208176 9.783355 0.677468 
943810478333492 0.257228 9.686445 0.865604 
943810497242867 0.697807 9.455538 1.275973 
943810516152190 0.707378 9.502198 1.526322 
943810535061513 0.179462 9.783355 1.589732 
943810553970835 -0.081356 10.013365 1.045065 
943810572880210 0.199801 9.947562 0.354437 
943810591789533 0.568594 9.757033 -0.010768 
943810610698856 1.000798 9.572786 -0.051446 
943810629608231 1.314258 9.375379 0.257228 
943810648517554 0.942174 9.364611 0.223729 
943810667426877 0.172283 9.490233 -0.154337 
943810686336252 -0.124427 9.492626 -0.266800 
943810705245575 -0.301795 9.585947 0.033500 
943810724154898 -0.324527 9.632607 0.525524 
943810743064273 -0.022732 9.346664 0.934995 
943810761973596 0.476471 9.276076 1.246062 
943810780882919 0.731306 9.168100 1.360918 
943810799792294 0.626022 9.443574 1.074976 
943810818701617 0.557827 9.473484 0.788734 
943810837610992 0.671486 9.416057 0.529113 
943810856520315 0.628415 9.626625 0.465703 
943810875429638 0.574577 9.626625 0.647558 
943810894339013 0.671486 9.520144 0.690628 
943810913248335 0.755235 9.748658 0.648754 
943810932157658 0.355633 10.371092 0.694218 
943810951067033 0.007178 10.788939 0.789931 
943810969976356 0.002393 10.973485 0.859622 
943810988885679 0.463310 10.738688 0.737288 
943811007795054 0.968495 10.363914 0.514756 
943811026704377 0.961317 10.369895 0.375972 
943811045613752 0.665504 10.707582 0.634397 
943811064523075 0.314955 11.273784 1.644766 
943811083432398 -0.133998 11.804093 3.393621 
943811102341773 -0.487238 12.248260 4.153641 
943811121251096 -0.160319 12.139387 3.860520 
943811140160471 0.342473 11.714362 3.011666 
943811159069794 0.301795 11.555240 2.056631 
943811177979117 -0.425025 11.186446 1.680659 
943811196888492 -1.211366 10.809278 1.681855 
943811215797815 -1.268794 10.137792 2.749652 
943811234707190 -1.401596 9.675677 4.141677 
943811253616513 -1.326222 9.006584 4.576273 
943811272525835 -0.719342 8.512167 4.200301 
943811291435210 0.011964 8.357830 3.319443 
943811310344533 0.447757 8.465508 2.319842 
943811329253908 0.609272 8.636594 1.885245 
943811348163231 0.122034 9.142975 1.498804 
943811367072554 -0.565005 9.572786 1.012762 
943811385981929 -0.913460 9.485448 0.809073 
943811404891252 -0.897907 8.964710 1.000798 
943811423800627 -0.569791 8.390134 0.592523 
943811442709950 -0.344866 7.612167 0.179462 
943811461619325 0.088534 6.965507 -0.181855 
943811480528648 0.676271 6.591030 -0.444168 
943811499437971 1.281955 6.532406 -0.114855 
943811518347346 1.583750 6.914061 0.317348 
943811537256669 1.137189 7.802396 0.789931 
943811556166044 0.844068 9.038888 0.635594 
943811575075367 0.810270 10.100702 -0.138784 
943811593984742 0.526720 10.653744 -0.684646 
943811612894065 0.621237 10.939686 -0.083749 
943811631803440 0.526720 11.016556 0.612862 
943811650712763 0.454935 10.995020 1.149153 
943811669622085 0.489631 11.308480 1.150349 
943811688531460 0.222533 11.560025 1.228116 
943811707440783 -0.487238 11.224731 0.957727 
943811726350158 -0.751645 11.181661 0.139980 
943811745259481 -0.199801 12.144173 1.224527 
943811764168856 0.990030 12.926926 4.319045 
943811783078179 1.677070 12.681661 7.187142 
943811801987554 0.891925 12.254243 7.280462 
943811820896877 0.423829 12.038589 4.393222 
943811839806200 0.720539 11.542079 1.301097 
943811858715575 1.258026 10.523335 -0.453739 
943811877624898 1.779961 9.236296 -0.369990 
943811896534273 1.607678 8.158030 1.581357 
943811915443596 0.884746 7.737790 3.262016 
943811934352971 0.035892 7.431210 3.891627 
943811953262294 -0.320937 7.129714 3.238087 
943811972171669 -0.144766 6.762117 1.590928 
943811991080992 -0.074178 7.055537 -0.297009 
943812009990315 -0.269193 7.063911 -1.643570 
943812028899690 -0.392722 6.813562 -1.910370 
943812047809013 -0.911067 7.176374 -0.794716 
943812066718388 -1.092922 7.583453 0.239282 
943812085627710 -0.530309 7.529315 0.990030 
943812104537085 0.301795 8.044071 1.076172 
943812123446408 0.450150 9.056833 0.775574 
943812142355783 0.750449 9.943973 0.879961 
943812161265106 1.158724 10.426426 1.127618 
943812180174481 0.895514 10.633405 1.392025 
943812199083804 -0.259621 11.089537 1.434198 
943812217993127 -0.944567 11.624632 1.102493 
943812236902502 -1.030708 12.035001 0.433400 
943812255811825 -0.120838 12.085549 0.337687 
943812274721200 0.356830 11.912967 1.283151 
943812293630523 -0.427418 12.208779 1.964507 
943812312539898 -0.963709 12.257833 2.596512 
943812331449221 -0.603290 11.885449 3.227319 
943812350358596 -0.285045 11.107483 3.953840 
943812369267919 -0.384347 10.401301 4.237689 
943812388177242 -0.214158 9.690035 3.775575 
943812407086617 0.205783 9.437592 2.701796 
943812425995940 0.483649 9.490233 1.611267 
943812444905315 0.658325 9.283255 1.334597 
943812463814638 0.386740 9.200403 1.612463 
943812482724013 -0.150748 9.044869 1.924727 
943812501633335 -0.859622 9.069994 1.850549 
943812520542658 -1.191028 8.845069 1.363311 
943812539452033 -0.544666 8.058429 0.773181 
943812558361356 0.210568 7.193124 0.483649 
943812577270731 0.482453 6.786045 0.395115 
943812596180054 0.372383 6.660422 0.451346 
943812615089429 -0.038285 6.855437 0.714557 
943812633998752 -0.459721 7.181160 1.155135 
943812652908075 -0.361615 7.459924 1.188635 
943812671817450 0.329312 7.572386 0.960120 
943812690726773 0.393918 8.400901 0.640379 
943812709636148 -0.311366 9.989436 0.499203 
943812728545471 -0.267996 11.006984 0.499203 
943812747454846 -0.525524 11.714362 1.375275 
943812766364169 -1.057029 11.857932 1.866103 
943812785273544 -1.194617 12.317653 1.037887 
943812804182867 -1.331008 12.972389 0.623629 
943812823092190 -0.817448 12.696018 1.296312 
943812842001565 -0.181855 12.126227 2.383251 
943812860910888 -0.787538 11.793325 2.558227 
943812879820210 -0.652343 11.729916 0.597308 
943812898729585 1.060619 11.340783 0.005982 
943812917638908 1.882852 10.589137 1.722533 
943812936548283 1.437787 9.937990 4.433900 
943812955457606 0.706182 9.850653 5.244170 
943812974366981 1.003191 9.896116 3.485744 
943812993276304 1.570589 9.814461 1.681855 
943813012185627 1.803889 9.526126 1.234098 
943813031095002 1.854138 8.604291 2.337788 
943813050004325 1.492822 8.144869 3.211766 
943813068913700 0.770788 7.883752 3.131607 
943813087823023 -0.052642 7.811968 2.417947 
943813106732346 -0.822234 7.620542 1.338186 
943813125641721 -0.967299 7.459924 0.560220 
943813144551044 -0.834198 7.351050 0.416650 
943813163460419 -0.483649 7.028019 0.819841 
943813182369742 -0.183051 6.789634 1.504786 
943813201279065 -0.113659 7.208677 1.092922 
943813220188440 0.102891 8.010572 0.254836 
943813239097763 0.193819 8.918050 -0.137587 
943813258007138 0.728914 9.614660 -0.104088 
943813276916460 1.378864 10.033704 0.415454 
943813295825783 0.783949 10.879866 1.995614 
943813314735158 -0.120838 11.477174 3.106482 
943813333644481 -0.278764 11.705988 2.720938 
943813352553856 -0.210568 11.854342 1.995614 
943813371463179 -0.566202 12.024233 1.826621 
943813390372554 -1.703391 11.863914 2.785545 
943813409281877 -3.052344 12.078370 2.578566 
943813428191200 -3.093322 12.614363 2.467000 
943813447100575 -1.717748 12.357134 2.029114 
943813466009898 -0.507577 10.931312 1.860121 
943813484919273 0.061017 9.902099 2.210968 
943813503828596 0.568594 9.233903 2.740081 
943813522737919 0.812662 9.321540 3.023631 
943813541647294 0.476471 9.225528 4.190730 
943813560556617 -0.034696 9.154940 5.203492 
943813579465992 -0.847657 9.267701 4.633701 
943813598375315 -1.449751 9.593125 2.925525 
943813617284690 -1.651945 9.785748 1.103689 
943813636194013 -1.197010 9.032906 0.033500 
943813655103335 -0.248854 7.884949 0.502792 
943813674012710 0.013161 6.996614 1.112064 
943813692922033 -0.010768 6.494121 1.416252 
943813711831408 -0.132802 6.331110 1.331008 
943813730740731 -0.099302 6.326324 0.948156 
943813749650054 -0.117248 6.598208 0.655932 
943813768559429 -0.156730 7.281658 0.364008 
943813787468752 0.323330 8.010572 0.636790 
943813806378127 0.452543 9.332308 0.878764 
943813825287450 0.316152 10.369895 0.193819 
943813844196825 0.581755 10.870295 -0.185444 
943813863106148 0.460917 11.757433 0.356830 
943813882015471 0.144766 12.229118 1.076172 
943813900924846 0.050249 12.464811 2.041078 
943813919834169 0.126820 12.631412 3.739683 
943813938743544 -0.074178 12.219547 4.594220 
943813957652867 -0.842872 12.171691 2.160719 
943813976562242 -0.089731 12.341581 -0.526720 
943813995471565 1.024726 12.317653 -0.273978 
943814014380940 1.292722 11.684452 2.823830 
943814033290263 1.090529 11.160125 5.694320 
943814052199585 1.029512 11.041680 5.799604 
943814071108960 1.553839 10.708778 3.533601 
943814090018283 1.697409 10.441978 1.954637 
943814108927658 1.370489 9.729516 2.085345 
943814127836981 1.224527 8.717052 3.077469 
943814146746356 0.807877 7.814361 3.537190 
943814165655679 0.167498 7.377371 3.250051 
943814184565054 -0.468096 7.357032 1.784747 
943814203474377 -1.207777 7.282855 0.453739 
943814222383752 -1.813460 7.121339 -0.354437 
943814241293075 -1.532304 6.647261 -0.603290 
943814260202398 -0.663111 6.176773 -0.254836 
943814279111773 0.104088 5.938687 0.352044 
943814298021096 0.661915 6.390930 1.261616 
943814316930471 0.897907 7.244570 1.762015 
943814335839794 0.600898 8.434401 0.937388 
943814354749169 0.457328 9.521340 -0.002393 
943814373658492 0.775574 10.325628 0.195015 
943814392567815 0.621237 11.158929 1.746461 
943814411477190 0.061017 11.555240 3.393621 
943814430386513 -0.403490 11.890235 4.235296 
943814449295888 -0.275175 11.973984 3.998107 
943814468205210 0.010768 12.136994 3.120839 
943814487114585 -0.200997 11.962020 2.032703 
943814506023908 -1.327418 11.688042 1.346561 
943814524933283 -2.029114 11.719148 1.353739 
943814543842606 -1.776372 11.714362 2.513660 
943814562751981 -1.126421 10.922936 4.299902 
943814581661304 -0.517149 9.700802 4.901996 
943814600570627 -0.242871 9.327521 3.880859 
943814619480002 0.245264 9.780962 2.149951 
943814638389325 0.574577 9.994222 1.698605 
943814657298700 0.547059 9.515358 3.384049 
943814676208023 0.049053 9.398110 4.752146 
943814695117398 -0.624826 9.053245 4.651647 
943814714026721 -0.917049 8.606684 3.361318 
943814732936044 -0.646361 8.177173 1.638784 
943814751845419 -0.381954 7.698308 0.302991 
943814770754742 -0.131605 7.237391 -0.139980 
943814789664117 -0.208176 6.923632 0.138784 
943814808573440 -0.431007 6.829116 0.913460 
943814827482815 -0.264407 6.763313 1.344168 
943814846392138 -0.040678 6.947560 1.338186 
943814865301460 0.275175 7.243373 1.088136 
943814884210835 0.208176 8.289635 0.958924 
943814903120158 -0.338884 9.801301 1.005584 
943814922029533 -0.740878 10.948360 0.679861 
943814940938856 -0.926621 11.443674 0.563809 
943814959848231 -0.815055 11.633006 1.351347 
943814978757554 -0.511167 11.460424 1.903191 
943814997666877 -0.223729 11.371890 2.329413 
943815016576252 0.580559 11.598310 2.698207 
943815035485575 1.118046 11.374283 3.142374 
943815054394950 0.411865 11.557632 1.706980 
943815073304273 0.447757 11.935699 -0.173480 
943815092213648 1.462912 11.551650 0.969691 
943815111122971 1.861317 10.790134 4.262814 
943815130032346 1.360918 10.391729 6.430412 
943815148941669 0.950549 9.927223 6.717850 
943815167850992 1.384846 9.620643 4.013661 
943815186760367 1.821835 9.670892 1.541875 
943815205669690 1.365704 9.806087 1.289133 
943815224579065 0.919442 9.092726 2.545066 
943815243488388 0.380758 8.695218 4.024428 
943815262397763 -0.578166 8.258529 4.582255 
943815281307085 -1.389632 8.177173 3.239284 
943815300216408 -1.672284 8.060822 1.507179 
943815319125783 -1.775175 7.755736 0.390329 
943815338035106 -1.195813 6.971489 -0.106481 
943815356944481 -0.139980 6.052346 0.422632 
943815375853804 0.560220 5.878567 1.401596 
943815394763127 0.840180 6.199504 2.065006 
943815413672502 0.865604 6.818348 1.980061 
943815432581825 0.737288 8.313563 0.991227 
943815451491200 0.305384 9.763016 0.254836 
943815470400523 0.423829 10.301700 0.806680 
943815489309846 0.489631 10.648958 2.680260 
943815508219221 -0.415454 11.100305 4.035196 
943815527128544 -1.234098 11.385050 4.484149 
943815546037919 -0.954138 11.776576 3.658327 
943815564947242 0.178265 11.795718 2.683850 
943815583856565 0.074178 11.739487 2.626422 
943815602765940 -0.866800 11.777772 2.741277 
943815621675263 -0.647558 11.728720 3.677469 
943815640584638 -0.606880 11.458032 4.581059 
943815659493960 -0.617647 10.578370 5.314758 
943815678403335 -0.871586 9.918848 5.610571 
943815697312658 -1.180260 9.591928 4.807480 
943815716221981 -0.932603 9.882956 3.664309 
943815735131356 -0.599701 9.983455 3.427120 
943815754040679 0.077767 9.656535 3.886841 
943815772950054 0.385544 9.414860 3.829414 
943815791859377 0.481256 9.211171 3.218945 
943815810768700 0.355633 9.058030 2.026721 
943815829678075 0.216550 8.601898 1.089332 
943815848587398 0.204586 7.857431 0.925424 
943815867496773 -0.431007 7.537691 1.553839 
943815886406096 -0.911067 7.285248 2.400001 
943815905315419 -0.350848 7.003792 2.630011 
943815924224794 0.422632 6.482157 1.941476 
943815943134117 0.978066 6.687939 0.683450 
943815962043492 1.103689 7.044769 -0.253639 
943815980952815 0.716949 7.841878 -0.075374 
943815999862138 -0.071785 9.054440 0.352044 
943816018771513 -1.267598 10.341181 0.549452 
943816037680835 -2.181058 11.331212 0.639183 
943816056590210 -1.940280 11.714362 0.490828 
943816075499533 -1.077368 11.801701 -0.271585 
943816094408908 -0.057428 11.571989 0.196211 
943816113318231 0.979263 11.309676 1.848156 
943816132227554 1.285544 11.215159 3.273980 
943816151136929 0.199801 11.324033 2.484946 
943816170046252 -0.093320 11.592328 -0.010768 
943816188955575 0.138784 12.089138 -0.806680 
943816207864950 0.105284 11.665310 0.691825 
943816226774273 -0.203390 10.945967 2.597708 
943816245683648 0.132802 10.221540 3.260819 
943816264592971 0.727717 9.916455 2.382055 
943816283502294 1.287937 9.394521 1.382453 
943816302411669 1.655534 8.833105 1.912763 
943816321320992 1.736890 8.114660 3.861717 
943816340230367 1.655534 7.160821 5.419145 
943816359139690 1.223331 7.090232 4.959424 
943816378049013 0.116052 7.574779 3.519244 
943816396958388 -0.637986 7.705487 1.799103 
943816415867710 -1.112064 7.906484 0.234497 
943816434777085 -1.580160 7.965108 -0.634397 
943816453686408 -1.886442 7.888538 -0.474078 
943816472595731 -1.557428 7.987840 0.712164 
943816491505106 -0.888335 8.247761 1.449751 
943816510414429 -0.078963 8.700303 1.785943 
943816529323804 0.679861 8.900104 1.924727 
943816548233127 0.521934 9.571589 1.800300 
943816567142450 0.323330 10.497014 1.352543 
943816586051825 0.057428 10.966306 0.900300 
943816604961148 -0.380758 11.503794 0.579362 
943816623870523 -0.529113 11.776576 0.980459 
943816642779846 -0.307777 11.851950 1.754836 
943816661689169 0.088534 11.771791 2.445465 
943816680598544 0.319741 11.404193 2.294717 
943816699507867 -0.154337 11.641381 1.393221 
943816718417242 -0.301795 11.810075 1.430609 
943816737326565 -0.464507 11.921342 1.635195 
943816756235940 -0.828216 11.555240 2.456233 
943816775145263 -1.722533 11.295320 3.713362 
943816794054585 -2.435894 11.111072 4.671986 
943816812963960 -2.664707 10.614263 5.022834 
943816831873283 -2.388037 10.129416 4.998906 
943816850782658 -1.620838 9.371789 5.126922 
943816869691981 -0.288634 8.537292 4.074678 
943816888601304 0.803091 7.880163 2.350948 
943816907510679 1.570589 7.447959 0.810270 
943816926420002 1.388435 7.395318 -0.118445 
943816945329377 0.407079 7.649256 -0.132802 
943816964238700 -0.574577 7.914859 -0.053839 
943816983148075 -1.097707 7.840682 0.242871 
943817002057398 -0.730110 7.343872 0.915853 
943817020966773 0.198604 6.821938 1.368096 
943817039876096 0.478864 6.807580 1.419841 
943817058785471 0.752842 7.025626 0.920639 
943817077694794 1.065404 7.565208 0.367597 
943817096604169 0.531506 8.621041 0.529113 
943817115513492 -0.062213 9.687641 0.805484 
943817134422867 -0.202194 10.219148 0.495613 
943817153332190 -0.273978 10.792527 0.385544 
943817172241565 0.138784 10.979466 0.163908 
943817191150888 0.352044 11.151750 0.203390 
943817210060263 0.193819 11.533704 0.883550 
943817228969585 0.056231 12.113067 2.193022 
943817247878960 -0.338884 11.964413 3.133999 
943817266788283 -0.450150 12.102299 1.966900 
943817285697658 0.470489 12.815659 0.746860 
943817304606981 1.428216 13.002299 1.679462 
943817323516356 1.843371 12.286546 3.838985 
943817342425679 1.677070 11.549257 4.750949 
943817361335054 1.441377 10.847563 4.162016 
943817380244377 1.112064 10.237094 2.701796 
943817399153752 0.708575 9.623035 1.912763 
943817418063075 0.569791 8.853444 1.896013 
943817436972450 0.465703 8.245368 2.474179 
943817455881773 0.703789 7.671988 2.685046 
943817474791148 0.782752 7.004988 2.658725 
943817493700471 0.610469 6.601798 2.069792 
943817512609846 -0.585344 7.182356 1.403091 
943817531519169 -1.921137 7.494620 0.387936 
943817550428544 -2.540280 7.712666 -0.360419 
943817569337919 -1.953441 7.679166 -0.743271 
943817588247242 -0.896710 7.437192 -0.265603 
943817607156617 -0.072981 7.346265 0.697807 
943817626065940 0.758824 7.371389 1.818246 
943817644975315 1.150349 8.004590 2.341377 
943817663884638 0.714557 8.928818 1.912763 
943817682794013 0.265603 9.908080 1.241277 
943817701703335 0.160319 10.317253 0.962513 
943817720612710 -0.100499 10.790134 1.104886 
943817739522033 0.071785 11.129018 1.899602 
943817758431408 0.254836 11.640184 2.767598 
943817777340783 -0.328116 12.320045 3.076273 
943817796250106 -0.034696 12.308082 2.765206 
943817815159481 0.132802 11.860325 2.433501 
943817834068804 -0.858425 11.738291 2.400001 
943817852978179 -0.791127 11.229517 2.781955 
943817871887502 -0.242871 11.010573 3.378067 
943817890796877 0.226122 10.332807 3.850949 
943817909706200 0.100499 10.004990 3.610171 
943817928615575 -0.640379 9.801301 3.245266 
943817947524950 -0.866800 9.963116 2.250450 
943817966434273 -0.744467 10.225129 2.596512 
943817985343648 -0.648754 9.973883 3.669094 
943818004252971 -0.661915 9.753445 3.883252 
943818023162346 -0.367597 9.493823 3.089732 
943818042071669 -0.271585 9.201599 2.053042 
943818060981044 -0.361615 8.705089 1.532304 
943818079890367 -0.445364 8.153244 1.247259 
943818098799742 -0.653540 7.789236 0.930210 
943818117709065 -0.606880 7.385746 0.338884 
943818136618440 -0.120838 6.875776 -0.025125 
943818155527815 0.537488 6.530013 0.211765 
943818174437138 1.119243 6.237790 0.482453 
943818193346513 1.112064 6.638886 0.819841 
943818212255835 0.238086 7.646863 0.614058 
943818231165210 -0.627219 8.816355 0.420239 
943818250074533 -1.071386 10.095917 0.175872 
943818268983908 -1.214956 11.051251 0.212961 
943818287893231 -0.649950 11.370693 0.722932 
943818306802606 0.049053 11.402996 1.187438 
943818325711981 0.373579 11.368300 1.174278 
943818344621304 0.842872 11.346765 1.185045 
943818363530679 0.936192 11.460424 1.964507 
943818382440002 0.072981 11.799308 2.476571 
943818401349377 -0.797109 11.861521 1.053440 
943818420258700 -0.323330 11.965609 -0.883550 
943818439168075 1.058226 11.891431 -0.405883 
943818458077398 1.144367 11.330015 2.982953 
943818476986773 0.049053 10.790134 5.474180 
943818495896148 -0.651147 10.611869 5.226224 
943818514805471 0.275175 10.288539 2.821437 
943818533714846 1.137189 9.730712 1.461716 
943818552624169 1.529911 9.026923 1.811068 
943818571533544 1.861317 8.319545 3.004488 
943818590442867 1.813460 7.722237 3.731308 
943818609352242 1.279562 7.453942 3.599403 
943818628261617 0.059821 7.616953 2.862115 
943818647170940 -1.488037 8.146066 2.024328 
943818666080315 -2.859722 8.679665 1.229313 
943818684989638 -2.602494 8.420044 0.566202 
943818703899013 -1.140778 7.385746 0.725324 
943818722808388 0.080160 6.634101 1.619642 
943818741717710 0.875175 6.630512 2.421536 
943818760627085 1.028316 7.638488 2.514857 
943818779536460 1.346561 8.441579 1.430609 
943818798445783 1.495215 9.398110 0.378365 
943818817355158 0.851247 10.115060 0.246461 
943818836264481 0.035892 10.604691 0.921835 
943818855173856 -0.879961 11.442478 1.839782 
943818874083179 -1.525125 11.993126 2.148755 
943818892992554 -1.235295 12.250653 2.322234 
943818911901929 -0.070588 11.629417 2.437090 
943818930811252 0.211765 11.324033 2.304288 
943818949720627 0.135194 11.023734 1.590928 
943818968630002 1.034298 10.870295 1.741676 
943818987539325 1.580160 10.519746 3.323032 
943819006448700 1.176671 9.892527 5.209474 
943819025358023 -0.137587 9.758230 6.364609 
943819044267398 -1.383650 10.258629 6.039185 
943819063176773 -1.931905 10.767403 5.065905 
943819082086096 -2.108077 11.009377 4.284349 
943819100995471 -1.961815 10.616655 3.473780 
943819119904846 -1.628017 10.188041 2.682653 
943819138814169 -0.994816 9.617053 1.824228 
943819157723544 0.039482 8.485847 1.464108 
943819176632919 0.809073 7.396514 1.427020 
943819195542242 0.539881 7.234998 1.802693 
943819214451617 -0.245264 7.239784 2.222932 
943819233360992 -0.653540 7.095018 1.852942 
943819252270367 -0.556630 7.028019 0.902692 
943819271179690 -0.061017 6.698707 0.435793 
943819290089065 0.630808 6.772884 0.434596 
943819308998440 0.494417 7.403692 0.960120 
943819327907763 0.204586 8.079964 1.446162 
943819346817138 -0.116052 8.950353 1.511965 
943819365726513 -0.737288 9.961919 0.875175 
943819384635835 -0.976870 11.073983 -0.185444 
943819403545210 -0.433400 11.124232 -1.226920 
943819422454585 0.229711 10.966306 -1.018744 
943819441363960 0.742074 10.904990 0.401097 
943819460273283 1.340579 11.064412 2.371287 
943819479182658 1.384846 11.731112 4.517649 
943819498092033 0.131605 12.079567 5.487340 
943819517001356 -1.287937 12.877872 2.909971 
943819535910731 -0.703789 13.133904 0.313759 
943819554820106 0.824627 12.176476 0.447757 
943819573729481 1.510768 10.696815 3.180660 
943819592638804 1.088136 9.975080 5.085047 
943819611548179 0.973281 9.396914 5.311169 
943819630457554 1.395614 8.999406 3.629314 
943819649366929 1.071386 8.895318 2.877668 
943819668276304 0.815055 8.449954 3.385246 
943819687185627 0.933799 7.868199 4.399204 
943819706095002 0.985245 7.447959 4.377669 
943819725004377 0.628415 7.254141 3.344568 
943819743913752 0.113659 7.185946 2.065006 
943819762823127 -0.888335 7.778468 0.919442 
943819781732450 -1.969293 8.397312 0.230907 
943819800641825 -2.231307 8.411669 0.763610 
943819819551200 -1.874477 8.503793 1.789532 
943819838460575 -0.877568 8.152048 2.356930 
943819857369950 0.390329 8.281260 2.865704 
943819876279273 1.205384 8.609076 2.383251 
943819895188648 1.326222 9.213564 1.405484 
943819914098023 0.817448 10.055239 0.452543 
943819933007398 0.360419 10.693225 0.013161 
943819951916773 0.071785 11.006984 -0.132802 
943819970826148 -0.429811 11.692827 0.270389 
943819989735523 -0.348455 11.836396 0.858425 
943820008644846 -0.045464 11.755040 1.443769 
943820027554221 0.171087 11.291730 2.087738 
943820046463596 -0.162712 10.949556 2.289931 
943820065372971 -0.064606 10.639387 1.711766 
943820084282346 1.211366 10.511371 1.247259 
943820103191721 2.233700 10.183255 1.852942 
943820122101044 1.783550 9.590733 3.002095 
943820141010419 0.113659 9.392128 3.934698 
943820159919794 -1.434198 9.747462 3.549154 
943820178829169 -2.325824 10.452746 3.052344 
943820197738544 -2.336591 10.473085 3.591029 
943820216647919 -1.423430 10.067204 3.311068 
943820235557294 -0.582951 9.747462 2.900400 
943820254466669 -0.239282 9.289237 2.245664 
943820273376044 0.292223 8.647362 1.618445 
943820292285419 0.399900 8.101500 1.348954 
943820311194742 -0.151944 7.900502 1.271187 
943820330104117 -0.703789 7.637292 1.043869 
943820349013492 -0.872782 7.336693 0.847657 
943820367922867 -0.594916 6.870990 0.670289 
943820386832242 -0.020339 6.751349 0.442971 
943820405741617 0.588933 6.807580 0.716949 
943820424650992 0.684646 7.221838 1.077368 
943820443560367 0.402293 8.056036 1.151546 
943820462469742 -0.202194 9.145369 1.364507 
943820481379117 -0.492024 9.880563 1.503590 
943820500288492 -0.190229 10.394122 0.914656 
943820519197867 0.089731 10.719546 0.192622 
943820538107242 0.302991 11.026127 -0.260818 
943820557016617 0.241675 11.437693 -0.058624 
943820575925992 0.295813 12.187243 1.310669 
943820594835315 0.126820 12.777374 3.351746 
943820613744690 -0.653540 12.783356 3.907180 
943820632654065 -0.483649 12.893426 1.060619 
943820651563440 0.903889 12.448062 0.143569 
943820670472815 1.519143 11.453245 2.427519 
943820689382190 0.857229 10.581959 4.508078 
943820708291565 0.431007 9.984651 4.498507 
943820727200940 0.828216 9.612267 2.860919 
943820746110315 1.248455 9.297611 1.033101 
943820765019690 0.952942 8.988638 1.054637 
943820783929065 0.417847 8.811569 2.178665 
943820802838440 0.393918 8.357830 3.242873 
943820821747815 0.344866 7.735397 3.588636 
943820840657190 0.034696 7.522137 3.157928 
943820859566565 -0.671486 7.874181 2.322234 
943820878475940 -1.399203 8.183154 1.162314 
943820897385315 -1.642374 8.262117 0.203390 
943820916294690 -1.304687 7.895717 0.232104 
943820935204065 -0.746860 7.268498 1.236491 
943820954113440 -0.322134 7.323533 2.188236 
943820973022815 -0.342473 7.968698 2.465804 
943820991932190 -0.316152 8.636594 1.952244 
943821010841565 0.253639 9.189635 0.655932 
943821029750940 0.973281 9.704391 -0.189033 
943821048660315 1.311865 10.150951 0.101695 
943821067569690 1.333400 10.154541 1.296312 
943821086479013 1.143171 10.520942 2.737688 
943821105388388 0.508774 10.818849 4.146462 
943821124297763 -0.185444 11.184053 4.710271 
943821143207138 -0.945763 11.325230 3.928716 
943821162116513 -1.401596 11.800504 2.404787 
943821181025888 -0.836591 11.959627 1.492822 
943821199935263 0.070588 11.872289 2.360520 
943821218844638 0.120838 11.125429 4.156034 
943821237754013 -0.334098 10.459925 5.246563 
943821256663388 -1.036690 9.991829 5.209474 
943821275572763 -0.984048 10.183255 4.243671 
943821294482138 -0.500399 10.095917 4.176373 
943821313391513 0.092124 9.514162 4.801498 
943821332300888 0.721735 8.964710 4.867301 
943821351210263 0.954138 8.678469 3.739683 
943821370119638 0.903889 8.788837 2.190629 
943821389029013 0.355633 8.662915 1.334597 
943821407938388 -0.299402 8.379366 1.134796 
943821426847763 -0.687039 7.820343 1.476072 
943821445757138 -0.699003 7.104589 1.884049 
943821464666513 -0.509970 6.839883 1.740479 
943821483575888 -0.335294 6.903293 1.422234 
943821502485263 -0.196211 7.263712 0.967299 
943821521394638 0.076570 7.443174 0.827019 
943821540304013 0.425025 8.154441 0.877568 
943821559213388 0.217747 8.842676 1.525125 
943821578122763 -0.409472 9.593125 1.856531 
943821597032138 -0.864407 10.603495 1.649552 
943821615941513 -1.094118 11.312069 1.410270 
943821634850888 -1.253241 11.695220 0.940978 
943821653760263 -0.847657 11.739487 0.845265 
943821672669638 0.033500 11.625828 1.788336 
943821691579013 0.932603 11.249856 3.202195 
943821710488388 0.757627 10.753046 3.721736 
943821729397763 0.205783 10.915758 1.729712 
943821748307138 0.658325 11.407782 0.856032 
943821767216513 1.232902 11.369496 2.145165 
943821786125888 1.128814 10.823634 4.424329 
943821805035263 0.502792 10.744671 4.896014 
943821823944638 0.610469 10.699207 3.313461 
943821842853960 1.305883 10.207183 1.491626 
943821861763388 1.563411 9.545269 1.431805 
943821880672763 1.406681 8.884550 3.003292 
943821899582085 1.252044 8.179565 4.674379 
943821918491460 0.853639 7.616953 5.313562 
943821937400835 0.074178 7.713862 4.980959 
943821956310210 -0.407079 7.924430 3.494119 
943821975219585 -0.602094 8.073982 2.026721 
943821994128960 -1.150349 7.870592 0.940978 
943822013038335 -1.328615 7.835896 0.469292 
943822031947710 -0.709771 7.676773 0.481256 
943822050857085 -0.106481 7.373782 1.177867 
943822069766460 0.064606 7.431210 1.995614 
943822088675835 0.098106 8.217851 2.610869 
943822107585210 0.016750 9.243474 2.863311 
943822126494585 -0.108873 10.060024 2.280360 
943822145403960 -0.104088 10.435997 1.575375 
943822164313335 0.390329 10.391729 0.714557 
943822183222710 0.925424 10.226326 0.828216 
943822202132085 0.976870 10.316056 2.179862 
943822221041460 0.788734 10.744671 3.508476 
943822239950835 0.514756 10.786546 4.614559 
943822258860210 -0.197408 10.703993 4.259224 
943822277769585 -1.134796 10.984252 2.429911 
943822296678960 -0.780359 11.178071 1.695016 
943822315588335 -0.077767 11.635399 1.516750 
943822334497710 0.440578 10.723136 2.878865 
943822353407085 0.215354 9.798908 4.590630 
943822372316460 -0.340080 9.390931 5.586643 
943822391225835 -0.707378 9.345468 5.361717 
943822410135210 -0.897907 9.735498 4.693521 
943822429044585 -1.078565 9.832706 3.870091 
943822447953960 -1.041476 9.804890 3.143571 
943822466863335 -0.804287 9.633803 2.457429 
943822485772710 0.185444 8.898908 2.385644 
943822504682085 0.882353 8.152048 2.619243 
943822523591460 0.648754 7.900502 3.141178 
943822542500783 -0.332901 8.272885 3.424727 
943822561410158 -0.779163 8.391330 2.808276 
943822580319533 -0.397508 7.847860 1.756033 
943822599228908 0.177069 7.237391 0.872782 
943822618138283 0.827019 6.935596 0.667897 
943822637047658 1.052244 7.091429 1.207777 
943822655957033 0.623629 7.821539 2.029114 
943822674866408 0.189033 8.684451 2.349752 
943822693775783 -0.160319 9.562018 2.015953 
943822712685158 -0.281456 10.183255 1.155135 
943822731594533 -0.220140 10.749456 0.131605 
943822750503908 -0.324527 11.041680 -0.058624 
943822769413283 -0.256032 11.350354 1.214956 
943822788322658 -0.179462 11.644971 2.803491 
943822807232033 0.061017 11.709577 3.833003 
943822826141408 0.139980 11.449656 4.559524 
943822845050783 -0.702593 11.711969 2.947060 
943822863960158 -0.570987 12.247065 0.246461 
943822882869533 0.297009 11.971591 -0.218943 
943822901778908 0.864407 10.644173 1.922334 
943822920688283 0.664307 10.198809 3.739683 
943822939597658 0.420239 9.763016 4.705486 
943822958507033 0.863211 9.453145 3.648755 
943822977416408 1.310669 9.079565 1.897209 
943822996325783 1.320240 8.769695 1.782354 
943823015235158 1.120439 7.978269 2.749652 
943823034144481 0.774377 7.788040 3.823431 
943823053053856 -0.055035 7.738986 4.047161 
943823071963231 -0.679861 7.760522 3.259623 
943823090872606 -1.031905 7.785647 2.039881 
943823109781981 -1.656731 7.917252 0.998405 
943823128691356 -1.845764 7.831110 0.384347 
943823147600731 -1.383650 7.304390 1.039083 
943823166510106 -0.694218 6.865008 2.324627 
943823185419481 -0.050249 6.729814 2.924328 
943823204328856 0.299402 7.495816 2.608476 
943823223238231 0.530309 8.643773 1.696212 
943823242147606 0.727717 9.516555 0.869193 
943823261056981 0.356830 10.339985 0.568594 
943823279966356 -0.389133 10.882258 0.842872 
943823298875731 -0.774377 11.246266 1.415056 
943823317785106 -0.508774 11.338390 2.832205 
943823336694481 -0.102891 11.052447 4.375276 
943823355603856 0.279960 10.916954 4.744967 
943823374513231 0.486042 10.604691 4.664808 
943823393422606 -0.149551 10.755439 3.211766 
943823412331929 -0.687039 10.816456 1.886442 
943823431241304 -0.472882 11.347961 2.254039 
943823450150679 -0.555434 11.282159 3.565904 
943823469060054 -0.648754 10.779366 4.347759 
943823487969429 -0.969691 10.386944 4.936692 
943823506878804 -1.350150 10.124631 4.876872 
943823525788179 -1.531107 9.881760 4.674379 
943823544697554 -1.149153 9.347860 4.740181 
943823563606929 -0.712164 8.962317 4.718646 
943823582516304 -0.444168 8.824730 4.210171 
943823601425679 -0.270389 9.006584 3.094518 
943823620335054 -0.070588 8.927621 1.800300 
943823639244429 -0.198604 8.711071 1.376471 
943823658153804 -0.951745 8.721839 1.331008 
943823677063127 -1.441377 8.329117 1.384846 
943823695972502 -1.508376 7.747362 1.404288 
943823714881877 -0.938585 7.135696 1.371686 
943823733791252 -0.187837 6.674779 1.510768 
943823752700627 0.396311 6.573084 1.401596 
943823771610002 0.951745 6.610173 1.380060 
943823790519377 0.755235 7.331908 1.411466 
943823809428752 0.445364 8.408080 1.797907 
943823828338127 0.417847 9.323933 1.802693 
943823847247502 0.448953 10.363914 1.596910 
943823866156877 0.472882 11.121840 1.595714 
943823885066200 0.125623 11.466406 1.734497 
943823903975575 -0.081356 11.418550 2.570191 
943823922884950 -0.214158 11.683255 3.827021 
943823941794325 -0.108873 11.790933 4.921139 
943823960703700 0.568594 11.625828 5.257330 
943823979613075 0.836591 11.383854 3.690630 
943823998522450 1.228116 11.569596 1.491626 
943824017431825 1.939084 11.740684 0.779163 
943824036341200 2.225325 10.945967 2.139184 
943824055250523 1.856531 10.054043 4.767699 
943824074159898 0.513560 9.645767 5.551947 
943824093069273 -0.055035 9.540483 4.241278 
943824111978648 0.389133 9.754641 2.121237 
943824130888023 1.176671 9.396914 1.040280 
943824149797398 1.667498 8.835498 1.454537 
943824168706773 1.878067 8.024929 2.984149 
943824187616148 1.764408 7.459924 4.108177 
943824206525523 0.864407 7.273283 4.238885 
943824225434846 -0.267996 7.341479 2.930310 
943824244344221 -0.909871 7.435996 1.618445 
943824263253596 -1.736890 7.602596 0.926621 
943824282162971 -2.078166 7.571190 0.560220 
943824301072346 -1.666302 7.284051 1.090529 
943824319981721 -0.572184 7.013363 1.951048 
943824338891096 0.124427 7.067501 2.231307 
943824357800419 0.579362 8.141280 2.397608 
943824376709794 0.409472 9.129815 2.068595 
943824395619169 0.189033 9.924830 2.388037 
943824414528544 -0.298206 10.510175 2.590530 
943824433437919 -0.402293 10.525727 2.301895 
943824452347242 -0.049053 10.759027 1.767997 
943824471256617 0.177069 10.890634 2.065006 
943824490165992 0.453739 11.024930 3.094518 
943824509075367 0.551845 10.973485 3.914359 
943824527984742 0.120838 10.881062 4.206283 
943824546894065 -1.224527 11.397015 3.266801 
943824565803440 -1.537089 12.087942 2.570191 
943824584712815 -1.030708 12.469597 2.402394 
943824603622190 -0.438186 11.346765 3.591029 
943824622531565 -0.618844 10.487443 4.899603 
943824641440940 -1.001994 9.785748 5.403592 
943824660350263 -0.834198 9.645767 5.296812 
943824679259638 -0.608076 9.619446 5.089833 
943824698169013 -0.279960 9.224331 5.020441 
943824717078388 -0.043071 8.805588 4.565506 
943824735987763 0.096909 8.725428 3.435495 
943824754897085 0.247657 8.678469 2.218147 
943824773806460 0.070588 8.518149 1.398007 
943824792715835 -0.235693 8.131410 0.913460 
943824811625210 -0.287438 7.518548 1.206581 
943824830534533 0.150748 6.623333 2.019542 
943824849443908 0.318545 6.387341 2.458625 
943824868353283 0.317348 6.311967 2.662314 
943824887262658 0.271585 6.392127 2.467000 
943824906172033 -0.251246 7.237391 2.080559 
943824925081356 -0.039482 7.883752 1.880460 
943824943990731 0.295813 8.636594 2.097309 
943824962900106 0.530309 9.163314 2.002793 
943824981809481 0.066999 10.391729 1.922334 
943825000718804 -0.592523 11.533704 1.335793 
943825019628179 -0.830609 12.126227 0.448953 
943825038537554 -0.850050 12.397812 0.464507 
943825057446877 -1.043869 12.682858 2.598905 
943825076356252 -0.754038 12.494721 4.979763 
943825095265627 -0.466900 11.684452 5.335396 
943825114175002 0.374776 11.483156 3.067898 
943825133084325 2.173879 11.434103 2.085345 
943825151993700 3.011666 10.473085 3.647260 
943825170903075 2.237289 9.991829 5.477769 
943825189812398 1.164706 10.446765 5.240581 
943825208721773 0.648754 10.654941 3.386442 
943825227631148 0.825823 10.493424 2.256432 
943825246540523 0.828216 9.854242 2.226521 
943825265449846 0.838983 8.868998 3.882056 
943825284359221 1.017548 7.780861 5.159225 
943825303268596 0.914656 7.025626 5.327919 
943825322177919 -0.026321 7.109375 4.532006 
943825341087294 -1.292722 7.483852 2.749652 
943825359996669 -1.811068 7.589435 1.091725 
943825378906044 -1.968097 7.491030 -0.137587 
943825397815367 -1.576571 6.887740 -0.702593 
943825416724742 -0.487238 6.329913 -0.078963 
943825435634065 0.389133 6.106184 0.877568 
943825454543440 0.897907 6.708278 1.471287 
943825473452815 0.606880 7.894520 2.092523 
943825492362138 0.013161 8.871390 2.206182 
943825511271513 -0.318545 9.989436 2.233700 
943825530180888 -0.267996 10.635798 1.543072 
943825549090210 0.090927 10.754242 1.073779 
943825567999585 0.289831 10.957932 1.505983 
943825586908908 0.544666 11.023734 2.838187 
943825605818283 0.804287 11.084751 4.166801 
943825624727658 0.378365 11.190035 5.395217 
943825643636981 -0.682254 11.418550 4.990530 
943825662546356 -0.872782 11.357533 3.676273 
943825681455679 -0.468096 11.926127 2.289931 
943825700365054 0.147159 11.865110 1.925923 
943825719274429 0.037089 11.253445 3.538387 
943825738183752 -0.751645 10.562817 6.242575 
943825757093127 -1.368096 10.374681 7.031609 
943825776002450 -1.659123 10.565209 5.872585 
943825794911825 -1.589732 10.447961 4.172783 
943825813821148 -1.155135 10.018150 2.761616 
943825832730523 -0.570987 9.601500 1.984846 
943825851639846 -0.204586 9.001799 1.757229 
943825870549221 0.435793 8.117053 1.864906 
943825889458596 0.783949 7.233802 2.091327 
943825908367919 0.585344 6.827919 2.171487 
943825927277294 0.336491 6.539584 1.540679 
943825946186617 0.056231 6.353841 0.691825 
943825965095992 -0.092124 6.238986 0.186640 
943825984005315 0.350848 6.351449 0.106481 
943826002914690 0.789931 6.607780 0.183051 
943826021824013 0.483649 7.109375 0.864407 
943826040733388 0.074178 7.814361 1.806282 
943826059642710 -0.094516 8.720642 1.946262 
943826078552033 -0.325723 10.081560 1.733301 
943826097461408 -0.825823 11.180464 1.807478 
943826116370731 -0.720539 11.893824 1.817050 
943826135280106 -0.456132 12.038589 1.922334 
943826154189429 0.124427 12.187243 2.655136 
943826173098804 0.743271 12.329617 3.754040 
943826192008127 0.239282 12.335599 4.240082 
943826210917502 -0.655932 12.267404 3.049952 
943826229826825 -0.304188 12.458829 0.632004 
943826248736200 0.553041 11.932109 0.996012 
943826267645523 0.716949 10.879866 3.720540 
943826286554846 -0.099302 10.732707 5.348557 
943826305464221 -0.533899 10.899008 4.102195 
943826324373544 -0.040678 11.021341 1.788336 
943826343282919 0.302991 10.787742 0.212961 
943826362192242 0.757627 10.000204 0.811466 
943826381101565 1.280758 8.921639 2.667100 
943826400010940 1.594517 7.893324 4.615755 
943826418920263 1.662713 7.243373 5.277669 
943826437829638 0.823430 7.269694 4.184748 
943826456738960 -0.451346 7.541280 2.422733 
943826475648283 -1.230509 7.706684 0.934995 
943826494557658 -1.523929 7.637292 -0.015553 
943826513466981 -1.430609 7.278069 0.081356 
943826532376356 -0.792323 7.160821 0.716949 
943826551285679 -0.313759 7.385746 1.825425 
943826570195002 0.149551 7.447959 2.360520 
943826589104377 0.716949 8.041678 2.384448 
943826608013700 0.762413 8.672486 1.706980 
943826626923023 0.501595 9.219545 1.012762 
943826645832398 0.341276 9.746265 0.590130 
943826664741721 0.129212 10.123434 0.813859 
943826683651096 -0.126820 10.468300 1.540679 
943826702560419 -0.220140 10.853544 2.446661 
943826721469742 -0.276371 11.022537 3.011666 
943826740379065 -0.445364 11.326426 2.461018 
943826759288440 -1.094118 11.912967 1.336990 
943826778197763 -1.060619 12.305689 0.608076 
943826797107138 -0.304188 12.254243 0.736092 
943826816016460 0.369990 11.333605 2.256432 
943826834925783 -0.039482 10.554441 4.031607 
943826853835158 -1.149153 9.969097 5.184350 
943826872744481 -1.773979 10.025329 4.486542 
943826891653804 -1.167099 9.911670 3.128017 
943826910563179 -0.248854 9.333504 2.609672 
943826929472502 0.264407 8.720642 2.662314 
943826948381825 0.463310 8.299206 2.816651 
943826967291148 0.384347 8.148458 2.609672 
943826986200523 -0.032303 8.649755 2.170290 
943827005109846 -0.804287 8.888140 1.980061 
943827024019169 -0.925424 8.585149 2.091327 
943827042928544 -0.684646 8.028518 1.899602 
943827061837867 -0.112463 7.282855 1.715355 
943827080747190 0.480060 6.874579 1.525125 
943827099656513 1.033101 6.739385 1.112064 
943827118565888 1.037887 7.103393 0.777966 
943827137475210 0.425025 7.936395 0.736092 
943827156384533 -0.082552 8.727820 1.392025 
943827175293908 -0.494417 9.557233 2.195415 
943827194203231 -0.654736 10.038489 1.861317 
943827213112554 -0.474078 10.264611 0.888335 
943827232021877 -0.547059 10.742278 -0.124427 
943827250931252 -0.362812 11.187642 -0.501595 
943827269840575 -0.066999 11.443674 0.481256 
943827288749898 0.375972 11.618649 2.251646 
943827307659221 0.488435 11.487942 4.056732 
943827326568596 -0.281456 11.928520 3.026023 
943827345477919 -0.378365 12.789338 0.307777 
943827364387242 0.781556 12.954443 -0.515952 
943827383296565 0.996012 11.637792 1.586142 
943827402205940 0.422632 10.873883 4.050750 
943827421115263 0.139980 10.222736 5.659624 
943827440024585 0.616451 9.512965 5.198706 
943827458933908 1.438984 8.992228 3.267998 
943827477843231 1.738087 8.870193 1.235295 
943827496752606 1.508376 8.761320 1.381257 
943827515661929 0.864407 8.625827 2.597708 
943827534571252 0.053839 8.638987 3.693023 
943827553480575 -0.897907 8.513364 3.687041 
943827572389898 -1.495215 8.455936 2.517249 
943827591299221 -1.473680 7.905288 1.128814 
943827610208596 -1.273580 7.498209 0.407079 
943827629117919 -0.949352 6.967899 0.444168 
943827648027242 -0.404686 6.484550 1.082154 
943827666936565 0.312562 6.274879 1.746461 
943827685845888 0.779163 7.001399 2.002793 
943827704755210 1.272383 7.802396 1.568196 
943827723664533 1.618445 8.485847 1.189831 
943827742573908 1.193420 9.405289 0.505185 
943827761483231 0.343669 10.362717 0.075374 
943827780392554 -0.282652 11.130215 0.653540 
943827799301877 -0.609272 11.594721 2.181058 
943827818211200 -0.542273 11.872289 3.850949 
943827837120523 -0.265603 11.831611 5.052744 
943827856029846 -0.395115 11.479567 5.652445 
943827874939169 -1.649552 11.413764 4.250849 
943827893848492 -1.430609 11.376676 2.653939 
943827912757867 -0.419043 11.609078 1.576571 
943827931667190 0.196211 10.847563 1.636392 
943827950576513 0.092124 10.222736 2.431108 
943827969485835 -0.384347 9.994222 2.735295 
943827988395158 -0.791127 10.470693 2.592922 
943828007304481 -0.834198 10.698011 2.819044 
943828026213804 -0.629611 10.237094 3.385246 
943828045123127 -0.427418 9.766604 3.823431 
943828064032450 -0.045464 9.305986 3.659523 
943828082941773 0.364008 8.873783 2.900400 
943828101851096 0.506381 8.361420 1.890031 
943828120760471 0.545863 7.774879 1.228116 
943828139669794 0.236889 7.524530 1.264009 
943828158579117 -0.294616 7.418049 1.788336 
943828177488440 -0.663111 7.238587 1.977668 
943828196397763 -0.372383 6.975078 1.720140 
943828215307085 0.336491 6.866205 1.164706 
943828234216408 0.853639 6.996614 0.831805 
943828253125731 0.763610 8.022536 1.180260 
943828272035054 0.107677 8.884550 2.173879 
943828290944377 -0.431007 9.716355 2.685046 
943828309853700 -0.819841 10.477871 2.037488 
943828328763023 -1.163510 11.289337 0.776770 
943828347672346 -1.164706 11.619845 0.020339 
943828366581669 -0.322134 11.508579 0.289831 
943828385490992 0.673879 11.479567 1.464108 
943828404400315 0.851247 11.022537 3.361318 
943828423309638 0.098106 11.022537 4.023232 
943828442218960 -0.291027 12.123834 2.310270 
943828461128283 0.323330 12.874283 2.012364 
943828480037606 0.669093 12.031411 3.720540 
943828498946929 0.329312 11.264213 5.272884 
943828517856252 0.409472 10.785349 5.147261 
943828536765575 0.934995 10.455139 3.990929 
943828555674898 1.326222 9.874580 2.579762 
943828574584221 1.544268 9.305986 2.346163 
943828593493544 1.620838 8.646166 3.148356 
943828612402867 1.618445 7.957930 4.071089 
943828631312190 1.489233 7.220642 4.718646 
943828650221513 1.145564 6.887740 4.735396 
943828669130835 0.196211 7.069894 3.817449 
943828688040158 -0.840180 7.389336 2.682653 
943828706949481 -1.208974 7.392925 1.716551 
943828725858804 -1.152742 7.473084 0.780359 
943828744768127 -0.899103 7.669595 0.171087 
943828763677450 -0.523131 7.740183 0.308973 
943828782586773 -0.043071 8.036893 1.290330 
943828801496096 0.432204 8.477471 2.053042 
943828820405419 0.780359 8.964710 2.169094 
943828839314742 0.266800 9.667302 1.613660 
943828858224065 0.106481 10.259826 1.201795 
943828877133388 0.049053 10.977074 0.570987 
943828896042710 -0.672682 11.893824 0.743271 
943828914952033 -1.108475 12.051750 2.045863 
943828933861356 -0.578166 11.648560 3.087339 
943828952770679 0.373579 11.365908 3.284747 
943828971680002 0.502792 10.866705 3.571886 
943828990589325 -0.114855 10.598709 3.482155 
943829009498648 -1.437787 10.754242 2.956631 
943829028407971 -1.781157 11.124232 2.374876 
943829047317294 -1.535893 11.310873 1.878067 
943829066226617 -0.655932 10.287343 1.782354 
943829085135940 -0.149551 9.522537 1.833799 
943829104045263 -0.166301 8.962317 1.864906 
943829122954585 0.022732 9.123833 1.685444 
943829141863908 -0.072981 9.326325 2.340181 
943829160773231 0.016750 9.010174 3.424727 
943829179682554 0.434596 8.394919 4.184748 
943829198591877 0.347258 8.146066 4.092624 
943829217501200 -0.199801 8.282456 3.313461 
943829236410523 -0.565005 8.172386 2.215754 
943829255319846 -0.423829 7.955537 1.222134 
943829274229169 -0.133998 7.523334 0.905085 
943829293138492 -0.131605 7.083054 1.102493 
943829312047815 -0.364008 6.921239 1.409073 
943829330957085 -0.336491 7.079465 1.416252 
943829349866408 0.000000 7.240981 1.214956 
943829368775731 0.507577 7.581060 1.103689 
943829387685054 0.714557 8.405686 1.479662 
943829406594377 0.185444 9.682856 1.578964 
943829425503700 0.026321 10.369895 1.656731 
943829444413023 0.003589 10.899008 1.449751 
943829463322346 -0.090927 11.138590 1.198206 
943829482231669 -0.112463 11.206785 1.489233 
943829501140992 -0.037089 11.411371 2.405983 
943829520050315 -0.445364 11.490335 4.340580 
943829538959638 -1.241277 11.401800 4.011268 
943829557868908 -0.731306 11.932109 1.538286 
943829576778231 0.350848 12.831212 0.780359 
943829595687554 1.088136 12.511472 2.980560 
943829614596877 1.041476 11.593525 5.074279 
943829633506200 1.084547 11.143375 5.058726 
943829652415523 1.547857 10.577173 3.665505 
943829671324846 1.993221 9.906884 2.337788 
943829690234169 1.805086 9.462716 2.437090 
943829709143492 1.210170 9.350254 3.441477 
943829728052815 0.811466 9.007781 4.652843 
943829746962138 0.614058 8.405686 5.611767 
943829765871408 0.451346 7.762915 5.670392 
943829784780731 -0.076570 7.796414 4.248456 
943829803690054 -0.756431 7.713862 2.631208 
943829822599377 -1.323829 7.850253 1.364507 
943829841508700 -1.693819 7.706684 0.422632 
943829860418023 -1.197010 7.384550 -0.191426 
943829879327346 -0.198604 7.066304 0.278764 
943829898236617 0.292223 7.085447 1.171885 
943829917145940 0.496810 7.601399 2.003989 
943829936055263 0.830609 8.099107 2.358127 
943829954964585 0.605683 8.760123 1.921137 
943829973873908 0.221336 9.247063 1.346561 
943829992783231 -0.114855 9.687641 1.588535 
943830011692502 -0.239282 9.953544 2.669493 
943830030601825 -0.227318 10.185648 3.573082 
943830049511148 -0.100499 10.680065 4.035196 
943830068420471 -0.089731 10.742278 4.036393 
943830087329794 -1.351347 11.097912 3.159124 
943830106239117 -2.208575 11.752647 1.593321 
943830125148388 -2.087738 12.095120 1.139582 
943830144057710 -1.350150 11.472388 1.628017 
943830162967033 -0.885943 10.348360 3.083451 
943830181876356 -1.175474 9.686445 4.089035 
943830200785679 -1.219741 9.503394 4.293920 
943830219694950 -0.630808 9.737891 3.624528 
943830238604273 0.013161 9.697213 3.533601 
943830257513596 0.317348 9.319147 4.108177 
943830276422919 0.271585 9.356236 4.213761 
943830295332190 -0.031107 9.650553 3.303890 
943830314241513 -0.304188 9.527323 2.220539 
943830333150835 -0.251246 9.005388 1.335793 
943830352060158 0.143569 8.130213 0.925424 
943830370969481 0.718146 7.083054 1.133600 
943830389878752 1.065404 6.559923 1.704587 
943830408788075 0.766002 6.382555 2.499303 
943830427697398 0.281456 6.839883 3.072683 
943830446606721 0.010768 7.371389 2.765206 
943830465515992 0.338884 7.773683 1.977668 
943830484425315 1.043869 8.271688 1.485644 
943830503334638 1.101297 8.652147 1.302294 
943830522243908 0.495613 9.237492 1.114457 
943830541153231 0.386740 9.445967 0.850050 
943830560062554 0.128016 10.155738 0.891925 
943830578971877 -0.551845 11.579168 1.448555 
943830597881148 -1.058226 12.530614 2.913561 
943830616790471 -0.721735 11.678470 3.891627 
943830635699794 -0.542273 11.582757 2.057827 
943830654609065 0.602094 11.819647 1.125225 
943830673518388 1.606481 12.156137 3.189034 
943830692427710 1.383650 11.502298 6.361020 
943830711336981 0.764806 11.255837 7.282855 
943830730246304 0.364008 11.273784 5.106583 
943830749155627 0.878764 11.375479 2.589333 
943830768064898 1.193420 11.126625 1.170689 
943830786974221 1.225723 10.634602 1.280758 
943830805883544 0.994816 10.128220 2.799901 
943830824792815 0.752842 9.321540 4.515256 
943830843702138 0.481256 8.238190 5.907580 
943830862611460 0.190229 7.574779 6.018846 
943830881520731 -0.372383 7.505387 4.547559 
943830900430054 -1.080958 7.398907 2.802294 
943830919339325 -1.339383 7.273283 1.610071 
943830938248648 -1.242473 6.910472 1.126421 
943830957157971 -0.848854 6.595816 1.304687 
943830976067242 -0.463310 6.763313 1.472483 
943830994976565 -0.223729 7.403692 1.513161 
943831013885835 -0.039482 7.780861 1.340579 
943831032795158 0.579362 7.945966 1.228116 
943831051704429 0.592523 8.526525 1.027119 
943831070613752 0.389133 9.283255 0.791127 
943831089523075 0.260818 9.958329 1.540679 
943831108432687 0.214158 10.522139 2.613261 
943831127343052 -0.003589 11.079966 3.410371 
943831146252323 0.062213 11.483156 3.745665 
943831165161646 -0.391526 11.248659 3.350550 
943831184070916 -0.956531 11.787343 2.007578 
943831202980239 -0.857229 12.172887 1.153939 
943831221889510 -0.766002 12.207582 2.340181 
943831240798833 -0.495613 11.207981 4.365705 
943831259708104 -0.779163 10.180862 5.421538 
943831278617427 -1.101297 9.527323 5.609375 
943831297526698 -0.636790 9.827921 3.998107 
943831316436021 0.275175 9.715159 2.490928 
943831335345291 0.605683 9.289237 2.443072 
943831354254614 0.310170 9.103494 2.731706 
943831373163885 0.112463 8.938389 2.817848 
943831392073208 -0.035892 8.689237 2.341377 
943831410982479 -0.538684 8.600702 1.797907 
943831429891802 -0.532702 8.130213 1.370489 
943831448801073 0.114855 7.194320 1.483251 
943831467710396 0.781556 6.289235 1.805086 
943831486619666 0.670289 6.255736 2.177469 
943831505528989 0.118445 6.967899 2.011168 
943831524438260 0.325723 7.670791 1.545464 
943831543347531 0.649950 7.977073 1.939084 
943831562256854 0.354437 8.679665 2.640779 
943831581166125 -0.004786 9.359825 2.866901 
943831600075448 0.076570 9.514162 1.826621 
943831618984718 0.160319 10.007382 0.761217 
943831637894041 -0.305384 10.723136 0.178265 
943831656803312 -0.633201 11.393425 0.487238 
943831675712583 -0.637986 11.880664 1.474876 
943831694621906 -1.067797 11.664113 2.925525 
943831713531177 -1.242473 11.288141 2.108077 
943831732440448 -0.314955 11.538490 0.679861 
943831751349771 0.229711 11.813664 1.820639 
943831770259041 0.509970 11.508579 4.894818 
943831789168364 0.283849 11.358729 7.098608 
943831808077635 0.084945 11.404193 6.589834 
943831826986958 0.798305 11.543276 3.791128 
943831845896229 1.429412 11.070394 1.933102 
943831864805500 1.829014 10.292129 1.047458 
943831883714823 1.584946 9.225528 2.386841 
943831902624093 0.682254 8.672486 5.006084 
943831921533364 0.148355 8.039286 6.402894 
943831940442687 -0.022732 7.379764 6.513263 
943831959351958 -0.447757 7.310372 4.951049 
943831978261281 -1.045065 7.351050 3.021238 
943831997170552 -1.272383 7.304390 1.389632 
943832016079823 -0.946960 7.130910 0.081356 
943832034989146 -0.317348 6.948757 -0.402293 
943832053898416 0.241675 6.729814 0.439382 
943832072807687 0.672682 6.504889 1.011566 
943832091717010 1.124028 6.616155 1.308276 
943832110626281 0.379561 7.951948 1.922334 
943832129535552 -0.061017 9.365807 2.310270 
943832148444823 0.093320 9.552447 2.019542 
943832167354146 0.397508 9.294023 2.190629 
943832186263416 0.028714 9.272487 3.073880 
943832205172739 -0.452543 9.685248 2.899204 
943832224082010 -0.117248 10.996217 3.148356 
943832242991281 -0.203390 11.100305 3.238087 
943832261900552 -0.761217 11.211571 4.287938 
943832280809875 -2.853740 11.922538 5.076673 
943832299719146 -3.449852 12.862319 3.813860 
943832318628416 -1.763211 12.646965 3.387639 
943832337537739 0.664307 10.483853 3.376871 
943832356447010 2.656332 9.050852 3.761218 
943832375356281 2.704189 8.625827 4.090231 
943832394265604 2.267200 8.679665 3.244069 
943832413174875 2.354537 9.073584 3.567100 
943832432084146 1.602892 9.020942 5.300401 
943832450993416 0.446561 8.448758 7.233802 
943832469902739 -0.375972 8.231010 7.688737 
943832488812010 -1.029512 8.718249 6.748956 
943832507721281 -1.134796 9.221938 4.777569 
943832526630604 -0.494417 8.819944 3.570690 
943832545539875 -0.056231 8.016554 2.848954 
943832564449146 0.125623 7.239784 2.626422 
943832583358416 0.008375 6.751349 2.844169 
943832602267739 -0.332901 6.672386 2.767598 
943832621177010 -0.483649 7.109375 2.780759 
943832640086281 -0.265603 7.270891 2.452643 
943832658995552 -0.141177 8.094321 1.747658 
943832677904875 -0.372383 9.018549 1.254437 
943832696814146 -0.828216 10.028918 1.428216 
943832715723416 -1.441377 10.833205 2.206182 
943832734632687 -2.090131 11.024930 2.523232 
943832753542010 -1.442573 11.017752 2.713760 
943832772451281 0.113659 11.375479 3.704987 
943832791360552 0.812662 11.653345 5.007280 
943832810269823 0.378365 12.081960 5.106583 
943832829179146 -0.530309 12.133406 3.172285 
943832848088416 -1.047458 12.664911 1.911566 
943832866997687 -0.897907 11.816057 2.564209 
943832885906958 0.076570 10.088738 3.257230 
943832904816281 1.110868 8.830712 3.762414 
943832923725552 1.911566 7.981858 4.374080 
943832942634823 2.411965 7.464709 3.978965 
943832961544093 2.637190 7.266105 3.275176 
943832980453364 2.440679 7.413264 3.092125 
943832999362687 1.715355 7.931609 3.362514 
943833018271958 0.661915 8.059625 3.390032 
943833037181229 -0.129212 7.902895 3.352943 
943833056090500 -0.962513 7.930412 3.034398 
943833074999771 -1.689034 7.907681 2.376073 
943833093909093 -1.901995 7.729415 1.657927 
943833112818364 -1.522732 7.030412 1.672284 
943833131727635 -0.586541 6.685546 2.895614 
943833150636906 -0.021535 7.057930 4.135695 
943833169546177 0.395115 7.212266 4.862514 
943833188455500 0.810270 7.838289 4.752146 
943833207364771 0.844068 8.831908 4.049553 
943833226274041 0.602094 9.315557 3.142374 
943833245183312 0.088534 10.174880 2.433501 
943833264092583 -0.734896 11.100305 1.600499 
943833283001854 -0.550648 11.291730 1.795514 
943833301911125 0.475274 10.957932 3.061916 
943833320820448 0.900300 10.701600 4.699504 
943833339729718 0.667897 10.259826 6.508478 
943833358638989 -0.232104 9.941580 7.279265 
943833377548260 -2.033899 10.530514 5.988936 
943833396457531 -2.785545 10.773385 4.587041 
943833415366802 -1.433002 11.259427 3.876074 
943833434276073 0.421436 10.513763 4.127320 
943833453185396 0.897907 9.154940 4.758128 
943833472094666 0.027517 8.708678 5.204689 
943833491003937 -1.212563 9.037691 5.074279 
943833509913208 -1.398007 9.322736 4.842176 
943833528822479 -0.809073 9.023335 5.169992 
943833547731750 -0.428614 8.660522 5.131707 
943833566641021 -0.476471 8.405686 5.257330 
943833585550291 -0.349651 8.210671 4.842176 
943833604459562 -0.049053 8.133802 4.013661 
943833623368833 0.126820 7.796414 3.466602 
943833642278156 0.064606 7.458727 3.016452 
943833661187427 -0.612862 7.558030 2.585744 
943833680096698 -1.235295 7.274480 2.382055 
943833699005968 -0.961317 7.116554 1.912763 
943833717915239 -0.189033 7.260123 1.447359 
943833736824510 0.675075 7.158428 1.458126 
943833755733781 1.197010 7.185946 1.992025 
943833774643052 1.836192 7.526923 1.936691 
943833793552323 2.094916 8.266903 2.102095 
943833812461593 1.122832 9.386146 2.592922 
943833831370864 0.003589 9.994222 2.844169 
943833850280135 -0.567398 10.824831 2.708974 
943833869189406 -0.752842 11.332408 2.866901 
943833888098677 -0.250050 11.291730 3.967001 
943833907007948 0.700200 11.034502 5.664410 
943833925917218 1.492822 10.736296 7.244570 
943833944826489 0.612862 11.319247 6.264111 
943833963735760 -0.312562 11.741879 4.615755 
943833982645031 0.116052 11.661720 4.852943 
943834001554302 0.401097 10.806885 6.201897 
943834020463573 -0.513560 10.430015 6.426823 
943834039372843 -1.140778 10.361520 5.027619 
943834058282114 -0.294616 9.776176 4.106981 
943834077191385 0.598505 8.904889 4.271188 
943834096100656 0.579362 8.022536 5.214260 
943834115009927 0.398704 7.170392 6.177969 
943834133919198 0.867996 6.525228 5.867799 
943834152828468 1.176671 6.559923 4.595416 
943834171737739 0.758824 6.731010 3.110071 
943834190647010 -0.209372 6.926025 2.374876 
943834209556281 -1.395614 7.334301 1.999203 
943834228465552 -2.003989 7.306783 1.940280 
943834247374823 -1.525125 6.829116 1.947459 
943834266284093 -0.757627 6.669993 2.417947 
943834285193364 -0.907478 7.098608 2.957828 
943834304102635 -1.429412 7.963912 3.303890 
943834323011906 -1.296312 8.715857 3.474977 
943834341921177 -0.842872 9.271291 3.635296 
943834360830448 -0.576969 9.388538 3.465405 
943834379739718 -0.611665 9.401699 3.189034 
943834398648989 -0.952942 10.127024 3.162713 
943834417558260 -1.322633 10.441978 3.235694 
943834436467479 -1.407877 10.592727 3.313461 
943834455376750 -0.919442 10.573585 3.570690 
943834474286021 -0.903889 10.823634 3.287140 
943834493195291 -1.297508 10.853544 3.157928 
943834512104562 -1.315454 11.328819 3.715755 
943834531013833 -1.739283 11.428121 4.941478 
943834549923104 -2.275574 10.828420 6.138487 
943834568832375 -2.365305 10.269397 7.561619 
943834587741646 -2.608476 9.534501 8.619844 
943834606650916 -2.729313 8.937193 8.459525 
943834625560187 -2.298306 8.829515 7.534101 
943834644469458 -1.570589 8.473883 6.418447 
943834663378677 -0.605683 8.211868 5.713462 
943834682287948 -0.075374 8.260921 5.385645 
943834701197218 0.271585 8.003393 4.833801 
943834720106489 0.769592 7.920841 4.079463 
943834739015760 0.713360 7.566404 3.531208 
943834757925031 0.081356 7.280462 2.783152 
943834776834302 -0.482453 7.236195 2.356930 
943834795743573 -0.869193 7.425228 2.017149 
943834814652791 -1.118046 7.473084 1.697409 
943834833562062 -0.374776 7.120143 1.691427 
943834852471333 1.029512 6.674779 1.799103 
943834871380604 2.132005 6.622137 1.838585 
943834890289875 2.182254 7.169196 1.684248 
943834909199146 0.967299 8.510971 0.978066 
943834928108416 0.089731 9.672089 0.608076 
943834947017687 0.423829 10.073185 -0.149551 
943834965926906 0.821037 10.257433 1.060619 
943834984836177 1.037887 10.707582 1.345365 
943835003745448 1.023530 11.367104 1.519143 
943835022654718 1.061815 11.997911 2.453840 
943835041563989 0.276371 11.928520 3.209373 
943835060473260 -0.374776 12.543775 2.450250 
943835079382479 -0.342473 12.998710 1.726122 
943835098291750 0.069392 12.728321 2.429911 
943835117201021 0.694218 11.871092 4.802694 
943835136110291 1.689034 10.430015 5.779265 
943835155019562 2.356930 9.755837 5.693123 
943835173928833 2.441875 9.906884 4.386044 
943835192838052 1.687837 10.095917 3.652345 
943835211747323 1.023530 9.739087 3.437888 
943835230656593 0.860818 9.220742 4.162016 
943835249565864 0.860818 8.557631 4.454239 
943835268475135 0.894317 7.780861 4.073482 
943835287384354 0.961317 7.078269 2.926721 
943835306293625 0.850050 6.851848 2.452643 
943835325202896 0.204586 6.652047 2.437090 
943835344112166 -1.001994 6.988238 2.067399 
943835363021437 -2.063810 7.267302 1.244866 
943835381930656 -1.766800 7.476674 0.830609 
943835400839927 -0.685843 7.377371 0.660718 
943835419749198 0.523131 6.801599 1.212563 
943835438658468 1.515554 6.906883 1.724926 
943835457567687 1.413859 7.838289 1.764408 
943835476476958 0.474078 8.627023 1.980061 
943835495386229 -0.143569 9.798908 1.778764 
943835514295500 -0.920639 11.272588 1.177867 
943835533204718 -1.198206 11.695220 0.764806 
943835552113989 0.065803 10.778171 1.161117 
943835571023260 1.885245 10.580763 1.858924 
943835589932531 2.309074 10.916954 3.679862 
943835608841750 0.175872 11.223535 5.597410 
943835627751021 -2.451447 11.555240 5.847460 
943835646660291 -2.767598 11.780165 5.390431 
943835665569510 -1.750051 11.869896 4.992924 
943835684478781 -0.768395 10.672886 5.360521 
943835703388052 -0.658325 10.425229 4.940281 
943835722297323 -0.934995 10.173684 4.042375 
943835741206541 -0.795913 9.633803 4.314259 
943835760115812 -0.044267 9.300004 4.549952 
943835779025083 0.958924 8.550452 4.808676 
943835797934302 1.326222 8.023732 4.532006 
943835816843573 1.298705 8.060822 4.026822 
943835835752843 1.284348 7.934001 3.722933 
943835854662062 0.988834 8.270493 2.986542 
943835873571333 0.160319 8.332705 1.896013 
943835892480604 -0.349651 7.662416 1.629213 
943835911389823 -0.324527 7.140482 1.824228 
943835930299093 -0.015553 6.908079 2.374876 
943835949208364 0.457328 6.474978 2.856133 
943835968117583 1.371686 6.187540 2.760420 
943835987026854 2.167897 6.435197 2.322234 
943836005936125 2.546263 6.943971 2.457429 
943836024845343 2.082952 8.101500 2.163112 
943836043754614 1.167099 9.367003 1.619642 
943836062663833 0.223729 10.676476 1.157528 
943836081573104 -0.195015 11.458032 1.412663 
943836100482375 0.074178 11.522937 2.349752 
943836119391593 0.126820 11.331212 4.100999 
943836138300864 0.354437 10.827224 5.740980 
943836157210135 1.003191 10.414461 6.451947 
943836176119354 1.375275 10.623834 5.859425 
943836195028625 0.690628 12.337992 2.439483 
943836213937843 0.611665 13.538590 1.106082 
943836232847114 1.444966 13.123137 2.588137 
943836251756333 1.960619 11.422139 5.542376 
943836270665604 1.474876 9.972687 7.202695 
943836289574875 1.350150 9.457931 6.637690 
943836308484093 2.013560 9.298808 4.197908 
943836327393364 2.670689 8.699107 2.756831 
943836346302635 2.894418 7.967501 2.633600 
943836365211854 2.936292 7.171588 3.009274 
943836384121125 2.775973 6.571887 3.330211 
943836403030343 2.085345 6.292824 3.871288 
943836421939614 0.824627 6.474978 3.684648 
943836440848885 -0.483649 6.977471 2.863311 
943836459758104 -1.543072 7.471888 2.374876 
943836478667375 -1.876870 7.428817 2.249253 
943836497576593 -1.593321 7.514958 2.341377 
943836516485864 -0.958924 7.609774 2.945864 
943836535395083 0.114855 7.428817 2.697010 
943836554304354 1.076172 7.437192 2.388037 
943836573213573 1.484447 7.904091 2.130809 
943836592122843 1.410270 8.494222 2.496910 
943836611032114 0.909871 9.442377 2.463411 
943836629941333 0.142373 10.552049 1.856531 
943836648850604 -0.200997 10.854741 1.359721 
943836667759823 0.470489 11.119447 1.440180 
943836686669093 1.368096 11.531311 2.268396 
943836705578312 1.522732 11.359925 2.729313 
943836724487583 1.939084 11.135000 3.202195 
943836743396802 1.555036 11.744272 3.088536 
943836762306073 0.247657 11.905788 2.729313 
943836781215291 -0.767199 11.975180 3.147160 
943836800124562 -1.259223 12.200404 3.819842 
943836819033781 -1.721337 11.895020 5.284848 
943836837943052 -2.377269 11.006984 6.194719 
943836856852271 -2.127219 10.268200 5.889335 
943836875761541 -1.347757 9.387342 4.480560 
943836894670760 -0.452543 8.804391 3.252444 
943836913580031 0.183051 8.294420 2.638386 
943836932489250 0.743271 7.669595 2.350948 
943836951398521 1.043869 7.317551 2.204986 
943836970307739 0.708575 7.370193 2.305485 
943836989217010 0.273978 7.616953 2.065006 
943837008126229 0.032303 7.668398 1.946262 
943837027035500 -0.562612 7.896913 1.866103 
943837045944718 -1.021137 7.887341 1.411466 
943837064853989 -1.009173 7.633702 0.942174 
943837083763208 -0.190229 7.129714 0.917049 
943837102672479 0.626022 6.869794 1.653141 
943837121581698 1.019941 6.824330 1.884049 
943837140490968 1.322633 7.006185 2.158326 
943837159400187 1.691427 7.510173 2.508875 
943837178309458 1.715355 8.633005 2.181058 
943837197218677 1.234098 9.721141 1.505983 
943837216127896 0.725324 10.668100 0.688236 
943837235037166 0.523131 11.363515 0.360419 
943837253946385 -0.364008 12.270992 1.352543 
943837272855656 -1.043869 12.494721 2.923132 
943837291764875 -0.381954 12.255440 3.921537 
943837310674146 0.647558 12.061321 4.462614 
943837329583364 0.798305 12.404991 4.370491 
943837348492635 -0.356830 13.178171 1.960619 
943837367401854 -0.230907 13.228720 0.149551 
943837386311073 0.451346 12.400206 1.296312 
943837405220343 0.730110 11.068001 4.748557 
943837424129562 0.557827 10.452746 6.349056 
943837443038833 0.987638 9.879367 5.173582 
943837461948052 1.838585 9.346664 3.151946 
943837480857323 2.411965 8.827123 2.273181 
943837499766541 1.937887 8.398508 2.698207 
943837518675760 1.596910 7.856235 3.294319 
943837537585031 1.252044 7.106982 3.834199 
943837556494250 0.505185 6.640083 3.628117 
943837575403521 -0.003589 6.784849 2.631208 
943837594312739 -0.593719 6.995417 1.003191 
943837613221958 -1.516750 7.467102 0.264407 
943837632131229 -2.090131 7.583453 -0.053839 
943837651040448 -2.153540 7.403692 0.087338 
943837669949718 -1.762015 7.343872 0.694218 
943837688858937 -1.247259 7.538887 1.267598 
943837707768156 -0.584148 7.857431 1.754836 
943837726677427 -0.215354 8.750552 1.845764 
943837745586646 -0.226122 9.451948 2.009971 
943837764495916 -0.379561 10.018150 1.516750 
943837783405135 -0.829412 10.640583 1.060619 
943837802314354 -0.929013 11.259427 1.485644 
943837821223625 -0.093320 10.951949 2.427519 
943837840132843 0.632004 10.854741 3.551547 
943837859042114 0.532702 10.849956 5.873781 
943837877951333 -0.026321 10.419247 7.098608 
943837896860552 -0.944567 11.486745 5.825925 
943837915769823 -1.551446 12.166905 4.619344 
943837934679041 -1.782354 12.961621 5.001298 
943837953588260 -1.868495 11.582757 6.473782 
943837972497531 -1.844567 10.761421 6.650851 
943837991406750 -1.490429 9.882956 5.459823 
943838010315968 -0.919442 9.656535 4.151248 
943838029225239 -0.503988 9.497412 3.812664 
943838048134458 0.257228 8.518149 4.346562 
943838067043677 1.228116 7.477870 4.682754 
943838085952948 1.592124 7.469495 3.728915 
943838104862166 1.767997 7.190731 2.622833 
943838123771385 1.179063 7.272087 1.678266 
943838142680656 -0.175872 7.725826 0.645165 
943838161589875 -1.310669 8.039286 0.518345 
943838180499093 -1.447359 7.613363 0.732503 
943838199408364 -0.960120 7.016055 1.356132 
943838218317583 -0.532702 6.754938 1.934298 
943838237226802 0.025125 6.978667 2.590530 
943838256136073 0.885943 6.544370 2.694618 
943838275045291 1.383650 6.910472 2.677868 
943838293954510 0.488435 8.540881 2.422733 
943838312863781 -0.489631 9.814461 2.262414 
943838331773000 -0.923031 10.808081 1.188635 
943838350682218 -0.743271 11.150554 0.721735 
943838369591437 -0.559023 11.307283 1.140778 
943838388500708 -0.506381 11.661720 2.116452 
943838407409927 -0.010768 11.944074 3.329015 
943838426319146 0.275175 12.282957 4.271188 
943838445228416 0.101695 12.908979 4.967799 
943838464137635 0.092124 13.086048 4.707879 
943838483046854 -0.248854 13.176975 2.013560 
943838501956073 -0.414257 13.189239 -0.247657 
943838520865343 0.172283 12.203994 1.405484 
943838539774562 0.636790 10.269397 5.046762 
943838558683781 0.258425 9.223135 6.997810 
943838577593052 0.565005 8.819944 6.168398 
943838596502271 1.201795 9.026923 3.749254 
943838615411489 0.967299 9.024530 1.995614 
943838634320708 1.098904 8.300403 1.857728 
943838653229979 1.176671 7.475477 2.895614 
943838672139198 1.060619 6.617351 4.383651 
943838691048416 1.363311 6.195915 4.541577 
943838709957635 1.109671 6.113363 3.081058 
943838728866906 0.356830 6.034400 1.736890 
943838747776125 -0.063410 6.154041 0.702593 
943838766685343 -0.311366 6.474978 0.015553 
943838785594562 -0.531506 6.280860 0.556630 
943838804503781 -0.456132 6.459424 2.264807 
943838823413052 0.046660 7.049555 3.882056 
943838842322271 0.460917 8.018947 4.092624 
943838861231489 0.812662 9.132208 3.415156 
943838880140708 0.448953 9.730712 2.627618 
943838899049927 0.264407 9.820743 1.904388 
943838917959198 0.550648 9.648160 2.191826 
943838936868416 0.852443 9.717552 3.620939 
943838955777635 0.731306 9.957133 4.770391 
943838974686854 0.234497 10.493424 4.532006 
943838993596073 -0.541077 11.084751 4.371687 
943839012505291 -0.487238 11.162518 4.832604 
943839031414562 -0.131605 11.727523 5.065905 
943839050323781 -2.203790 12.058928 4.858925 
943839069233000 -3.696612 12.905390 5.191528 
943839088142218 -3.293122 11.643774 5.923133 
943839107051437 -2.214557 8.928818 6.606583 
943839125960656 0.003589 9.089137 6.855437 
943839144869927 0.410668 8.466703 6.140880 
943839163779146 -0.020339 8.654540 5.475377 
943839182688364 -0.369990 9.638589 4.643272 
943839201597583 -0.126820 9.013762 3.075076 
943839220506802 0.665504 8.598310 3.087339 
943839239416021 0.323330 8.342277 4.362116 
943839258325239 -0.294616 7.798807 6.247361 
943839277234458 0.095713 7.525726 5.550750 
943839296143677 0.375972 7.319943 3.850949 
943839315052896 0.750449 6.750153 1.968097 
943839333962114 1.390828 6.212665 0.421436 
943839352871333 1.843371 5.633303 -0.381954 
943839371780604 1.635195 5.623732 0.409472 
943839390689823 0.794716 6.680761 2.030310 
943839409599041 -0.353240 7.968698 3.969394 
943839428508260 -0.804287 8.554042 3.799503 
943839447417479 -0.205783 9.435199 2.615654 
943839466326698 0.374776 10.109077 1.779961 
943839485235916 0.328116 10.562817 2.398805 
943839504145135 -0.387936 11.131411 3.258426 
943839523054354 -1.553839 12.184851 4.188337 
943839541963573 -1.984846 12.680465 5.380860 
943839560872791 -1.268794 12.419348 5.658427 
943839579782010 -0.587737 11.989537 4.749753 
943839598691229 -0.313759 11.684452 2.825026 
943839617600448 0.200997 11.908181 1.794318 
943839636509666 0.226122 11.774183 2.374876 
943839655418885 -0.076570 10.834402 3.737290 
943839674328104 -0.673879 10.463514 4.023232 
943839693237323 -0.771984 10.207183 3.396013 
943839712146541 -1.011566 10.252646 2.516053 
943839731055760 -1.723730 10.250254 2.368894 
943839749964979 -1.722533 9.524930 2.898007 
943839768874198 -1.053440 8.509774 3.369693 
943839787783416 -0.324527 7.506584 3.862913 
943839806692635 0.273978 6.757331 4.078267 
943839825601854 0.282652 6.341877 3.840181 
943839844511073 -0.195015 6.110970 3.308676 
943839863420239 -0.813859 6.246164 2.514857 
943839882329458 -1.280758 6.443572 1.758426 
943839901238677 -1.435395 6.638886 1.325026 
943839920147896 -1.073779 6.689136 1.583750 
943839939057114 -0.585344 7.157232 1.971686 
943839957966333 -0.450150 8.125427 2.167897 
943839976875552 -0.380758 8.593523 1.998007 
943839995784771 -0.256032 9.121440 1.516750 
943840014693989 -0.593719 10.046865 0.907478 
943840033603208 -1.009173 11.181661 0.666700 
943840052512427 -1.139582 11.871092 0.815055 
943840071421593 -0.715753 11.834003 2.006382 
943840090330812 -0.393918 11.714362 3.679862 
943840109240031 -0.183051 11.480763 5.006084 
943840128149250 -0.200997 11.160125 4.970192 
943840147058468 -0.929013 11.338390 3.263212 
943840165967687 -1.484447 11.776576 2.942275 
943840184876906 -1.443769 11.185249 4.402794 
943840203786125 -0.911067 10.146166 5.787640 
943840222695291 -1.023530 9.625428 5.944669 
943840241604510 -1.287937 9.716355 4.742575 
943840260513729 -1.412663 10.203594 3.468995 
943840279422948 -0.979263 9.687641 3.381657 
943840298332166 -0.544666 8.611469 3.935894 
943840317241333 -0.368794 7.939984 4.197908 
943840336150552 -0.532702 7.786843 4.007679 
943840355059771 -0.332901 7.398907 3.413960 
943840373968989 0.160319 7.086643 2.493321 
943840392878208 0.377169 6.716653 1.782354 
943840411787427 0.133998 6.648458 1.277169 
943840430696593 -0.523131 6.841080 1.402792 
943840449605812 -0.903889 6.984649 1.913959 
943840468515031 -0.760020 7.098608 2.563012 
943840487424250 -0.415454 7.464709 2.698207 
943840506333416 -0.271585 8.418847 2.688635 
943840525242635 -0.347258 9.380164 2.551048 
943840544151854 -0.095713 9.578768 1.900798 
943840563061073 0.634397 9.662517 1.054637 
943840581970291 0.952942 10.270593 0.470489 
943840600879458 1.001994 10.954342 0.591326 
943840619788677 1.072583 11.585150 1.781157 
943840638697896 1.147957 11.976377 3.071487 
943840657607114 1.185045 12.419348 4.292724 
943840676516281 1.145564 12.159726 5.617749 
943840695425500 0.013161 11.877074 5.150850 
943840714334718 0.023928 11.985948 4.529613 
943840733243885 0.719342 11.248659 6.100202 
943840752153104 0.725324 10.316056 7.716255 
943840771062323 -0.283849 9.836296 8.271688 
943840789971489 -0.746860 10.050453 6.449554 
943840808880708 -0.432204 9.827921 4.480560 
943840827789927 -0.287438 8.941978 3.824628 
943840846699093 -0.494417 8.325527 4.067499 
943840865608312 -0.798305 8.165208 4.089035 
943840884517531 -0.451346 7.559226 3.587439 
943840903426698 0.013161 6.817152 3.088536 
943840922335916 -0.195015 6.405287 2.429911 
943840941245135 -1.109671 6.435197 1.892424 
943840960154302 -1.943869 6.655636 1.655534 
943840979063521 -2.628815 7.087840 2.115255 
943840997972739 -2.699403 6.975078 2.121237 
943841016881906 -2.224129 7.270891 1.675873 
943841035791125 -1.398007 7.662416 1.744069 
943841054700343 -0.728914 7.679166 2.024328 
943841073609510 -0.458525 8.410473 2.158326 
943841092518729 -0.923031 9.743873 2.044667 
943841111427896 -1.470090 10.558031 1.720140 
943841130337114 -1.589732 10.959127 1.709373 
943841149246333 -1.394417 10.759027 2.495714 
943841168155500 -1.124028 10.682458 3.569493 
943841187064718 -0.915853 11.178071 3.980161 
943841205973885 -1.407877 11.454442 2.555834 
943841224883104 -1.377668 11.321640 1.340579 
943841243792271 -1.101297 11.450852 1.485644 
943841262701489 -1.484447 11.273784 3.534797 
943841281610708 -1.875674 10.754242 5.113761 
943841300519875 -2.342573 10.403694 5.501698 
943841319429093 -2.911168 10.836795 5.421538 
943841338338260 -3.161517 10.634602 5.511269 
943841357247479 -2.736492 9.879367 5.388038 
943841376156646 -2.417947 9.260523 4.614559 
943841395065864 -2.170290 8.776874 3.521637 
943841413975031 -1.460519 8.472686 2.600101 
943841432884250 -0.562612 7.899306 2.161915 
943841451793416 0.541077 6.979864 1.972882 
943841470702635 1.299901 6.028418 1.899602 
943841489611802 1.669891 5.475377 1.843371 
943841508521021 1.260419 5.616553 1.662713 
943841527430187 0.565005 6.137291 2.142773 
943841546339406 0.200997 6.591030 2.699403 
943841565248573 0.624826 7.067501 2.615654 
943841584157791 1.299901 7.798807 2.487339 
943841603066958 1.371686 8.551649 3.102893 
943841621976177 1.287937 9.034101 3.762414 
943841640885343 1.173081 9.690035 3.732504 
943841659794562 0.597308 10.626226 2.911168 
943841678703729 0.181855 11.166107 2.301895 
943841697612948 -0.010768 11.722737 1.905584 
943841716522114 0.295813 12.126227 2.164308 
943841735431333 0.785145 11.897413 3.877270 
943841754340500 0.895514 11.700006 4.329813 
943841773249666 0.871586 11.947662 3.189034 
943841792158885 1.372882 12.202797 3.661916 
943841811068052 1.277169 11.841182 5.996114 
943841829977218 0.422632 11.379068 7.305587 
943841848886437 -0.244068 11.239088 6.602994 
943841867795604 -0.003589 10.996217 5.020441 
943841886704823 0.592523 9.997811 3.977769 
943841905613989 1.013959 8.874979 3.648755 
943841924523208 1.440180 7.937591 3.968197 
943841943432375 1.482054 7.396514 4.593023 
943841962341541 1.305883 6.880561 4.677969 
943841981250760 0.614058 6.742974 4.265206 
943842000159927 -0.228515 6.796813 3.522833 
943842019069146 -0.643968 6.668797 2.864508 
943842037978312 -0.912264 6.607780 2.291128 
943842056887479 -1.341775 6.800402 2.087738 
943842075796698 -1.607678 7.054340 2.030310 
943842094705864 -1.141975 6.983453 2.445465 
943842113615031 -0.155533 6.801599 2.853740 
943842132524250 0.495613 7.260123 3.058326 
943842151433416 0.615255 7.814361 2.673082 
943842170342583 0.165105 8.685647 1.429412 
943842189251802 -0.787538 9.577572 0.960120 
943842208160968 -1.316651 9.989436 1.352543 
943842227070135 -1.274776 10.081560 1.966900 
943842245979302 -1.070190 10.136595 3.054737 
943842264888521 -0.884746 10.803295 3.957430 
943842283797687 -0.536291 11.334801 4.382455 
943842302706854 -1.319044 11.671291 4.576273 
943842321616073 -3.087339 11.948859 3.631706 
943842340525239 -3.454638 12.582060 3.015256 
943842359434406 -3.032005 12.663714 2.893222 
943842378343573 -1.795514 11.683255 3.598207 
943842397252791 -0.972084 10.812866 3.922734 
943842416161958 -0.343669 9.663713 3.390032 
943842435071125 0.505185 9.041281 2.945864 
943842453980343 0.676271 8.864211 3.551547 
943842472889510 0.063410 8.910872 4.644469 
943842491798677 -0.565005 8.737391 5.562715 
943842510707843 -0.895514 8.655737 4.961817 
943842529617010 -0.537488 8.654540 3.607778 
943842548526229 0.226122 8.391330 2.537888 
943842567435396 0.628415 8.054839 1.773979 
943842586344562 0.590130 7.640881 1.438984 
943842605253729 0.503988 6.861419 1.875674 
943842624162948 0.336491 6.374180 2.948256 
943842643072114 0.486042 5.903991 3.162713 
943842661981281 0.821037 5.839086 2.592922 
943842680890448 1.153939 6.451947 2.337788 
943842699799666 0.872782 7.072287 2.647957 
943842718708833 0.335294 7.875378 2.298306 
943842737618000 -0.675075 8.825927 1.753640 
943842756527166 -0.858425 9.153743 1.969293 
943842775436333 -0.104088 9.916455 2.838187 
943842794345500 0.387936 10.481461 4.093821 
943842813254718 0.653540 10.247861 6.979864 
943842832163885 0.875175 10.201201 9.288040 
943842851073052 -0.220140 10.619048 7.229016 
943842869982218 -1.334597 12.446865 3.740879 
943842888891385 -1.348954 13.814064 3.513262 
943842907800552 0.341276 12.147762 6.640083 
943842926709718 1.193420 10.455139 8.372188 
943842945618885 1.159921 9.581161 8.470293 
943842964528104 0.923031 9.946365 7.707880 
943842983437271 0.883550 9.528519 6.477371 
943843002346437 1.311865 8.489435 6.113363 
943843021255604 1.557428 7.765308 5.968597 
943843040164771 1.520340 7.759326 4.557131 
943843059073937 1.297508 7.146464 3.512065 
943843077983104 1.104886 7.089036 3.006881 
943843096892271 0.431007 7.135696 3.369693 
943843115801437 -0.433400 7.316354 3.406781 
943843134710604 -0.887139 7.303194 3.360121 
943843153619823 -1.045065 7.392925 3.336193 
943843172528989 -1.170689 7.594221 3.301497 
943843191438156 -0.992423 7.090232 2.948256 
943843210347323 -0.568594 7.209874 3.190231 
943843229256489 0.464507 7.602596 3.339782 
943843248165656 1.060619 7.613363 3.489334 
943843267074823 0.903889 7.874181 3.824628 
943843285983989 0.701396 7.999804 4.252046 
943843304893156 0.477667 8.021339 4.912764 
943843323802323 -0.189033 8.412866 6.065506 
943843342711489 -1.102493 8.818748 7.318747 
943843361620656 -1.383650 8.956335 7.422835 
943843380529823 -1.061815 9.459127 6.122934 
943843399438989 -0.198604 10.107881 4.278367 
