# Created at Wed Jun 05 17:07:29 GMT+03:00 2024 in Burnaby Canada 
943801567390419 -9.600000 -43.743752 14.043751 
943801587390419 -9.675000 -43.612503 14.043751 
943801607390419 -9.337501 -43.556252 14.137501 
943801627390419 -9.318750 -43.518753 14.550000 
943801647390419 -9.618751 -43.350002 14.606251 
943801667390419 -9.825001 -43.218750 14.718751 
943801687390419 -9.825001 -43.425003 14.681251 
943801707390419 -9.712501 -43.387501 14.531251 
943801727390419 -9.600000 -43.312500 14.512501 
943801747390419 -9.525001 -43.237503 14.775001 
943801767390419 -9.806251 -43.031250 14.868751 
943801787390419 -9.900001 -42.900002 14.643750 
943801807390419 -9.900001 -43.162502 14.625001 
943801827390419 -10.106251 -43.031250 14.212501 
943801847390419 -10.125000 -42.656250 14.212501 
943801867390419 -10.462501 -42.750000 14.156251 
943801887390419 -10.706250 -42.843750 13.968751 
943801907390419 -10.856251 -42.993752 13.650001 
943801927390419 -10.706250 -43.106251 13.631250 
943801947390419 -10.743751 -43.237503 13.575001 
943801967390419 -10.612500 -43.050003 13.650001 
943801987390419 -10.425000 -43.031250 13.725000 
943802007390419 -10.481251 -43.331253 13.743751 
943802027390419 -10.275001 -43.368752 13.743751 
943802047390419 -10.106251 -43.368752 13.781251 
943802067390419 -10.050000 -43.331253 13.781251 
943802087390419 -10.237500 -43.256252 13.762501 
943802107390419 -10.237500 -43.162502 13.762501 
943802127390419 -10.050000 -42.975002 13.612500 
943802147390419 -10.162500 -42.993752 13.893750 
943802167390419 -10.143750 -42.768753 13.818750 
943802187390419 -10.143750 -42.862503 13.781251 
943802207390419 -10.218750 -42.768753 13.818750 
943802227390419 -10.368751 -42.787502 13.875001 
943802247390419 -10.312500 -42.637501 14.025001 
943802267390419 -10.575001 -42.375000 14.025001 
943802287390419 -11.193750 -42.693752 14.062501 
943802307390419 -11.343750 -42.656250 13.912500 
943802327390419 -11.381250 -42.750000 13.706250 
943802347390419 -11.718750 -42.543751 13.556251 
943802367390419 -11.943750 -42.375000 13.518750 
943802387390419 -11.962501 -42.225002 13.275001 
943802407390419 -12.206250 -42.375000 13.106251 
943802427390419 -12.262501 -42.731251 13.087501 
943802447390419 -12.206250 -42.506252 12.750001 
943802467390419 -12.375001 -42.525002 12.656251 
943802487390419 -12.637501 -42.300003 12.656251 
943802507390419 -12.862500 -42.187500 12.600000 
943802527390419 -13.068750 -42.356251 12.375001 
943802547390419 -13.275001 -42.431252 12.262501 
943802567390419 -13.162500 -42.562500 12.075001 
943802587390419 -13.312501 -42.300003 11.681251 
943802607390419 -13.350000 -42.168751 11.756250 
943802627390419 -13.256250 -42.168751 11.943750 
943802647390419 -13.218751 -42.393753 11.906250 
943802667390419 -13.012501 -42.243752 12.150001 
943802687390419 -12.937501 -42.243752 12.300000 
943802707390419 -12.918751 -42.243752 12.468751 
943802727390419 -12.881250 -41.906250 12.468751 
943802747390419 -12.787500 -41.981251 12.712501 
943802767390419 -12.750001 -42.337502 12.637501 
943802787390419 -13.012501 -42.262501 12.412500 
943802807390419 -12.881250 -42.168751 12.450001 
943802827390419 -12.768750 -42.393753 12.112500 
943802847390419 -12.675000 -42.393753 11.906250 
943802867390419 -12.318750 -42.225002 11.775001 
943802887390419 -12.431251 -42.168751 11.775001 
943802907390419 -12.187501 -42.187500 11.587501 
943802927390419 -12.093751 -42.037502 11.662500 
943802947390419 -11.793751 -42.131252 11.456250 
943802967390419 -11.662500 -41.962502 11.362500 
943802987390419 -11.700001 -42.056252 11.493751 
943803007390419 -11.681251 -41.925003 11.775001 
943803027390419 -12.037500 -42.168751 11.756250 
943803047390419 -12.281251 -42.243752 11.812500 
943803067390419 -12.337501 -42.150002 11.793751 
943803087390419 -12.468751 -42.150002 12.000000 
943803107390419 -12.487500 -42.262501 12.112500 
943803127390419 -12.937501 -42.356251 12.543751 
943803147390419 -12.918751 -42.168751 12.487500 
943803167390419 -13.218751 -42.131252 12.600000 
943803187390419 -13.387501 -42.075001 12.731251 
943803207390419 -13.350000 -42.281250 12.768750 
943803227390419 -13.650001 -42.262501 13.125001 
943803247390419 -13.893750 -42.262501 12.956250 
943803267390419 -14.062501 -42.300003 12.956250 
943803287390419 -14.062501 -42.075001 12.750001 
943803307390419 -14.193750 -42.018753 12.900001 
943803327390419 -14.212501 -42.206253 12.937501 
943803347390419 -14.081250 -42.206253 13.031251 
943803367390419 -14.137501 -42.018753 13.050000 
943803387390419 -14.193750 -42.037502 13.068750 
943803407390419 -14.231251 -42.112503 13.050000 
943803427390419 -14.362500 -42.150002 13.218751 
943803447390419 -14.493751 -42.243752 13.181251 
943803467390419 -14.681251 -42.393753 13.162500 
943803487390419 -14.737500 -42.318752 13.106251 
943803507390419 -14.587501 -42.281250 12.993751 
943803527390419 -14.587501 -42.318752 13.068750 
943803547390419 -14.550000 -42.318752 13.068750 
943803567390419 -14.156251 -42.450001 13.237500 
943803587390419 -14.193750 -42.150002 13.237500 
943803607390419 -13.950001 -42.431252 13.181251 
943803627390419 -13.875001 -42.393753 13.162500 
943803647390419 -13.668751 -42.150002 13.050000 
943803667390419 -13.818750 -41.831253 13.106251 
943803687390419 -13.631250 -41.812500 13.106251 
943803707390419 -13.443750 -41.793751 13.181251 
943803727390419 -13.593751 -41.512501 13.200001 
943803747390419 -13.406251 -41.662502 13.181251 
943803767390419 -13.275001 -41.531250 13.181251 
943803787390419 -13.275001 -41.568752 13.293751 
943803807390419 -12.825001 -41.868752 13.368751 
943803827390419 -12.693750 -42.318752 13.556251 
943803847390419 -12.375001 -42.262501 13.575001 
943803867390419 -12.243751 -42.581253 13.275001 
943803887390419 -11.925000 -42.731251 13.275001 
943803907390419 -11.568750 -42.900002 13.443750 
943803927390419 -11.418751 -43.087502 13.556251 
943803947390419 -11.081250 -43.368752 13.500001 
943803967390419 -11.156250 -43.368752 13.668751 
943803987390419 -10.856251 -43.331253 13.612500 
943804007390419 -10.725000 -43.781250 13.837501 
943804027390419 -10.406250 -43.593750 14.212501 
943804047390419 -10.293751 -43.631252 14.343751 
943804067390419 -9.975000 -43.368752 14.325001 
943804087390419 -9.581250 -43.293751 14.568750 
943804107390419 -9.468750 -43.106251 14.793751 
943804127390419 -9.262501 -43.237503 14.775001 
943804147390419 -9.262501 -43.312500 14.831250 
943804167390419 -9.225000 -43.050003 14.756250 
943804187390419 -9.187500 -43.425003 14.456250 
943804207390419 -9.262501 -43.481251 14.531251 
943804227390419 -9.393750 -43.875000 14.662500 
943804247390419 -9.525001 -44.118752 14.625001 
943804267390419 -9.618751 -44.062500 14.456250 
943804287390419 -9.787500 -44.268753 14.456250 
943804307390419 -9.712501 -44.250000 14.681251 
943804327390419 -9.975000 -44.493752 14.587501 
943804347390419 -10.050000 -44.306252 14.868751 
943804367390419 -10.143750 -44.381252 14.606251 
943804387390419 -10.293751 -44.306252 14.437501 
943804407390419 -10.443750 -44.156250 14.362500 
943804427390419 -10.518750 -44.156250 14.175000 
943804447390419 -10.537500 -43.931252 14.100000 
943804467390419 -10.593750 -43.893753 14.006250 
943804487390419 -10.406250 -43.650002 14.137501 
943804507390419 -10.556251 -43.443752 14.175000 
943804527390419 -10.612500 -43.368752 14.137501 
943804547390419 -10.500000 -43.331253 14.025001 
943804567390419 -10.556251 -43.125000 13.912500 
943804587390419 -10.481251 -43.293751 14.156251 
943804607390419 -10.406250 -43.200001 14.118751 
943804627390419 -10.406250 -43.181252 14.062501 
943804647390419 -10.350000 -43.275002 14.118751 
943804667390419 -10.350000 -43.368752 14.137501 
943804687390419 -10.518750 -43.312500 14.268750 
943804707390419 -10.781250 -43.275002 14.568750 
943804727390419 -10.743751 -43.350002 14.793751 
943804747390419 -10.612500 -43.237503 14.831250 
943804767390419 -10.762501 -43.368752 15.131250 
943804787390419 -11.043751 -43.293751 15.243751 
943804807390419 -11.118751 -43.293751 15.206250 
943804827390419 -11.100000 -43.312500 15.243751 
943804847390419 -10.818750 -43.293751 15.262501 
943804867390419 -10.875000 -43.143753 15.243751 
943804887390419 -11.006250 -43.331253 15.206250 
943804907390419 -11.250000 -43.256252 15.037500 
943804927390419 -11.231251 -43.387501 14.775001 
943804947390419 -11.306251 -43.575001 14.737500 
943804967390419 -11.362500 -43.312500 14.868751 
943804987390419 -11.306251 -43.162502 14.868751 
943805007390419 -11.362500 -43.218750 15.056251 
943805027390419 -11.175000 -43.143753 14.943750 
943805047390419 -10.950001 -43.143753 15.262501 
943805067390419 -10.875000 -43.087502 15.375001 
943805087390419 -10.931251 -42.881252 15.675000 
943805107390419 -10.650001 -42.600002 15.712501 
943805127390419 -10.800000 -42.600002 15.581250 
943805147390419 -10.762501 -42.543751 15.468751 
943805167390419 -10.425000 -42.375000 15.356251 
943805187390419 -10.406250 -42.375000 15.543751 
943805207390419 -10.481251 -42.206253 15.356251 
943805227390419 -10.275001 -42.206253 15.693750 
943805247390419 -9.993751 -42.056252 15.543751 
943805267390419 -9.843750 -42.075001 15.431251 
943805287390419 -9.731251 -42.318752 15.600000 
943805307390419 -9.768750 -42.375000 15.787500 
943805327390419 -9.806251 -42.412502 15.881250 
943805347390419 -9.693750 -42.581253 15.862500 
943805367390419 -9.637501 -42.468750 15.862500 
943805387390419 -9.731251 -42.693752 15.543751 
943805407390419 -10.068750 -42.787502 15.600000 
943805427390419 -10.368751 -42.806252 15.768750 
943805447390419 -10.331250 -42.675003 15.637501 
943805467390419 -10.331250 -42.731251 15.487500 
943805487390419 -10.500000 -42.562500 15.431251 
943805507390419 -10.800000 -42.300003 15.450001 
943805527390419 -10.931251 -42.356251 15.393750 
943805547390419 -11.025001 -42.150002 15.731251 
943805567390419 -11.043751 -41.887501 15.712501 
943805587390419 -11.100000 -42.056252 15.525001 
943805607390419 -11.475000 -41.925003 15.487500 
943805627390419 -11.250000 -41.812500 15.656251 
943805647390419 -11.081250 -41.868752 15.731251 
943805667390419 -11.137501 -41.981251 15.768750 
943805687390419 -10.950001 -41.981251 15.656251 
943805707390419 -10.837501 -42.093750 15.468751 
943805727390419 -10.762501 -42.281250 15.468751 
943805747390419 -10.762501 -42.112503 15.600000 
943805767390419 -10.387501 -42.262501 15.750001 
943805787390419 -10.912500 -42.318752 15.525001 
943805807390419 -11.137501 -42.525002 15.450001 
943805827390419 -11.006250 -42.543751 15.075001 
943805847390419 -11.325001 -42.562500 15.187501 
943805867390419 -11.475000 -42.581253 15.206250 
943805887390419 -11.568750 -42.600002 15.393750 
943805907390419 -11.493751 -42.637501 15.487500 
943805927390419 -11.662500 -42.693752 15.412500 
943805947390419 -11.381250 -42.768753 15.562501 
943805967390419 -11.343750 -42.787502 15.337501 
943805987390419 -11.156250 -42.656250 15.787500 
943806007390419 -10.837501 -42.637501 15.900001 
943806027390419 -10.762501 -42.468750 15.862500 
943806047390419 -10.500000 -42.337502 15.712501 
943806067390419 -10.312500 -42.150002 15.731251 
943806087390419 -9.993751 -42.187500 15.806251 
943806107390419 -9.862500 -42.187500 15.956250 
943806127390419 -9.937500 -42.112503 16.087502 
943806147390419 -9.937500 -42.337502 15.993751 
943806167390419 -9.937500 -42.468750 15.825001 
943806187390419 -9.787500 -42.506252 15.843751 
943806207390419 -9.731251 -42.900002 15.975000 
943806227390419 -9.731251 -43.200001 15.843751 
943806247390419 -9.712501 -43.237503 15.581250 
943806267390419 -9.750000 -43.293751 15.487500 
943806287390419 -9.787500 -43.312500 15.731251 
943806307390419 -9.881250 -43.425003 15.618751 
943806327390419 -9.825001 -43.406250 15.562501 
943806347390419 -9.825001 -43.518753 15.637501 
943806367390419 -10.031250 -43.387501 15.487500 
943806387390419 -10.125000 -43.500000 15.375001 
943806407390419 -10.218750 -43.387501 15.693750 
943806427390419 -9.956250 -43.443752 15.806251 
943806447390419 -9.806251 -43.725002 15.693750 
943806467390419 -9.543751 -43.800003 15.525001 
943806487390419 -9.431251 -43.893753 15.675000 
943806507390419 -9.393750 -43.818752 15.768750 
943806527390419 -9.206250 -43.912502 15.600000 
943806547390419 -9.056251 -43.631252 15.731251 
943806567390419 -8.943750 -43.725002 15.600000 
943806587390419 -9.056251 -43.912502 15.431251 
943806607390419 -8.850000 -43.856251 15.412500 
943806627390419 -8.906250 -43.631252 15.468751 
943806647390419 -8.943750 -43.537502 15.243751 
943806667390419 -8.981251 -43.575001 15.000001 
943806687390419 -9.168751 -43.556252 15.056251 
943806707390419 -9.131250 -43.612503 15.037500 
943806727390419 -9.150001 -43.706253 14.981251 
943806747390419 -9.318750 -43.612503 14.831250 
943806767390419 -9.412500 -43.406250 14.587501 
943806787390419 -9.487500 -43.762501 14.793751 
943806807390419 -9.300000 -43.800003 14.737500 
943806827390419 -9.018750 -43.818752 14.775001 
943806847390419 -8.812500 -43.668751 14.718751 
943806867390419 -8.962501 -43.743752 14.493751 
943806887390419 -8.831250 -43.781250 14.381250 
943806907390419 -8.756250 -43.687500 14.456250 
943806927390419 -8.662500 -43.800003 14.625001 
943806947390419 -8.662500 -43.500000 14.718751 
943806967390419 -8.906250 -43.612503 14.831250 
943806987390419 -9.093750 -43.706253 14.793751 
943807007390419 -9.075001 -43.856251 15.037500 
943807027390419 -8.906250 -43.893753 14.962501 
943807047390419 -9.206250 -43.800003 15.131250 
943807067390419 -9.356251 -43.987503 15.168751 
943807087390419 -9.675000 -44.025002 15.056251 
943807107390419 -9.675000 -44.118752 14.756250 
943807127390419 -9.900001 -44.006252 14.906251 
943807147390419 -10.031250 -44.137501 14.756250 
943807167390419 -10.200001 -44.137501 14.512501 
943807187390419 -10.593750 -44.268753 14.681251 
943807207390419 -10.650001 -44.418751 14.718751 
943807227390419 -10.837501 -44.381252 14.587501 
943807247390419 -11.025001 -44.587502 14.456250 
943807267390419 -11.062500 -44.587502 14.325001 
943807287390419 -11.006250 -44.625000 14.212501 
943807307390419 -11.137501 -44.381252 14.250001 
943807327390419 -11.362500 -44.475002 14.156251 
943807347390419 -11.418751 -44.400002 14.006250 
943807367390419 -11.400001 -44.343750 13.706250 
943807387390419 -11.362500 -44.175003 13.593751 
943807407390419 -11.231251 -43.950001 13.650001 
943807427390419 -11.250000 -43.837502 13.631250 
943807447390419 -11.325001 -43.800003 13.518750 
943807467390419 -11.268750 -44.025002 13.237500 
943807487390419 -11.306251 -43.968750 13.218751 
943807507390419 -11.175000 -44.043751 13.406251 
943807527390419 -11.137501 -44.043751 13.443750 
943807547390419 -11.062500 -44.062500 13.462501 
943807567390419 -11.043751 -43.912502 13.481251 
943807587390419 -11.118751 -43.800003 13.593751 
943807607390419 -10.875000 -43.781250 13.706250 
943807627390419 -10.818750 -43.593750 13.781251 
943807647390419 -10.650001 -43.631252 13.875001 
943807667390419 -10.593750 -43.481251 13.725000 
943807687390419 -10.612500 -43.631252 13.668751 
943807707390419 -10.500000 -43.781250 13.575001 
943807727390419 -10.462501 -43.875000 13.687501 
943807747390419 -10.425000 -43.987503 13.762501 
943807767390419 -10.781250 -44.100002 13.687501 
943807787390419 -10.875000 -44.268753 13.743751 
943807807390419 -10.931251 -44.212502 13.650001 
943807827390419 -10.968750 -44.175003 13.612500 
943807847390419 -10.856251 -43.950001 13.650001 
943807867390419 -10.781250 -43.931252 13.668751 
943807887390419 -10.856251 -43.818752 13.631250 
943807907390419 -10.893750 -43.950001 13.631250 
943807927390419 -10.781250 -43.837502 13.518750 
943807947390419 -10.912500 -43.668751 13.575001 
943807967390419 -11.268750 -43.631252 13.837501 
943807987390419 -11.137501 -43.537502 13.968751 
943808007390419 -11.193750 -43.462502 13.968751 
943808027390419 -11.625000 -43.256252 13.950001 
943808047390419 -11.718750 -43.256252 13.987500 
943808067390419 -11.850000 -43.125000 13.950001 
943808087390419 -11.981251 -43.031250 14.175000 
943808107390419 -12.018750 -43.106251 14.137501 
943808127390419 -11.718750 -43.125000 13.593751 
943808147390419 -12.018750 -43.162502 13.518750 
943808167390419 -11.981251 -43.256252 13.537500 
943808187390419 -11.625000 -43.237503 13.650001 
943808207390419 -11.493751 -43.275002 13.687501 
943808227390419 -11.306251 -43.331253 13.706250 
943808247390419 -11.287500 -43.350002 13.500001 
943808267390419 -11.025001 -43.462502 13.500001 
943808287390419 -10.856251 -43.406250 13.893750 
943808307390419 -10.687500 -43.368752 14.062501 
943808327390419 -10.875000 -43.368752 14.025001 
943808347390419 -11.081250 -43.368752 13.800000 
943808367390419 -11.062500 -43.425003 13.706250 
943808387390419 -11.118751 -43.181252 13.518750 
943808407390419 -11.062500 -43.162502 13.537500 
943808427390419 -11.156250 -43.012501 13.556251 
943808447390419 -11.212501 -42.900002 13.762501 
943808467390419 -11.118751 -42.937500 13.725000 
943808487390419 -11.006250 -42.881252 13.950001 
943808507390419 -10.968750 -43.125000 14.118751 
943808527390419 -10.837501 -43.050003 13.818750 
943808547390419 -10.743751 -43.218750 13.706250 
943808567390419 -10.500000 -43.237503 13.837501 
943808587390419 -10.256250 -43.068752 14.081250 
943808607390419 -9.937500 -43.181252 13.856251 
943808627390419 -9.750000 -43.443752 13.706250 
943808647390419 -9.637501 -43.312500 13.537500 
943808667390419 -9.318750 -43.031250 13.425000 
943808687390419 -9.131250 -42.975002 13.725000 
943808707390419 -9.093750 -43.218750 14.081250 
943808727390419 -9.112500 -43.143753 14.062501 
943808747390419 -9.168751 -43.350002 13.800000 
943808767390419 -9.375000 -43.312500 13.893750 
943808787390419 -9.543751 -43.162502 13.743751 
943808807390419 -9.637501 -43.200001 13.743751 
943808827390419 -9.656250 -43.331253 14.025001 
943808847390419 -9.956250 -43.593750 14.062501 
943808867390419 -10.162500 -43.443752 14.268750 
943808887390419 -10.012501 -43.556252 14.231251 
943808907390419 -9.993751 -43.443752 14.212501 
943808927390419 -10.012501 -43.500000 13.931251 
943808947390419 -10.106251 -43.593750 14.193750 
943808967390419 -10.012501 -43.593750 14.193750 
943808987390419 -10.256250 -43.593750 14.118751 
943809007390419 -10.425000 -43.462502 13.968751 
943809027390419 -10.293751 -43.631252 13.631250 
943809047390419 -10.612500 -43.575001 13.575001 
943809067390419 -10.837501 -43.650002 13.762501 
943809087390419 -10.743751 -43.668751 14.081250 
943809107390419 -10.593750 -43.593750 13.931251 
943809127390419 -10.893750 -43.725002 13.893750 
943809147390419 -11.006250 -43.762501 13.912500 
943809167390419 -10.818750 -43.725002 13.893750 
943809187390419 -10.968750 -43.481251 13.687501 
943809207390419 -11.025001 -43.387501 13.781251 
943809227390419 -11.118751 -43.387501 13.781251 
943809247390419 -11.400001 -43.293751 13.706250 
943809267390419 -11.906250 -43.256252 13.668751 
943809287390419 -11.606251 -43.293751 13.800000 
943809307390419 -11.606251 -43.293751 13.668751 
943809327390419 -11.681251 -43.387501 13.537500 
943809347390419 -11.887501 -43.481251 13.818750 
943809367390419 -11.850000 -43.631252 13.612500 
943809387390419 -11.681251 -43.406250 13.575001 
943809407390419 -11.681251 -43.481251 13.293751 
943809427390419 -11.325001 -43.518753 13.387501 
943809447390419 -11.343750 -43.368752 13.275001 
943809467390419 -11.043751 -43.368752 13.387501 
943809487390419 -11.250000 -43.218750 13.518750 
943809507390419 -11.100000 -43.218750 13.387501 
943809527390419 -11.193750 -43.237503 13.462501 
943809547390419 -11.362500 -43.331253 13.462501 
943809567390419 -11.362500 -43.368752 13.687501 
943809587390419 -11.587501 -43.293751 13.781251 
943809607390419 -11.681251 -43.293751 13.781251 
943809627390419 -12.075001 -43.331253 13.687501 
943809647390419 -12.150001 -43.387501 13.612500 
943809667390419 -12.037500 -43.406250 13.537500 
943809687390419 -12.112500 -43.500000 13.725000 
943809707390419 -12.168751 -43.912502 13.575001 
943809727390419 -12.112500 -43.875000 13.631250 
943809747390419 -11.887501 -43.743752 13.462501 
943809767390419 -11.962501 -43.931252 13.612500 
943809787390419 -11.887501 -43.912502 13.725000 
943809807390419 -11.718750 -43.593750 13.837501 
943809827390419 -11.812500 -43.593750 14.025001 
943809847390419 -11.662500 -43.687500 13.875001 
943809867390419 -11.625000 -43.537502 14.006250 
943809887390419 -11.887501 -43.612503 13.893750 
943809907390419 -12.131250 -43.893753 13.837501 
943809927390419 -12.281251 -43.912502 13.781251 
943809947390419 -12.337501 -43.650002 13.912500 
943809967390419 -12.337501 -43.987503 13.837501 
943809987390419 -12.600000 -44.025002 13.725000 
943810007390419 -12.900001 -43.743752 13.725000 
943810027390419 -13.106251 -43.481251 13.518750 
943810047390419 -13.143750 -43.368752 13.612500 
943810067390419 -12.918751 -43.275002 13.687501 
943810087390419 -12.881250 -43.106251 13.687501 
943810107390419 -12.975000 -43.350002 13.443750 
943810127390419 -13.125001 -43.462502 13.631250 
943810147390419 -13.162500 -43.331253 13.725000 
943810167390419 -13.275001 -43.293751 13.875001 
943810187390419 -13.237500 -43.443752 13.875001 
943810207390419 -13.087501 -43.368752 13.556251 
943810227390419 -13.556251 -43.312500 13.631250 
943810247390419 -13.650001 -43.312500 13.706250 
943810267390419 -13.612500 -43.312500 13.856251 
943810287390419 -13.668751 -43.200001 13.612500 
943810307390419 -13.518750 -43.256252 13.706250 
943810327390419 -13.462501 -43.162502 13.612500 
943810347390419 -13.312501 -43.050003 13.837501 
943810367390419 -13.256250 -43.237503 13.893750 
943810387390419 -12.731251 -43.406250 13.837501 
943810407390419 -12.600000 -43.275002 13.575001 
943810427390419 -12.356251 -43.256252 13.725000 
943810447390419 -12.150001 -43.087502 13.800000 
943810467390419 -12.037500 -43.218750 13.931251 
943810487390419 -11.812500 -43.387501 13.762501 
943810507390419 -11.850000 -43.481251 13.537500 
943810527390419 -11.887501 -43.443752 13.668751 
943810547390419 -12.168751 -43.256252 13.556251 
943810567390419 -12.300000 -43.350002 13.612500 
943810587390419 -12.356251 -43.443752 13.237500 
943810607390419 -12.300000 -43.743752 13.162500 
943810627390419 -12.262501 -43.575001 13.068750 
943810647390419 -12.112500 -43.631252 13.087501 
943810667390419 -12.075001 -43.762501 13.256250 
943810687390419 -11.943750 -43.968750 13.237500 
943810707390419 -11.718750 -43.968750 13.350000 
943810727390419 -11.437500 -44.043751 13.462501 
943810747390419 -11.137501 -43.800003 13.612500 
943810767390419 -10.968750 -43.893753 13.575001 
943810787390419 -10.762501 -44.006252 13.162500 
943810807390419 -10.650001 -44.250000 12.937501 
943810827390419 -10.162500 -44.156250 12.768750 
943810847390419 -9.843750 -44.118752 12.487500 
943810867390419 -9.375000 -44.325001 12.131250 
943810887390419 -9.243751 -44.531250 11.962501 
943810907390419 -9.112500 -44.587502 11.700001 
943810927390419 -8.906250 -44.287502 11.456250 
943810947390419 -8.718750 -44.175003 11.662500 
943810967390419 -8.231251 -43.968750 11.831250 
943810987390419 -8.325001 -43.987503 11.906250 
943811007390419 -8.325001 -43.912502 12.037500 
943811027390419 -8.475000 -43.931252 12.093751 
943811047390419 -8.268750 -43.762501 11.887501 
943811067390419 -8.400001 -43.987503 11.962501 
943811087390419 -8.456250 -44.006252 12.187501 
943811107390419 -8.437500 -44.062500 11.868751 
943811127390419 -8.662500 -44.118752 11.662500 
943811147390419 -8.362500 -44.250000 11.306251 
943811167390419 -8.531250 -44.156250 11.175000 
943811187390419 -8.456250 -44.268753 10.987500 
943811207390419 -8.362500 -44.400002 11.025001 
943811227390419 -8.175000 -44.568752 10.800000 
943811247390419 -8.100000 -44.737503 10.725000 
943811267390419 -7.968750 -44.831253 10.668751 
943811287390419 -8.175000 -44.700001 10.743751 
943811307390419 -8.587501 -44.662502 10.781250 
943811327390419 -8.550000 -44.437500 11.231251 
943811347390419 -8.868751 -44.137501 11.287500 
943811367390419 -9.056251 -44.025002 11.306251 
943811387390419 -9.468750 -43.968750 11.475000 
943811407390419 -9.656250 -44.118752 11.343750 
943811427390419 -9.675000 -44.156250 11.700001 
943811447390419 -9.881250 -44.175003 11.681251 
943811467390419 -10.106251 -44.081253 11.737500 
943811487390419 -10.256250 -44.118752 11.437500 
943811507390419 -10.237500 -44.025002 11.737500 
943811527390419 -10.218750 -43.818752 11.943750 
943811547390419 -10.012501 -43.518753 12.075001 
943811567390419 -10.068750 -43.181252 12.281251 
943811587390419 -10.481251 -42.750000 12.393750 
943811607390419 -10.200001 -42.675003 12.843751 
943811627390419 -9.675000 -42.787502 13.256250 
943811647390419 -9.637501 -42.637501 13.612500 
943811667390419 -9.337501 -42.468750 13.631250 
943811687390419 -9.356251 -42.618752 13.593751 
943811707390419 -9.225000 -42.562500 13.500001 
943811727390419 -9.000000 -42.731251 13.537500 
943811747390419 -8.418751 -43.031250 13.743751 
943811767390419 -8.306251 -42.937500 13.481251 
943811787390419 -8.587501 -42.675003 13.350000 
943811807390419 -8.381250 -43.068752 13.012501 
943811827390419 -8.231251 -43.181252 13.106251 
943811847390419 -8.025001 -43.012501 13.237500 
943811867390419 -8.100000 -42.956253 13.500001 
943811887390419 -8.118751 -42.806252 13.537500 
943811907390419 -8.418751 -42.656250 13.500001 
943811927390419 -8.306251 -42.675003 13.518750 
943811947390419 -8.287500 -42.787502 13.537500 
943811967390419 -8.156250 -42.468750 13.762501 
943811987390419 -8.193750 -42.375000 13.593751 
943812007390419 -8.268750 -42.543751 13.518750 
943812027390419 -8.062500 -42.675003 13.593751 
943812047390419 -7.781250 -42.656250 13.781251 
943812067390419 -7.368750 -42.750000 13.687501 
943812087390419 -7.087500 -42.731251 14.006250 
943812107390419 -6.562500 -42.731251 14.025001 
943812127390419 -6.412500 -42.937500 14.193750 
943812147390419 -6.375000 -43.106251 14.287500 
943812167390419 -5.868750 -43.143753 14.587501 
943812187390419 -5.962500 -43.293751 14.531251 
943812207390419 -5.962500 -43.293751 14.400001 
943812227390419 -5.925000 -43.425003 14.325001 
943812247390419 -6.150000 -43.556252 14.212501 
943812267390419 -6.487500 -43.331253 14.250001 
943812287390419 -6.562500 -43.312500 14.325001 
943812307390419 -6.656250 -43.687500 14.418751 
943812327390419 -7.068750 -43.631252 14.343751 
943812347390419 -7.125000 -43.612503 14.343751 
943812367390419 -7.443750 -43.518753 14.081250 
943812387390419 -7.762500 -43.443752 13.987500 
943812407390419 -7.875000 -43.443752 13.762501 
943812427390419 -7.893750 -43.687500 13.556251 
943812447390419 -7.800000 -43.650002 13.293751 
943812467390419 -7.781250 -43.087502 13.275001 
943812487390419 -7.893750 -42.993752 13.087501 
943812507390419 -7.781250 -42.937500 13.031251 
943812527390419 -7.612500 -43.012501 13.087501 
943812547390419 -7.537500 -43.143753 13.143750 
943812567390419 -7.518750 -43.125000 13.031251 
943812587390419 -7.481250 -43.181252 13.012501 
943812607390419 -7.462500 -43.237503 12.731251 
943812627390419 -7.312500 -43.350002 12.506250 
943812647390419 -7.106250 -43.462502 12.412500 
943812667390419 -7.050000 -43.500000 12.262501 
943812687390419 -7.087500 -43.668751 12.337501 
943812707390419 -6.975000 -43.743752 12.262501 
943812727390419 -6.881250 -43.612503 12.393750 
943812747390419 -6.750000 -43.743752 12.300000 
943812767390419 -6.900000 -43.818752 12.506250 
943812787390419 -7.237500 -43.875000 12.581250 
943812807390419 -7.462500 -44.062500 12.356251 
943812827390419 -7.518750 -44.268753 12.187501 
943812847390419 -7.668750 -44.118752 12.206250 
943812867390419 -8.006250 -44.043751 12.075001 
943812887390419 -8.156250 -44.362503 12.018750 
943812907390419 -8.400001 -44.193752 12.225000 
943812927390419 -8.681251 -44.212502 12.337501 
943812947390419 -8.512501 -44.381252 12.262501 
943812967390419 -8.550000 -44.175003 12.393750 
943812987390419 -8.700001 -43.931252 12.562501 
943813007390419 -8.362500 -43.743752 12.281251 
943813027390419 -8.568750 -43.593750 12.431251 
943813047390419 -8.756250 -43.368752 12.337501 
943813067390419 -8.831250 -43.256252 12.037500 
943813087390419 -8.700001 -43.275002 11.437500 
943813107390419 -8.981251 -43.556252 11.081250 
943813127390419 -8.887501 -43.800003 10.912500 
943813147390419 -8.887501 -44.043751 10.687500 
943813167390419 -9.262501 -44.568752 10.650001 
943813187390419 -9.150001 -44.681252 10.331250 
943813207390419 -9.018750 -44.906250 10.218750 
943813227390419 -8.812500 -45.000000 10.406250 
943813247390419 -8.887501 -45.131252 10.593750 
943813267390419 -8.850000 -45.000000 10.762501 
943813287390419 -8.868751 -44.925003 10.781250 
943813307390419 -8.906250 -44.700001 10.856251 
943813327390419 -8.943750 -44.625000 10.968750 
943813347390419 -8.756250 -44.550003 11.100000 
943813367390419 -8.962501 -44.568752 11.193750 
943813387390419 -9.037500 -44.718750 11.062500 
943813407390419 -9.000000 -44.587502 11.193750 
943813427390419 -9.018750 -44.493752 11.343750 
943813447390419 -9.281250 -44.681252 11.400001 
943813467390419 -9.281250 -44.887501 11.475000 
943813487390419 -9.393750 -44.981251 11.718750 
943813507390419 -9.975000 -45.112503 11.587501 
943813527390419 -10.143750 -45.206253 11.268750 
943813547390419 -10.537500 -45.168751 11.231251 
943813567390419 -10.875000 -45.262501 10.837501 
943813587390419 -10.950001 -45.300003 10.462501 
943813607390419 -11.118751 -45.150002 10.237500 
943813627390419 -11.175000 -45.131252 10.125000 
943813647390419 -11.231251 -44.962502 9.787500 
943813667390419 -11.250000 -45.018753 9.693750 
943813687390419 -11.212501 -44.981251 9.750000 
943813707390419 -11.081250 -44.700001 9.412500 
943813727390419 -11.025001 -44.737503 9.543751 
943813747390419 -11.212501 -44.906250 9.806251 
943813767390419 -10.950001 -44.962502 9.731251 
943813787390419 -11.062500 -44.868752 9.675000 
943813807390419 -11.231251 -44.756252 9.468750 
943813827390419 -11.156250 -44.531250 9.450001 
943813847390419 -11.100000 -44.362503 9.525001 
943813867390419 -11.512501 -44.718750 9.768750 
943813887390419 -11.606251 -44.437500 10.050000 
943813907390419 -11.793751 -44.325001 9.900001 
943813927390419 -12.168751 -44.062500 9.993751 
943813947390419 -12.393750 -44.025002 9.993751 
943813967390419 -12.375001 -44.081253 9.900001 
943813987390419 -12.450001 -44.137501 10.162500 
943814007390419 -12.525001 -44.100002 10.312500 
943814027390419 -12.037500 -43.987503 10.462501 
943814047390419 -11.943750 -43.987503 10.293751 
943814067390419 -11.606251 -44.062500 10.293751 
943814087390419 -11.418751 -44.362503 10.462501 
943814107390419 -11.175000 -44.212502 10.387501 
943814127390419 -11.062500 -44.250000 10.575001 
943814147390419 -10.987500 -44.250000 10.350000 
943814167390419 -10.800000 -44.343750 10.106251 
943814187390419 -10.743751 -44.475002 9.825001 
943814207390419 -10.593750 -44.775002 9.825001 
943814227390419 -10.387501 -44.831253 10.012501 
943814247390419 -10.143750 -44.643753 9.956250 
943814267390419 -9.862500 -44.850002 10.218750 
943814287390419 -9.600000 -44.850002 10.237500 
943814307390419 -9.375000 -45.000000 10.406250 
943814327390419 -9.450001 -44.981251 10.593750 
943814347390419 -9.300000 -45.187500 10.800000 
943814367390419 -9.168751 -45.318752 10.893750 
943814387390419 -9.262501 -45.318752 10.781250 
943814407390419 -9.037500 -45.412502 10.631250 
943814427390419 -8.887501 -45.450001 10.293751 
943814447390419 -8.568750 -45.468750 10.200001 
943814467390419 -8.193750 -45.543751 10.143750 
943814487390419 -7.612500 -45.731251 10.181251 
943814507390419 -7.293750 -45.506252 10.237500 
943814527390419 -6.937500 -45.393753 10.350000 
943814547390419 -6.412500 -45.375000 10.650001 
943814567390419 -6.225000 -45.412502 10.987500 
943814587390419 -6.075000 -45.337502 11.343750 
943814607390419 -5.850000 -45.525002 11.587501 
943814627390419 -5.475000 -45.468750 11.531250 
943814647390419 -5.493750 -45.543751 11.287500 
943814667390419 -5.587500 -45.543751 11.043751 
943814687390419 -5.550000 -45.450001 11.006250 
943814707390419 -5.643750 -45.487503 10.425000 
943814727390419 -5.643750 -45.675003 9.731251 
943814747390419 -5.700000 -45.825001 9.412500 
943814767390419 -5.718750 -45.731251 9.206250 
943814787390419 -6.093750 -45.768753 8.981251 
943814807390419 -6.075000 -45.787502 9.093750 
943814827390419 -5.906250 -45.993752 9.262501 
943814847390419 -5.981250 -46.125000 9.018750 
943814867390419 -6.262500 -46.106251 9.300000 
943814887390419 -6.487500 -45.956253 9.543751 
943814907390419 -6.656250 -46.012501 9.675000 
943814927390419 -6.956250 -46.181252 9.750000 
943814947390419 -6.975000 -46.050003 10.162500 
943814967390419 -6.862500 -45.825001 10.275001 
943814987390419 -7.031250 -45.787502 10.143750 
943815007390419 -7.218750 -45.768753 10.331250 
943815027390419 -7.275000 -45.806252 10.106251 
943815047390419 -7.425000 -45.825001 10.256250 
943815067390419 -7.425000 -45.693752 10.125000 
943815087390419 -7.518750 -45.656250 10.181251 
943815107390419 -7.781250 -45.693752 9.937500 
943815127390419 -8.306251 -45.993752 9.675000 
943815147390419 -8.662500 -45.956253 9.468750 
943815167390419 -8.718750 -45.787502 8.962501 
943815187390419 -9.000000 -45.750000 8.756250 
943815207390419 -9.093750 -45.731251 8.737500 
943815227390419 -9.093750 -45.731251 8.643750 
943815247390419 -9.206250 -45.731251 8.062500 
943815267390419 -9.187500 -46.087502 7.762500 
943815287390419 -9.075001 -46.106251 7.781250 
943815307390419 -9.112500 -46.143753 7.837500 
943815327390419 -9.300000 -46.293751 8.250000 
943815347390419 -9.150001 -46.218750 8.587501 
943815367390419 -9.281250 -46.331253 8.475000 
943815387390419 -9.281250 -46.575001 8.606251 
943815407390419 -9.337501 -46.575001 8.812500 
943815427390419 -9.487500 -46.462502 8.962501 
943815447390419 -9.637501 -46.312500 8.906250 
943815467390419 -9.750000 -46.331253 9.056251 
943815487390419 -9.993751 -46.462502 8.906250 
943815507390419 -9.918751 -46.593750 8.493751 
943815527390419 -9.806251 -46.593750 8.325001 
943815547390419 -9.543751 -46.256252 8.025001 
943815567390419 -9.206250 -46.462502 8.100000 
943815587390419 -8.850000 -46.425003 7.912500 
943815607390419 -8.681251 -46.462502 8.137501 
943815627390419 -8.475000 -46.368752 7.968750 
943815647390419 -8.100000 -46.593750 7.987500 
943815667390419 -7.987500 -46.612503 8.006250 
943815687390419 -7.781250 -46.612503 8.118751 
943815707390419 -8.156250 -46.856251 8.175000 
943815727390419 -8.156250 -46.462502 8.006250 
943815747390419 -8.362500 -46.575001 8.193750 
943815767390419 -8.306251 -46.518753 7.818750 
943815787390419 -8.193750 -46.518753 7.650000 
943815807390419 -8.250000 -46.293751 7.443750 
943815827390419 -8.156250 -46.293751 7.481250 
943815847390419 -8.456250 -46.500000 7.556250 
943815867390419 -8.325001 -46.406250 7.500000 
943815887390419 -8.625000 -46.668751 7.800000 
943815907390419 -8.812500 -46.443752 7.743750 
943815927390419 -9.150001 -46.575001 7.856250 
943815947390419 -9.187500 -46.631252 7.950000 
943815967390419 -9.225000 -46.650002 8.268750 
943815987390419 -9.450001 -46.706253 8.437500 
943816007390419 -9.468750 -46.593750 8.550000 
943816027390419 -9.843750 -46.706253 8.925000 
943816047390419 -9.825001 -46.593750 9.150001 
943816067390419 -9.637501 -46.725002 9.581250 
943816087390419 -9.693750 -46.687500 10.143750 
943816107390419 -9.825001 -46.725002 10.575001 
943816127390419 -9.993751 -46.612503 10.762501 
943816147390419 -10.106251 -46.556252 11.212501 
943816167390419 -10.087501 -46.425003 11.231251 
943816187390419 -10.068750 -46.518753 11.437500 
943816207390419 -10.125000 -46.706253 11.568750 
943816227390419 -10.162500 -46.743752 11.662500 
943816247390419 -10.143750 -46.575001 11.418751 
943816267390419 -10.256250 -46.556252 11.456250 
943816287390419 -10.200001 -46.462502 11.306251 
943816307390419 -10.200001 -46.237503 11.043751 
943816327390419 -10.331250 -46.293751 11.006250 
943816347390419 -10.293751 -46.031250 10.650001 
943816367390419 -10.556251 -45.975002 10.012501 
943816387390419 -10.856251 -45.993752 9.637501 
943816407390419 -10.856251 -46.031250 9.543751 
943816427390419 -10.650001 -46.087502 9.187500 
943816447390419 -10.500000 -46.481251 9.300000 
943816467390419 -10.593750 -46.893753 9.356251 
943816487390419 -10.593750 -46.837502 9.356251 
943816507390419 -10.556251 -47.100002 9.375000 
943816527390419 -10.350000 -47.193752 9.768750 
943816547390419 -9.937500 -47.456253 9.843750 
943816567390419 -9.806251 -47.793751 9.843750 
943816587390419 -10.106251 -47.887501 10.012501 
943816607390419 -10.162500 -47.700001 9.993751 
943816627390419 -10.125000 -47.493752 10.162500 
943816647390419 -10.106251 -47.718750 10.293751 
943816667390419 -10.125000 -47.475002 10.518750 
943816687390419 -10.237500 -47.212502 10.631250 
943816707390419 -10.518750 -46.781250 10.668751 
943816727390419 -10.631250 -46.612503 10.762501 
943816747390419 -10.593750 -46.518753 10.856251 
943816767390419 -10.931251 -46.556252 10.987500 
943816787390419 -10.931251 -46.743752 10.612500 
943816807390419 -11.175000 -46.500000 10.368751 
943816827390419 -11.400001 -46.743752 9.956250 
943816847390419 -11.400001 -46.800003 9.806251 
943816867390419 -11.362500 -46.893753 9.468750 
943816887390419 -11.343750 -46.818752 9.018750 
943816907390419 -11.456250 -46.837502 8.775001 
943816927390419 -11.400001 -46.781250 8.512501 
943816947390419 -11.625000 -46.500000 8.362500 
943816967390419 -11.850000 -46.537502 8.456250 
943816987390419 -11.775001 -46.368752 8.775001 
943817007390419 -11.906250 -46.368752 8.625000 
943817027390419 -12.018750 -46.200001 8.887501 
943817047390419 -12.412500 -46.125000 9.000000 
943817067390419 -12.656251 -46.087502 9.093750 
943817087390419 -12.712501 -45.937500 9.168751 
943817107390419 -12.693750 -46.012501 9.412500 
943817127390419 -12.600000 -45.975002 9.412500 
943817147390419 -12.731251 -45.675003 9.243751 
943817167390419 -12.900001 -45.600002 9.356251 
943817187390419 -13.143750 -45.562500 9.393750 
943817207390419 -13.256250 -45.562500 9.525001 
943817227390419 -13.462501 -45.300003 9.675000 
943817247390419 -13.743751 -45.356251 9.693750 
943817267390419 -13.968751 -45.281250 9.825001 
943817287390419 -13.950001 -45.468750 9.993751 
943817307390419 -14.137501 -45.543751 10.143750 
943817327390419 -14.475000 -45.506252 9.993751 
943817347390419 -14.606251 -45.431252 10.031250 
943817367390419 -14.643750 -45.281250 10.125000 
943817387390419 -14.587501 -45.562500 10.012501 
943817407390419 -14.456250 -45.431252 9.881250 
943817427390419 -14.456250 -45.337502 9.600000 
943817447390419 -14.718751 -45.056252 9.675000 
943817467390419 -14.700001 -45.075001 9.693750 
943817487390419 -14.325001 -45.150002 9.675000 
943817507390419 -14.156251 -45.356251 9.731251 
943817527390419 -14.025001 -45.412502 9.825001 
943817547390419 -13.687501 -45.375000 9.712501 
943817567390419 -13.500001 -45.525002 9.862500 
943817587390419 -13.237500 -45.506252 10.143750 
943817607390419 -12.918751 -45.581253 10.162500 
943817627390419 -12.525001 -45.731251 10.012501 
943817647390419 -12.525001 -45.600002 9.918751 
943817667390419 -12.431251 -45.281250 9.600000 
943817687390419 -12.225000 -45.431252 9.225000 
943817707390419 -12.225000 -45.337502 9.281250 
943817727390419 -12.131250 -45.262501 8.943750 
943817747390419 -12.281251 -45.318752 8.587501 
943817767390419 -12.187501 -45.225002 8.062500 
943817787390419 -12.431251 -45.300003 7.968750 
943817807390419 -12.506250 -45.468750 7.931250 
943817827390419 -12.543751 -45.731251 7.987500 
943817847390419 -12.543751 -45.731251 8.118751 
943817867390419 -12.637501 -45.825001 8.118751 
943817887390419 -12.750001 -45.843750 8.100000 
943817907390419 -12.581250 -45.787502 8.006250 
943817927390419 -12.618751 -45.993752 8.118751 
943817947390419 -12.562501 -45.993752 8.212501 
943817967390419 -12.393750 -46.050003 8.250000 
943817987390419 -12.281251 -46.256252 8.268750 
943818007390419 -12.168751 -46.312500 8.231251 
943818027390419 -12.075001 -46.312500 7.818750 
943818047390419 -12.075001 -46.331253 7.481250 
943818067390419 -12.075001 -46.537502 7.800000 
943818087390419 -12.150001 -46.743752 7.856250 
943818107390419 -12.075001 -46.912502 7.650000 
943818127390419 -12.150001 -46.968750 7.762500 
943818147390419 -11.981251 -47.025002 7.706250 
943818167390419 -12.093751 -46.968750 7.762500 
943818187390419 -12.187501 -46.950001 8.043751 
943818207390419 -12.318750 -46.762501 8.493751 
943818227390419 -12.168751 -46.462502 8.325001 
943818247390419 -11.962501 -46.031250 8.325001 
943818267390419 -12.000000 -45.843750 8.325001 
943818287390419 -12.018750 -45.562500 8.418751 
943818307390419 -12.393750 -45.318752 8.531250 
943818327390419 -12.581250 -45.075001 8.681251 
943818347390419 -12.806251 -45.187500 8.681251 
943818367390419 -13.106251 -45.300003 8.475000 
943818387390419 -13.518750 -45.412502 8.625000 
943818407390419 -14.193750 -45.675003 8.812500 
943818427390419 -14.812501 -45.656250 8.906250 
943818447390419 -15.112500 -45.881252 8.981251 
943818467390419 -15.431251 -45.862503 9.018750 
943818487390419 -15.843751 -45.993752 8.812500 
943818507390419 -16.125000 -45.712502 8.850000 
943818527390419 -16.443750 -45.843750 9.131250 
943818547390419 -16.800001 -45.825001 9.150001 
943818567390419 -16.912500 -45.693752 8.981251 
943818587390419 -17.006250 -45.506252 8.925000 
943818607390419 -17.400002 -45.300003 8.550000 
943818627390419 -17.850000 -45.056252 8.175000 
943818647390419 -18.356251 -45.150002 7.893750 
943818667390419 -18.543751 -45.393753 7.725000 
943818687390419 -18.956251 -45.393753 7.406250 
943818707390419 -19.462502 -45.525002 6.937500 
943818727390419 -20.100000 -45.562500 6.450000 
943818747390419 -20.943750 -45.487503 6.112500 
943818767390419 -21.806252 -45.506252 5.962500 
943818787390419 -22.481251 -45.712502 6.093750 
943818807390419 -23.062500 -45.543751 6.187500 
943818827390419 -23.925001 -45.431252 5.962500 
943818847390419 -24.543751 -45.300003 5.793750 
943818867390419 -24.937502 -45.187500 5.756250 
943818887390419 -25.143751 -45.075001 6.093750 
943818907390419 -25.125002 -45.393753 6.112500 
943818927390419 -25.012501 -45.543751 6.318750 
943818947390419 -25.050001 -45.581253 6.243750 
943818967390419 -25.162500 -45.600002 5.906250 
943818987390419 -25.331251 -45.393753 6.037500 
943819007390419 -25.293751 -45.356251 6.075000 
943819027390419 -25.425001 -45.225002 5.981250 
943819047390419 -25.612501 -45.337502 5.737500 
943819067390419 -25.818750 -45.393753 5.793750 
943819087390419 -25.650002 -45.243752 5.287500 
943819107390419 -25.593752 -45.225002 5.137500 
943819127390419 -25.143751 -45.393753 5.081250 
943819147390419 -24.843752 -45.468750 4.706250 
943819167390419 -24.843752 -45.468750 4.500000 
943819187390419 -24.787500 -45.506252 4.537500 
943819207390419 -24.712502 -45.337502 4.500000 
943819227390419 -24.600000 -45.056252 4.331250 
943819247390419 -24.843752 -45.093750 4.518750 
943819267390419 -24.918751 -45.056252 4.462500 
943819287390419 -25.125002 -44.887501 4.593750 
943819307390419 -25.275002 -44.925003 4.818750 
943819327390419 -25.425001 -44.756252 5.006250 
943819347390419 -25.556252 -44.793751 5.081250 
943819367390419 -25.537500 -44.718750 5.137500 
943819387390419 -25.631250 -44.550003 5.362500 
943819407390419 -25.687502 -44.625000 5.737500 
943819427390419 -25.556252 -44.606251 6.093750 
943819447390419 -25.575001 -44.550003 6.375000 
943819467390419 -25.518751 -44.493752 6.581250 
943819487390419 -25.143751 -44.568752 6.525000 
943819507390419 -24.881250 -44.531250 6.393750 
943819527390419 -24.900002 -44.550003 6.412500 
943819547390419 -24.468752 -44.756252 6.243750 
943819567390419 -24.187502 -44.550003 6.000000 
943819587390419 -24.000000 -44.531250 5.962500 
943819607390419 -23.831251 -44.400002 5.925000 
943819627390419 -23.793751 -44.250000 5.606250 
943819647390419 -23.887501 -44.062500 5.493750 
943819667390419 -24.037500 -43.912502 5.512500 
943819687390419 -23.981251 -43.743752 5.550000 
943819707390419 -24.150002 -43.575001 5.587500 
943819727390419 -24.412500 -43.500000 5.343750 
943819747390419 -24.618752 -43.518753 4.968750 
943819767390419 -24.412500 -43.518753 5.006250 
943819787390419 -23.943750 -43.631252 5.118750 
943819807390419 -23.268751 -43.968750 5.268750 
943819827390419 -22.743752 -44.137501 5.493750 
943819847390419 -22.068750 -44.250000 5.606250 
943819867390419 -21.712502 -44.250000 5.793750 
943819887390419 -21.018751 -44.325001 6.262500 
943819907390419 -20.550001 -44.550003 6.843750 
943819927390419 -20.512501 -44.718750 6.975000 
943819947390419 -20.362501 -44.662502 7.500000 
943819967390419 -20.381250 -44.418751 8.118751 
943819987390419 -20.043751 -44.381252 8.475000 
943820007390419 -20.062500 -44.287502 8.981251 
943820027390419 -19.743752 -44.081253 9.468750 
943820047390419 -19.875000 -44.175003 9.843750 
943820067390419 -19.725000 -43.706253 9.937500 
943820087390419 -19.781250 -43.537502 9.937500 
943820107390419 -20.175001 -43.612503 10.031250 
943820127390419 -20.362501 -43.668751 9.806251 
943820147390419 -20.850000 -43.518753 9.787500 
943820167390419 -20.981251 -43.593750 9.525001 
943820187390419 -21.506250 -43.725002 9.337501 
943820207390419 -21.656250 -43.537502 9.150001 
943820227390419 -21.843750 -43.687500 8.943750 
943820247390419 -21.862501 -43.743752 8.925000 
943820267390419 -21.768751 -43.612503 8.625000 
943820287390419 -21.862501 -43.725002 8.343750 
943820307390419 -21.900002 -43.893753 8.006250 
943820327390419 -22.350000 -43.931252 7.743750 
943820347390419 -22.443750 -43.875000 7.331250 
943820367390419 -22.500000 -44.043751 6.768750 
943820387390419 -22.912500 -44.175003 6.618750 
943820407390419 -23.381250 -44.156250 6.375000 
943820427390419 -23.718750 -44.100002 6.318750 
943820447390419 -24.037500 -44.100002 6.450000 
943820467390419 -24.431252 -43.987503 6.412500 
943820487390419 -24.581251 -44.006252 6.412500 
943820507390419 -24.581251 -44.100002 6.693750 
943820527390419 -24.693750 -43.950001 7.087500 
943820547390419 -24.468752 -43.762501 7.443750 
943820567390419 -24.506250 -43.687500 7.668750 
943820587390419 -24.562502 -43.893753 7.762500 
943820607390419 -24.637501 -43.762501 7.556250 
943820627390419 -24.600000 -43.875000 7.743750 
943820647390419 -24.468752 -43.968750 7.875000 
943820667390419 -24.825001 -43.950001 7.968750 
943820687390419 -25.087502 -43.856251 8.137501 
943820707390419 -25.593752 -43.762501 7.931250 
943820727390419 -25.856251 -43.912502 8.081250 
943820747390419 -26.100000 -43.593750 8.231251 
943820767390419 -26.175001 -43.556252 8.793751 
943820787390419 -26.212502 -43.387501 9.093750 
943820807390419 -26.381250 -43.200001 9.187500 
943820827390419 -26.193750 -43.143753 8.887501 
943820847390419 -26.025002 -43.275002 8.718750 
943820867390419 -25.893751 -43.387501 8.681251 
943820887390419 -25.500002 -43.350002 8.700001 
943820907390419 -25.050001 -43.593750 8.718750 
943820927390419 -25.050001 -43.781250 8.700001 
943820947390419 -24.956251 -43.931252 8.475000 
943820967390419 -24.750002 -44.100002 8.568750 
943820987390419 -25.050001 -44.250000 8.775001 
943821007390419 -25.181252 -44.212502 8.850000 
943821027390419 -25.125002 -44.306252 8.925000 
943821047390419 -25.237501 -44.118752 8.943750 
943821067390419 -25.350000 -44.118752 8.943750 
943821087390419 -25.350000 -43.856251 8.793751 
943821107390419 -25.237501 -43.725002 8.718750 
943821127390419 -25.443750 -43.687500 8.475000 
943821147390419 -25.237501 -43.668751 8.400001 
943821167390419 -25.050001 -43.856251 8.550000 
943821187390419 -24.806252 -43.837502 8.550000 
943821207390419 -24.656252 -44.175003 8.400001 
943821227390419 -24.881250 -44.081253 8.400001 
943821247390419 -25.050001 -44.287502 8.437500 
943821267390419 -25.218752 -44.475002 8.512501 
943821287390419 -25.406252 -44.400002 8.681251 
943821307390419 -25.387501 -44.343750 8.437500 
943821327390419 -25.800001 -44.193752 8.081250 
943821347390419 -26.175001 -44.043751 7.968750 
943821367390419 -26.287500 -43.781250 7.781250 
943821387390419 -26.268751 -43.743752 7.312500 
943821407390419 -25.912500 -43.893753 6.806250 
943821427390419 -25.912500 -43.762501 6.806250 
943821447390419 -25.443750 -43.893753 6.393750 
943821467390419 -25.312502 -43.912502 6.693750 
943821487390419 -24.937502 -44.081253 6.693750 
943821507390419 -24.468752 -44.100002 6.656250 
943821527390419 -24.075001 -44.193752 6.806250 
943821547390419 -23.681252 -44.643753 7.143750 
943821567390419 -23.400002 -44.475002 7.312500 
943821587390419 -23.025002 -44.700001 7.237500 
943821607390419 -22.987501 -44.925003 7.593750 
943821627390419 -22.875000 -44.981251 7.743750 
943821647390419 -22.706251 -45.075001 7.856250 
943821667390419 -23.006250 -45.337502 8.025001 
943821687390419 -23.381250 -45.450001 8.156250 
943821707390419 -23.493752 -45.131252 7.968750 
943821727390419 -23.700001 -45.281250 8.325001 
943821747390419 -23.775002 -44.962502 8.606251 
943821767390419 -24.093752 -44.756252 8.493751 
943821787390419 -24.075001 -45.093750 8.475000 
943821807390419 -23.943750 -45.018753 8.756250 
943821827390419 -23.718750 -44.868752 8.906250 
943821847390419 -23.550001 -45.000000 8.962501 
943821867390419 -23.587502 -45.150002 9.375000 
943821887390419 -23.681252 -45.037502 9.112500 
943821907390419 -23.831251 -45.187500 8.850000 
943821927390419 -23.493752 -45.056252 9.000000 
943821947390419 -23.587502 -44.831253 8.906250 
943821967390419 -23.662500 -45.056252 8.400001 
943821987390419 -23.456251 -45.337502 8.400001 
943822007390419 -23.400002 -45.506252 8.175000 
943822027390419 -23.137501 -45.750000 7.912500 
943822047390419 -22.781250 -45.900002 8.193750 
943822067390419 -22.500000 -46.200001 8.175000 
943822087390419 -22.218750 -46.462502 7.950000 
943822107390419 -21.825001 -46.500000 7.837500 
943822127390419 -21.581251 -46.350002 8.118751 
943822147390419 -21.731251 -46.368752 8.062500 
943822167390419 -21.506250 -46.162502 8.175000 
943822187390419 -21.656250 -46.050003 8.212501 
943822207390419 -21.468750 -45.956253 8.381250 
943822227390419 -21.618752 -45.918751 8.606251 
943822247390419 -21.843750 -46.068752 8.925000 
943822267390419 -21.918751 -46.031250 9.206250 
943822287390419 -22.031250 -46.218750 9.450001 
943822307390419 -22.106251 -45.937500 9.562500 
943822327390419 -22.087502 -46.050003 9.768750 
943822347390419 -22.031250 -46.068752 10.218750 
943822367390419 -22.350000 -46.087502 10.106251 
943822387390419 -22.106251 -45.768753 9.937500 
943822407390419 -21.825001 -45.825001 9.750000 
943822427390419 -21.562500 -45.768753 9.562500 
943822447390419 -21.000000 -45.656250 9.168751 
943822467390419 -20.268751 -45.881252 8.943750 
943822487390419 -19.575001 -45.956253 8.475000 
943822507390419 -18.843750 -46.050003 8.006250 
943822527390419 -18.187500 -46.462502 7.818750 
943822547390419 -17.362501 -47.081253 7.706250 
943822567390419 -17.043751 -46.931252 7.593750 
943822587390419 -16.631250 -47.193752 7.593750 
943822607390419 -16.781250 -47.343750 8.100000 
943822627390419 -16.725000 -47.362503 8.175000 
943822647390419 -16.687500 -47.587502 8.568750 
943822667390419 -16.537500 -47.737503 8.625000 
943822687390419 -16.256250 -47.587502 8.737500 
943822707390419 -16.143751 -47.587502 8.962501 
943822727390419 -15.562501 -47.737503 9.112500 
943822747390419 -15.318750 -47.700001 9.468750 
943822767390419 -14.625001 -47.643753 9.281250 
943822787390419 -14.287500 -47.887501 9.656250 
943822807390419 -14.437501 -47.737503 9.881250 
943822827390419 -14.268750 -47.718750 10.087501 
943822847390419 -14.156251 -47.925003 10.181251 
943822867390419 -14.062501 -47.812500 10.556251 
943822887390419 -14.287500 -47.906250 11.118751 
943822907390419 -14.343751 -48.093754 11.287500 
943822927390419 -14.606251 -48.281254 11.306251 
943822947390419 -14.568750 -48.450001 11.156250 
943822967390419 -14.343751 -48.637501 10.950001 
943822987390419 -14.325001 -48.937504 10.893750 
943823007390419 -14.475000 -48.975002 10.950001 
943823027390419 -14.456250 -49.200001 10.556251 
943823047390419 -14.306251 -49.350002 10.087501 
943823067390419 -14.156251 -49.500004 9.768750 
943823087390419 -13.931251 -49.593754 9.600000 
943823107390419 -13.912500 -49.575001 9.318750 
943823127390419 -13.518750 -49.481251 9.450001 
943823147390419 -13.087501 -49.387501 9.543751 
943823167390419 -12.600000 -49.218754 9.412500 
943823187390419 -12.506250 -49.050003 9.131250 
943823207390419 -12.150001 -49.068752 9.075001 
943823227390419 -11.831250 -48.918751 9.056251 
943823247390419 -11.531250 -48.881252 9.243751 
943823267390419 -11.043751 -48.712502 9.393750 
943823287390419 -10.612500 -48.993752 9.112500 
943823307390419 -10.293751 -49.050003 9.112500 
943823327390419 -10.012501 -49.312504 9.187500 
943823347390419 -9.543751 -49.406254 9.431251 
943823367390419 -9.225000 -49.350002 9.300000 
943823387390419 -8.812500 -49.462502 9.112500 
943823407390419 -8.493751 -49.725002 9.093750 
943823427390419 -8.512501 -49.950001 8.943750 
943823447390419 -8.831250 -49.762501 8.850000 
943823467390419 -8.718750 -49.968754 8.587501 
943823487390419 -8.718750 -50.062504 8.418751 
943823507390419 -8.737500 -50.268753 8.362500 
943823527390419 -8.850000 -50.456253 8.343750 
943823547390419 -9.000000 -50.737503 8.418751 
943823567390419 -8.906250 -50.643753 8.212501 
943823587390419 -8.756250 -50.625004 8.118751 
943823607390419 -8.625000 -50.793751 8.043751 
943823627390419 -8.906250 -50.681252 7.762500 
943823647390419 -8.887501 -50.493752 7.462500 
943823667390419 -8.793751 -50.400002 7.125000 
943823687390419 -8.643750 -50.343754 6.937500 
943823707390419 -8.718750 -50.268753 6.712500 
943823727390419 -8.643750 -50.193752 6.468750 
943823747390419 -8.700001 -49.950001 6.206250 
943823767390419 -8.606251 -50.175003 6.018750 
943823787390419 -8.606251 -50.212502 5.962500 
943823807390419 -8.700001 -50.418751 5.718750 
943823827390419 -8.812500 -50.418751 5.718750 
943823847390419 -9.206250 -50.400002 5.868750 
943823867390419 -9.375000 -50.531254 5.681250 
943823887390419 -9.656250 -50.643753 5.587500 
943823907390419 -9.600000 -50.850002 5.625000 
943823927390419 -9.750000 -50.775002 5.700000 
943823947390419 -9.562500 -50.531254 5.681250 
943823967390419 -9.412500 -50.587502 5.756250 
943823987390419 -9.393750 -50.700001 5.868750 
943824007390419 -8.943750 -50.868752 5.887500 
943824027390419 -8.550000 -50.850002 6.187500 
943824047390419 -8.437500 -50.737503 6.562500 
943824067390419 -8.343750 -50.493752 6.675000 
943824087390419 -8.043751 -50.343754 6.900000 
943824107390419 -7.875000 -50.718754 7.050000 
943824127390419 -7.556250 -50.475002 7.350000 
943824147390419 -7.050000 -50.343754 7.556250 
943824167390419 -6.862500 -50.325001 7.650000 
943824187390419 -6.712500 -50.100002 7.593750 
943824207390419 -6.525000 -50.268753 7.331250 
943824227390419 -6.450000 -50.343754 7.087500 
943824247390419 -6.393750 -50.381252 6.600000 
943824267390419 -6.000000 -50.193752 6.618750 
943824287390419 -5.662500 -50.306252 6.656250 
943824307390419 -5.475000 -50.362503 6.693750 
943824327390419 -5.100000 -50.175003 6.487500 
943824347390419 -4.575000 -50.381252 6.187500 
943824367390419 -4.143750 -50.287502 6.412500 
943824387390419 -3.637500 -50.606251 6.656250 
943824407390419 -3.300000 -50.662502 6.937500 
943824427390419 -3.300000 -50.625004 6.881250 
943824447390419 -3.206250 -50.681252 7.031250 
943824467390419 -3.393750 -50.831253 6.937500 
943824487390419 -3.487500 -50.906254 7.068750 
943824507390419 -3.543750 -50.868752 7.387500 
943824527390419 -3.600000 -50.887501 7.312500 
943824547390419 -3.656250 -50.681252 7.068750 
943824567390419 -3.337500 -50.737503 7.237500 
943824587390419 -3.225000 -50.868752 7.200000 
943824607390419 -3.431250 -50.756252 7.106250 
943824627390419 -3.356250 -50.568752 6.881250 
943824647390419 -3.618750 -50.550003 6.806250 
943824667390419 -4.068750 -50.606251 6.675000 
943824687390419 -4.181250 -50.662502 6.393750 
943824707390419 -4.406250 -50.737503 6.356250 
943824727390419 -4.893750 -50.643753 5.850000 
943824747390419 -5.231250 -50.550003 5.700000 
943824767390419 -5.418750 -50.568752 5.306250 
943824787390419 -5.681250 -50.606251 5.212500 
943824807390419 -5.606250 -50.756252 4.968750 
943824827390419 -5.625000 -50.531254 4.856250 
943824847390419 -5.643750 -50.456253 4.762500 
943824867390419 -5.812500 -50.325001 4.762500 
943824887390419 -6.093750 -50.343754 4.968750 
943824907390419 -6.168750 -50.175003 4.987500 
943824927390419 -6.300000 -50.306252 4.762500 
943824947390419 -6.468750 -50.231251 4.800000 
943824967390419 -6.900000 -50.250004 4.743750 
943824987390419 -7.143750 -50.475002 4.668750 
943825007390419 -7.293750 -50.568752 4.743750 
943825027390419 -7.162500 -50.737503 4.818750 
943825047390419 -7.068750 -50.737503 4.931250 
943825067390419 -7.031250 -50.906254 5.156250 
943825087390419 -7.106250 -50.887501 5.681250 
943825107390419 -6.956250 -50.943752 5.718750 
943825127390419 -6.900000 -50.793751 5.700000 
943825147390419 -6.993750 -50.700001 5.606250 
943825167390419 -7.200000 -50.606251 5.568750 
943825187390419 -7.425000 -50.681252 5.625000 
943825207390419 -7.481250 -50.587502 5.512500 
943825227390419 -7.593750 -50.531254 5.512500 
943825247390419 -7.537500 -50.400002 5.343750 
943825267390419 -7.668750 -50.475002 5.400000 
943825287390419 -7.556250 -50.400002 5.456250 
943825307390419 -7.293750 -50.362503 5.475000 
943825327390419 -7.087500 -50.531254 5.137500 
943825347390419 -6.937500 -50.343754 4.987500 
943825367390419 -6.693750 -50.362503 4.950000 
943825387390419 -6.375000 -50.400002 4.743750 
943825407390419 -6.206250 -50.493752 4.800000 
943825427390419 -5.906250 -50.306252 4.856250 
943825447390419 -5.737500 -50.343754 4.893750 
943825467390419 -5.493750 -50.100002 5.156250 
943825487390419 -5.325000 -49.837502 5.325000 
943825507390419 -5.287500 -50.025002 5.418750 
943825527390419 -5.193750 -50.118752 5.418750 
943825547390419 -5.175000 -50.268753 5.531250 
943825567390419 -5.043750 -50.325001 5.531250 
943825587390419 -5.137500 -50.212502 5.456250 
943825607390419 -5.212500 -50.475002 5.381250 
943825627390419 -5.250000 -50.831253 5.175000 
943825647390419 -5.400000 -51.037502 5.437500 
943825667390419 -5.193750 -51.093754 5.400000 
943825687390419 -5.268750 -50.887501 5.625000 
943825707390419 -5.531250 -50.531254 5.756250 
943825727390419 -5.700000 -50.306252 5.737500 
943825747390419 -5.775000 -50.550003 5.681250 
943825767390419 -5.868750 -50.250004 5.887500 
943825787390419 -5.887500 -49.968754 6.037500 
943825807390419 -5.981250 -49.706253 6.075000 
943825827390419 -6.318750 -49.650002 6.450000 
943825847390419 -6.581250 -50.062504 6.468750 
943825867390419 -6.525000 -50.437504 6.243750 
943825887390419 -6.750000 -50.681252 6.187500 
943825907390419 -7.031250 -50.606251 6.300000 
943825927390419 -7.125000 -50.793751 6.300000 
943825947390419 -7.500000 -50.775002 6.375000 
943825967390419 -7.706250 -50.737503 6.412500 
943825987390419 -7.631250 -50.700001 6.356250 
943826007390419 -7.425000 -50.362503 6.618750 
943826027390419 -7.687500 -50.231251 6.881250 
943826047390419 -7.518750 -50.137501 7.050000 
943826067390419 -7.350000 -50.156254 7.068750 
943826087390419 -7.125000 -50.156254 7.200000 
943826107390419 -7.050000 -50.568752 7.200000 
943826127390419 -6.975000 -50.831253 7.350000 
943826147390419 -7.012500 -50.737503 7.481250 
943826167390419 -7.125000 -50.700001 7.368750 
943826187390419 -6.918750 -50.512501 7.218750 
943826207390419 -6.806250 -50.456253 7.406250 
943826227390419 -6.806250 -50.343754 7.612500 
943826247390419 -6.825000 -50.212502 7.725000 
943826267390419 -6.618750 -49.968754 8.025001 
943826287390419 -6.356250 -49.856251 7.987500 
943826307390419 -6.393750 -49.912502 7.950000 
943826327390419 -6.375000 -49.950001 8.025001 
943826347390419 -6.543750 -49.837502 8.156250 
943826367390419 -6.825000 -50.025002 8.025001 
943826387390419 -6.881250 -50.043751 7.987500 
943826407390419 -7.275000 -49.987503 7.743750 
943826427390419 -7.556250 -49.875004 7.293750 
943826447390419 -7.818750 -49.875004 7.068750 
943826467390419 -7.912500 -49.743752 6.656250 
943826487390419 -7.800000 -49.818752 6.525000 
943826507390419 -7.800000 -49.856251 6.393750 
943826527390419 -7.575000 -49.650002 6.450000 
943826547390419 -7.556250 -49.687504 6.562500 
943826567390419 -6.956250 -49.950001 6.806250 
943826587390419 -6.862500 -50.062504 7.218750 
943826607390419 -6.768750 -50.062504 7.500000 
943826627390419 -6.543750 -49.950001 7.781250 
943826647390419 -6.543750 -49.912502 8.062500 
943826667390419 -6.450000 -50.156254 8.362500 
943826687390419 -6.506250 -50.062504 8.718750 
943826707390419 -6.693750 -49.931252 8.643750 
943826727390419 -6.937500 -49.631252 8.643750 
943826747390419 -6.881250 -49.593754 8.812500 
943826767390419 -6.768750 -49.631252 9.168751 
943826787390419 -6.843750 -49.743752 9.412500 
943826807390419 -6.843750 -49.781254 9.412500 
943826827390419 -6.900000 -49.856251 9.562500 
943826847390419 -6.768750 -49.950001 9.037500 
943826867390419 -6.468750 -50.118752 8.831250 
943826887390419 -6.468750 -50.250004 8.737500 
943826907390419 -6.450000 -50.100002 8.306251 
943826927390419 -6.581250 -49.893753 7.837500 
943826947390419 -6.393750 -49.912502 7.612500 
943826967390419 -6.281250 -49.875004 7.387500 
943826987390419 -6.037500 -49.762501 7.031250 
943827007390419 -6.075000 -49.893753 6.918750 
943827027390419 -5.887500 -49.818752 7.031250 
943827047390419 -5.793750 -49.537502 6.975000 
943827067390419 -5.475000 -49.687504 7.068750 
943827087390419 -5.400000 -49.968754 7.162500 
943827107390419 -5.362500 -49.950001 6.843750 
943827127390419 -5.475000 -50.006252 6.543750 
943827147390419 -5.737500 -49.987503 6.543750 
943827167390419 -5.587500 -49.875004 6.806250 
943827187390419 -5.925000 -49.800003 6.637500 
943827207390419 -5.943750 -50.043751 6.618750 
943827227390419 -6.262500 -49.968754 6.487500 
943827247390419 -6.318750 -49.612503 6.637500 
943827267390419 -6.487500 -49.537502 7.050000 
943827287390419 -6.750000 -49.350002 7.650000 
943827307390419 -6.412500 -49.425003 7.912500 
943827327390419 -6.431250 -49.312504 7.856250 
943827347390419 -6.300000 -49.368752 8.362500 
943827367390419 -6.450000 -49.387501 8.718750 
943827387390419 -6.375000 -49.537502 9.225000 
943827407390419 -6.412500 -49.706253 9.450001 
943827427390419 -6.562500 -49.687504 9.450001 
943827447390419 -6.318750 -49.706253 9.225000 
943827467390419 -6.881250 -49.668751 8.981251 
943827487390419 -7.143750 -49.706253 9.075001 
943827507390419 -7.256250 -49.800003 8.887501 
943827527390419 -7.575000 -49.762501 8.606251 
943827547390419 -7.762500 -49.612503 8.400001 
943827567390419 -7.781250 -49.556252 7.912500 
943827587390419 -7.631250 -49.500004 7.575000 
943827607390419 -7.706250 -49.312504 7.218750 
943827627390419 -7.368750 -49.181252 6.993750 
943827647390419 -7.387500 -49.256252 6.693750 
943827667390419 -7.462500 -49.218754 6.262500 
943827687390419 -7.106250 -49.050003 5.906250 
943827707390419 -6.843750 -49.125004 5.475000 
943827727390419 -6.768750 -49.237503 5.287500 
943827747390419 -6.862500 -49.256252 5.137500 
943827767390419 -6.768750 -49.331253 5.193750 
943827787390419 -6.618750 -49.331253 5.118750 
943827807390419 -6.412500 -49.275002 5.212500 
943827827390419 -6.131250 -49.312504 5.156250 
943827847390419 -5.831250 -49.218754 5.025000 
943827867390419 -5.943750 -49.181252 5.100000 
943827887390419 -5.943750 -49.143753 5.250000 
943827907390419 -5.793750 -49.125004 5.418750 
943827927390419 -5.868750 -49.275002 5.568750 
943827947390419 -5.981250 -49.218754 5.812500 
943827967390419 -5.906250 -49.200001 5.662500 
943827987390419 -6.150000 -49.200001 5.868750 
943828007390419 -6.450000 -49.612503 6.187500 
943828027390419 -6.487500 -49.406254 6.056250 
943828047390419 -6.375000 -49.218754 6.037500 
943828067390419 -6.412500 -49.106251 5.887500 
943828087390419 -6.600000 -49.106251 5.287500 
943828107390419 -6.468750 -49.031254 4.650000 
943828127390419 -6.600000 -48.975002 4.312500 
943828147390419 -6.543750 -48.937504 3.993750 
943828167390419 -6.750000 -48.675003 3.712500 
943828187390419 -6.656250 -48.675003 3.487500 
943828207390419 -6.806250 -48.750004 3.318750 
943828227390419 -6.768750 -48.956253 3.412500 
943828247390419 -6.618750 -48.993752 3.806250 
943828267390419 -6.900000 -49.068752 4.012500 
943828287390419 -7.031250 -48.862503 4.237500 
943828307390419 -6.975000 -48.712502 4.293750 
943828327390419 -6.637500 -48.675003 4.387500 
943828347390419 -6.787500 -48.656254 4.668750 
943828367390419 -6.787500 -48.600002 4.912500 
943828387390419 -7.181250 -48.300003 5.062500 
943828407390419 -7.481250 -48.075001 5.043750 
943828427390419 -7.556250 -48.000000 5.250000 
943828447390419 -7.650000 -48.000000 5.418750 
943828467390419 -7.931250 -48.150002 5.568750 
943828487390419 -8.231251 -48.131252 5.568750 
943828507390419 -8.268750 -48.131252 5.531250 
943828527390419 -8.250000 -48.056252 5.043750 
943828547390419 -8.175000 -48.056252 4.743750 
943828567390419 -8.231251 -47.850002 4.687500 
943828587390419 -8.418751 -47.568752 4.781250 
943828607390419 -8.625000 -47.531250 4.650000 
943828627390419 -8.737500 -47.193752 4.387500 
943828647390419 -8.925000 -47.231251 4.237500 
943828667390419 -9.393750 -47.006252 3.900000 
943828687390419 -9.825001 -46.931252 3.993750 
943828707390419 -9.937500 -46.950001 4.031250 
943828727390419 -9.806251 -47.306252 4.125000 
943828747390419 -9.581250 -47.287502 3.825000 
943828767390419 -9.450001 -47.531250 3.637500 
943828787390419 -9.206250 -47.643753 3.825000 
943828807390419 -9.356251 -47.568752 3.862500 
943828827390419 -8.850000 -47.737503 4.143750 
943828847390419 -8.493751 -47.793751 4.312500 
943828867390419 -8.381250 -47.606251 4.368750 
943828887390419 -8.531250 -47.175003 4.237500 
943828907390419 -8.756250 -47.531250 4.425000 
943828927390419 -8.737500 -47.400002 4.912500 
943828947390419 -8.962501 -47.381252 5.025000 
943828967390419 -8.887501 -47.343750 5.325000 
943828987390419 -8.812500 -47.156250 5.231250 
943829007390419 -8.962501 -47.081253 5.362500 
943829027390419 -8.793751 -47.325001 5.587500 
943829047390419 -8.587501 -47.568752 5.793750 
943829067390419 -8.493751 -47.268753 5.737500 
943829087390419 -8.362500 -47.100002 5.681250 
943829107390419 -8.325001 -46.968750 5.850000 
943829127390419 -8.325001 -46.968750 5.775000 
943829147390419 -8.381250 -46.893753 5.868750 
943829167390419 -8.400001 -46.687500 5.981250 
943829187390419 -8.512501 -46.537502 6.056250 
943829207390419 -8.418751 -46.425003 5.887500 
943829227390419 -8.175000 -46.425003 5.981250 
943829247390419 -8.287500 -46.443752 6.056250 
943829267390419 -8.006250 -46.481251 5.906250 
943829287390419 -7.593750 -46.406250 5.943750 
943829307390419 -7.237500 -46.518753 6.206250 
943829327390419 -7.031250 -46.725002 6.112500 
943829347390419 -7.050000 -46.856251 5.943750 
943829367390419 -6.937500 -46.668751 6.112500 
943829387390419 -7.087500 -46.687500 6.300000 
943829407390419 -7.125000 -46.762501 6.037500 
943829427390419 -7.125000 -46.687500 6.037500 
943829447390419 -7.312500 -46.725002 5.962500 
943829467390419 -7.893750 -46.931252 5.887500 
943829487390419 -8.025001 -47.081253 6.112500 
943829507390419 -7.912500 -47.118752 6.093750 
943829527390419 -8.231251 -47.343750 6.000000 
943829547390419 -8.400001 -47.418751 5.868750 
943829567390419 -8.756250 -47.250000 6.075000 
943829587390419 -8.925000 -47.250000 6.243750 
943829607390419 -9.000000 -47.043751 6.112500 
943829627390419 -9.112500 -46.762501 6.112500 
943829647390419 -9.150001 -46.537502 5.662500 
943829667390419 -9.450001 -46.275002 5.643750 
943829687390419 -9.506250 -46.256252 5.400000 
943829707390419 -9.731251 -46.218750 5.193750 
943829727390419 -9.468750 -46.331253 4.800000 
943829747390419 -9.487500 -46.256252 4.293750 
943829767390419 -9.693750 -46.518753 4.256250 
943829787390419 -9.656250 -46.781250 3.956250 
943829807390419 -9.656250 -46.950001 3.787500 
943829827390419 -9.468750 -47.156250 3.600000 
943829847390419 -9.412500 -47.418751 3.787500 
943829867390419 -8.943750 -47.400002 3.806250 
943829887390419 -8.737500 -47.568752 4.256250 
943829907390419 -8.681251 -47.812500 4.668750 
943829927390419 -8.437500 -47.925003 4.856250 
943829947390419 -8.437500 -47.793751 5.156250 
943829967390419 -8.456250 -47.925003 5.587500 
943829987390419 -8.531250 -48.037502 5.756250 
943830007390419 -8.550000 -47.981251 5.906250 
943830027390419 -8.775001 -48.075001 6.168750 
943830047390419 -9.093750 -47.887501 6.150000 
943830067390419 -9.150001 -47.868752 6.225000 
943830087390419 -9.468750 -47.887501 6.637500 
943830107390419 -9.225000 -47.906250 6.675000 
943830127390419 -9.168751 -48.000000 6.843750 
943830147390419 -9.056251 -47.925003 7.068750 
943830167390419 -8.962501 -47.756252 7.125000 
943830187390419 -9.000000 -47.756252 7.125000 
943830207390419 -9.093750 -47.925003 7.012500 
943830227390419 -9.337501 -47.906250 7.031250 
943830247390419 -9.412500 -47.493752 6.581250 
943830267390419 -9.881250 -47.493752 6.262500 
943830287390419 -10.050000 -47.325001 5.718750 
943830307390419 -10.312500 -47.287502 5.231250 
943830327390419 -10.443750 -47.568752 4.668750 
943830347390419 -10.687500 -47.812500 4.368750 
943830367390419 -10.800000 -47.868752 4.031250 
943830387390419 -10.950001 -47.906250 3.543750 
943830407390419 -11.006250 -48.356251 3.262500 
943830427390419 -10.837501 -48.393753 3.412500 
943830447390419 -11.081250 -48.318752 3.356250 
943830467390419 -11.175000 -48.243752 3.375000 
943830487390419 -11.287500 -48.000000 3.618750 
943830507390419 -11.325001 -47.775002 3.300000 
943830527390419 -11.475000 -47.681252 3.562500 
943830547390419 -11.437500 -47.718750 3.693750 
943830567390419 -11.550000 -47.456253 4.087500 
943830587390419 -11.550000 -47.756252 4.087500 
943830607390419 -11.606251 -48.056252 4.500000 
943830627390419 -11.643750 -48.131252 4.818750 
943830647390419 -11.700001 -48.150002 5.043750 
943830667390419 -11.756250 -48.056252 5.400000 
943830687390419 -11.718750 -47.981251 5.418750 
943830707390419 -11.925000 -47.943752 5.306250 
943830727390419 -11.643750 -48.037502 5.043750 
943830747390419 -11.625000 -47.812500 4.893750 
943830767390419 -11.606251 -47.625000 4.612500 
943830787390419 -11.793751 -47.606251 4.443750 
943830807390419 -11.737500 -47.812500 4.425000 
943830827390419 -11.568750 -47.925003 4.387500 
943830847390419 -11.400001 -48.075001 4.293750 
943830867390419 -11.231251 -48.075001 4.162500 
943830887390419 -11.343750 -48.187504 3.862500 
943830907390419 -11.156250 -48.262501 3.843750 
943830927390419 -10.725000 -48.581253 3.956250 
943830947390419 -10.331250 -48.525002 3.956250 
943830967390419 -10.237500 -48.431252 3.862500 
943830987390419 -10.218750 -48.375004 4.218750 
943831007390419 -10.125000 -48.412502 4.293750 
943831027390419 -9.937500 -48.487503 4.912500 
943831047390419 -9.750000 -48.543751 5.681250 
943831067390419 -10.087501 -48.693752 6.225000 
943831087390419 -10.200001 -48.675003 6.581250 
943831107390419 -10.181251 -48.862503 7.068750 
943831127391802 -10.425000 -49.106251 7.406250 
943831147391802 -10.312500 -49.350002 7.331250 
943831167391802 -10.387501 -49.425003 7.462500 
943831187391802 -10.331250 -49.293751 7.331250 
943831207391802 -10.462501 -48.993752 7.631250 
943831227391802 -10.368751 -48.975002 7.706250 
943831247391802 -10.425000 -48.693752 7.818750 
943831267391802 -10.593750 -48.450001 7.593750 
943831287391802 -10.556251 -48.187504 7.593750 
943831307391802 -10.781250 -48.187504 7.725000 
943831327391802 -10.743751 -47.943752 7.668750 
943831347391802 -10.593750 -47.868752 7.818750 
943831367391802 -10.387501 -47.831253 7.331250 
943831387391802 -10.387501 -47.775002 7.031250 
943831407391802 -10.537500 -48.112503 6.712500 
943831427391802 -10.387501 -48.431252 6.506250 
943831447391802 -10.181251 -48.262501 5.850000 
943831467391802 -10.181251 -48.093754 5.625000 
943831487391802 -10.087501 -48.281254 5.550000 
943831507391802 -10.293751 -48.450001 5.381250 
943831527391802 -10.275001 -48.637501 5.325000 
943831547391802 -10.293751 -48.356251 5.137500 
943831567391802 -9.806251 -48.150002 5.156250 
943831587391802 -9.712501 -48.037502 5.456250 
943831607391802 -9.506250 -48.225002 5.906250 
943831627391802 -9.093750 -48.562504 6.037500 
943831647391802 -9.037500 -48.656254 6.262500 
943831667391802 -8.756250 -48.862503 6.543750 
943831687391802 -8.643750 -48.975002 6.881250 
943831707391802 -8.325001 -49.256252 7.368750 
943831727391802 -8.231251 -49.425003 7.575000 
943831747391802 -8.212501 -49.331253 7.706250 
943831767391802 -8.062500 -49.443752 7.818750 
943831787391802 -8.062500 -49.312504 7.931250 
943831807391802 -7.818750 -49.218754 7.706250 
943831827391802 -7.837500 -49.068752 7.425000 
943831847391802 -7.987500 -49.237503 6.806250 
943831867391802 -7.800000 -49.387501 6.656250 
943831887391802 -8.081250 -49.331253 6.543750 
943831907391802 -7.931250 -49.575001 6.318750 
943831927391802 -8.062500 -49.537502 5.925000 
943831947391802 -8.193750 -49.443752 5.512500 
943831967391802 -8.325001 -49.743752 5.250000 
943831987391802 -8.306251 -49.950001 5.062500 
943832007391802 -7.950000 -49.800003 5.381250 
943832027391802 -7.818750 -49.912502 5.100000 
943832047391802 -7.650000 -50.043751 4.931250 
943832067391802 -7.706250 -50.100002 4.818750 
943832087391802 -7.837500 -50.268753 5.231250 
943832107391802 -7.575000 -50.418751 5.362500 
943832127391802 -7.481250 -50.268753 5.662500 
943832147391802 -7.312500 -50.137501 5.831250 
943832167391802 -7.293750 -50.025002 5.850000 
943832187391802 -7.500000 -49.800003 6.262500 
943832207391802 -7.218750 -49.687504 6.225000 
943832227391802 -7.012500 -49.537502 6.300000 
943832247391802 -6.712500 -49.687504 6.206250 
943832267391802 -6.656250 -49.743752 6.168750 
943832287391802 -6.487500 -49.743752 6.243750 
943832307391802 -6.112500 -50.100002 6.243750 
943832327391802 -5.793750 -50.512501 6.168750 
943832347391802 -5.625000 -50.793751 5.400000 
943832367391802 -6.168750 -50.775002 4.987500 
943832387391802 -6.243750 -51.018753 4.406250 
943832407391802 -6.693750 -50.868752 3.787500 
943832427391802 -6.956250 -50.943752 3.206250 
943832447391802 -7.331250 -50.962502 2.231250 
943832467391802 -7.837500 -50.700001 1.387500 
943832487391802 -8.156250 -50.550003 0.412500 
943832507391802 -8.043751 -50.568752 0.093750 
943832527391802 -7.631250 -50.643753 -0.375000 
943832547391802 -7.668750 -50.831253 -0.806250 
943832567391802 -7.275000 -50.981251 -1.181250 
943832587391802 -7.031250 -51.018753 -1.331250 
943832607391802 -6.656250 -51.206253 -1.162500 
943832627391802 -6.431250 -51.318752 -1.050000 
943832647391802 -6.206250 -51.562504 -0.543750 
943832667391802 -6.131250 -51.656254 -0.262500 
943832687391802 -6.150000 -51.806252 -0.075000 
943832707391802 -5.887500 -51.693752 0.637500 
943832727391802 -5.681250 -51.450001 1.106250 
943832747391802 -5.250000 -51.300003 1.612500 
943832767391802 -4.856250 -51.300003 1.818750 
943832787391802 -4.537500 -51.318752 2.081250 
943832807391802 -4.537500 -51.281254 2.250000 
943832827391802 -4.518750 -51.243752 2.475000 
943832847391802 -4.518750 -51.356251 2.868750 
943832867391802 -4.087500 -51.450001 2.906250 
943832887391802 -3.918750 -51.862503 3.318750 
943832907391802 -4.256250 -51.993752 3.525000 
943832927391802 -4.425000 -52.293751 3.656250 
943832947391802 -4.818750 -52.162502 3.768750 
943832967391802 -4.987500 -52.162502 3.825000 
943832987391802 -5.456250 -52.218754 3.506250 
943833007391802 -5.287500 -52.181252 3.337500 
943833027391802 -5.643750 -52.181252 2.943750 
943833047391802 -5.568750 -52.218754 2.325000 
943833067391802 -5.212500 -52.575001 1.893750 
943833087391802 -4.893750 -52.443752 1.500000 
943833107391802 -4.200000 -52.631252 1.106250 
943833127391802 -3.581250 -52.762501 0.918750 
943833147391802 -2.868750 -52.575001 0.993750 
943833167391802 -2.512500 -52.837502 0.731250 
943833187391802 -2.325000 -53.043751 0.712500 
943833207391802 -2.043750 -53.025002 0.637500 
943833227391802 -1.931250 -52.875004 0.393750 
943833247391802 -1.800000 -53.006252 0.450000 
943833267391802 -2.043750 -53.156254 0.412500 
943833287391802 -2.100000 -53.193752 0.300000 
943833307391802 -2.212500 -53.550003 0.243750 
943833327391802 -2.400000 -53.493752 0.337500 
943833347391802 -2.175000 -53.493752 0.337500 
943833367391802 -2.137500 -53.568752 0.337500 
943833387391802 -1.931250 -53.550003 0.168750 
943833407391802 -2.025000 -53.587502 0.168750 
943833427391802 -2.006250 -53.643753 0.187500 
943833447391802 -2.231250 -53.700001 -0.056250 
943833467391802 -2.212500 -53.681252 -0.337500 
943833487391802 -2.250000 -53.681252 -0.487500 
943833507391802 -2.606250 -53.700001 -0.806250 
943833527391802 -3.018750 -53.512501 -0.975000 
943833547391802 -3.300000 -53.531254 -1.068750 
943833567391802 -3.600000 -53.306252 -1.350000 
943833587391802 -3.581250 -53.137501 -1.781250 
943833607391802 -3.506250 -52.968754 -2.100000 
943833627391802 -3.825000 -52.987503 -2.156250 
943833647391802 -3.975000 -52.893753 -2.137500 
943833667391802 -4.125000 -52.800003 -2.118750 
943833687391802 -4.143750 -53.118752 -2.025000 
943833707391802 -4.162500 -53.193752 -1.931250 
943833727391802 -4.425000 -53.512501 -1.556250 
943833747391802 -4.837500 -53.681252 -1.143750 
943833767391802 -5.475000 -53.700001 -0.731250 
943833787391802 -5.718750 -53.662502 -0.506250 
943833807391802 -6.206250 -53.568752 -0.618750 
943833827391802 -6.656250 -53.550003 -0.412500 
943833847391802 -7.256250 -53.531254 -0.468750 
943833867391802 -8.006250 -53.400002 -0.431250 
943833887391802 -8.156250 -53.156254 -0.618750 
943833907391802 -8.606251 -53.062504 -0.825000 
943833927391802 -8.681251 -52.987503 -1.237500 
943833947391802 -8.943750 -52.762501 -1.406250 
943833967391802 -8.831250 -52.593754 -1.312500 
943833987391802 -8.718750 -52.668751 -1.556250 
943834007391802 -8.418751 -52.500004 -1.762500 
943834027391802 -8.268750 -52.575001 -1.668750 
943834047391802 -8.025001 -52.368752 -1.593750 
943834067391802 -7.575000 -52.425003 -1.518750 
943834087391802 -7.350000 -52.687504 -1.293750 
943834107391802 -7.143750 -52.631252 -1.275000 
943834127391802 -7.143750 -52.668751 -1.575000 
943834147391802 -7.275000 -52.500004 -1.518750 
943834167391802 -7.312500 -52.631252 -1.781250 
943834187391802 -7.012500 -52.481251 -2.025000 
943834207391802 -6.993750 -52.537502 -2.137500 
943834227391802 -6.937500 -52.256252 -2.193750 
943834247391802 -6.825000 -52.068752 -2.137500 
943834267391802 -6.450000 -52.162502 -2.212500 
943834287391802 -6.206250 -52.387501 -1.781250 
943834307391802 -5.400000 -52.331253 -1.706250 
943834327391802 -5.006250 -52.331253 -1.237500 
943834347391802 -4.931250 -52.500004 -1.068750 
943834367391802 -4.800000 -52.743752 -1.087500 
943834387391802 -4.687500 -52.818752 -0.937500 
943834407391802 -4.631250 -52.950001 -0.787500 
943834427391802 -4.518750 -52.893753 -0.693750 
943834447391802 -4.387500 -52.800003 -0.862500 
943834467391802 -4.612500 -53.025002 -0.825000 
943834487391802 -4.687500 -52.931252 -0.750000 
943834507391802 -4.762500 -52.800003 -0.806250 
943834527391802 -4.800000 -52.631252 -0.843750 
943834547391802 -4.593750 -52.593754 -0.975000 
943834567391802 -4.275000 -52.293751 -1.181250 
943834587391802 -4.312500 -52.387501 -1.500000 
943834607391802 -4.125000 -52.256252 -1.837500 
943834627391802 -4.143750 -52.031254 -2.193750 
943834647391802 -3.956250 -51.731251 -2.662500 
943834667391802 -3.993750 -51.637501 -3.037500 
943834687391802 -4.125000 -51.506252 -3.000000 
943834707391802 -4.650000 -51.543751 -3.300000 
943834727391802 -5.043750 -51.450001 -3.468750 
943834747391802 -5.287500 -51.300003 -3.356250 
943834767391802 -5.775000 -51.300003 -2.943750 
943834787391802 -6.018750 -51.075001 -2.775000 
943834807391802 -6.431250 -51.187504 -2.362500 
943834827391802 -6.712500 -51.093754 -1.650000 
943834847391802 -6.825000 -50.962502 -1.312500 
943834867391802 -6.731250 -51.056252 -0.075000 
943834887391802 -6.900000 -51.093754 0.731250 
943834907391802 -7.331250 -50.943752 1.575000 
943834927391802 -7.518750 -50.943752 2.362500 
943834947391802 -7.500000 -50.981251 3.450000 
943834967391802 -7.856250 -50.906254 4.575000 
943834987391802 -8.081250 -50.850002 5.362500 
943835007391802 -8.475000 -50.831253 6.093750 
943835027391802 -8.850000 -50.550003 6.337500 
943835047391802 -9.150001 -50.512501 6.993750 
943835067391802 -9.037500 -50.587502 7.331250 
943835087391802 -9.000000 -50.306252 7.425000 
943835107391802 -9.225000 -50.175003 7.593750 
943835127391802 -9.075001 -50.062504 7.443750 
943835147391802 -8.943750 -50.193752 7.406250 
943835167391802 -9.075001 -50.250004 7.350000 
943835187391802 -9.018750 -50.325001 7.162500 
943835207391802 -9.018750 -50.250004 6.993750 
943835227391802 -8.831250 -50.100002 6.843750 
943835247391802 -8.831250 -50.231251 6.843750 
943835267391802 -8.718750 -50.418751 6.712500 
943835287391802 -8.456250 -50.587502 6.843750 
943835307391802 -8.193750 -50.550003 6.787500 
943835327391802 -7.725000 -50.568752 6.806250 
943835347391802 -7.425000 -50.625004 6.862500 
943835367391802 -6.993750 -50.831253 6.993750 
943835387391802 -6.806250 -51.000004 7.387500 
943835407391802 -6.675000 -51.112503 7.593750 
943835427391802 -6.656250 -50.850002 7.706250 
943835447391802 -6.843750 -50.681252 7.875000 
943835467391802 -6.993750 -50.456253 7.837500 
943835487391802 -6.750000 -50.006252 7.950000 
943835507391802 -6.600000 -49.950001 8.343750 
943835527391802 -6.450000 -49.800003 8.531250 
943835547391802 -6.356250 -49.650002 8.550000 
943835567391802 -6.225000 -49.350002 8.587501 
943835587391802 -6.168750 -49.650002 8.456250 
943835607391802 -6.037500 -49.406254 8.100000 
943835627391802 -6.037500 -49.443752 8.062500 
943835647391802 -6.187500 -49.743752 7.781250 
943835667391802 -6.187500 -49.781254 7.181250 
943835687391802 -6.412500 -49.575001 6.581250 
943835707391802 -6.506250 -49.631252 6.037500 
943835727391802 -6.356250 -49.762501 5.568750 
943835747391802 -6.487500 -49.575001 5.175000 
943835767391802 -6.581250 -49.725002 5.100000 
943835787391802 -6.618750 -49.687504 4.687500 
943835807391802 -7.031250 -49.593754 4.368750 
943835827391802 -7.481250 -49.237503 3.900000 
943835847391802 -7.687500 -49.256252 3.562500 
943835867391802 -7.950000 -49.050003 3.412500 
943835887391802 -8.512501 -49.106251 3.225000 
943835907391802 -8.493751 -48.825001 3.037500 
943835927391802 -8.587501 -48.656254 2.700000 
943835947391802 -8.587501 -48.637501 2.812500 
943835967391802 -8.418751 -48.712502 2.737500 
943835987391802 -8.775001 -48.975002 2.737500 
943836007391802 -8.737500 -48.900002 2.850000 
943836027391802 -8.906250 -49.068752 2.700000 
943836047391802 -8.887501 -49.050003 2.756250 
943836067391802 -9.000000 -49.350002 2.943750 
943836087391802 -8.868751 -49.612503 3.131250 
943836107391802 -8.868751 -49.575001 3.356250 
943836127391802 -8.737500 -49.575001 3.506250 
943836147391802 -8.493751 -49.106251 3.637500 
943836167391802 -8.493751 -49.218754 3.525000 
943836187391802 -8.456250 -49.087502 3.525000 
943836207391802 -8.156250 -48.918751 3.393750 
943836227391802 -8.118751 -49.012501 3.487500 
943836247391802 -8.231251 -48.918751 3.675000 
943836267391802 -8.062500 -48.900002 3.525000 
943836287391802 -8.175000 -48.881252 3.543750 
943836307391802 -8.156250 -49.218754 3.618750 
943836327391802 -8.175000 -49.031254 3.937500 
943836347391802 -8.043751 -49.050003 4.143750 
943836367391802 -8.175000 -49.106251 4.275000 
943836387391802 -8.437500 -48.918751 4.162500 
943836407391802 -8.362500 -48.937504 3.750000 
943836427391802 -8.343750 -49.031254 3.806250 
943836447391802 -8.006250 -49.031254 3.487500 
943836467391802 -7.462500 -48.862503 3.618750 
943836487391802 -6.843750 -49.181252 3.506250 
943836507391802 -6.225000 -49.406254 3.506250 
943836527391802 -5.418750 -49.387501 3.693750 
943836547391802 -4.443750 -49.650002 3.918750 
943836567391802 -4.031250 -49.893753 4.143750 
943836587391802 -3.618750 -49.968754 4.162500 
943836607391802 -3.187500 -49.987503 4.425000 
943836627391802 -2.906250 -50.193752 4.687500 
943836647391802 -2.812500 -50.006252 5.006250 
943836667391802 -2.737500 -50.100002 5.381250 
943836687391802 -2.756250 -50.081253 5.400000 
943836707391802 -2.587500 -49.875004 5.625000 
943836727391802 -2.325000 -49.837502 5.906250 
943836747391802 -2.156250 -49.706253 6.037500 
943836767391802 -1.950000 -49.931252 6.581250 
943836787391802 -1.631250 -49.968754 6.750000 
943836807391802 -1.293750 -50.325001 6.731250 
943836827391802 -0.937500 -50.231251 6.675000 
943836847391802 -0.787500 -50.606251 6.675000 
943836867391802 -0.712500 -50.475002 6.412500 
943836887391802 -0.431250 -50.268753 6.168750 
943836907391802 -0.093750 -50.512501 6.393750 
943836927391802 -0.131250 -50.362503 6.262500 
943836947391802 -0.337500 -50.325001 6.356250 
943836967391802 -0.431250 -50.081253 6.356250 
943836987391802 -0.562500 -50.118752 6.356250 
943837007391802 -0.450000 -50.006252 6.468750 
943837027391802 -0.506250 -50.118752 6.618750 
943837047391802 -0.600000 -50.212502 7.031250 
943837067391802 -0.675000 -50.287502 6.956250 
943837087391802 -0.450000 -50.193752 6.956250 
943837107391802 -0.243750 -50.268753 6.806250 
943837127391802 -0.262500 -50.287502 6.918750 
943837147391802 -0.375000 -50.100002 6.993750 
943837167391802 -0.768750 -50.025002 7.125000 
943837187391802 -0.750000 -50.081253 6.918750 
943837207391802 -0.862500 -50.006252 6.900000 
943837227391802 -0.937500 -49.818752 6.918750 
943837247391802 -1.181250 -50.025002 7.068750 
943837267391802 -1.518750 -49.875004 6.956250 
943837287391802 -1.218750 -49.931252 6.937500 
943837307391802 -0.862500 -50.250004 7.050000 
943837327391802 -0.487500 -50.081253 7.031250 
943837347391802 -0.675000 -50.193752 7.312500 
943837367391802 -0.450000 -50.306252 7.518750 
943837387391802 -0.393750 -50.212502 7.818750 
943837407391802 -0.300000 -50.118752 8.043751 
943837427391802 -0.037500 -50.343754 8.137501 
943837447391802 -0.300000 -50.343754 8.137501 
943837467391802 -0.075000 -50.325001 8.250000 
943837487391802 0.093750 -50.493752 8.343750 
943837507391802 0.412500 -50.343754 8.437500 
943837527391802 0.300000 -50.493752 8.325001 
943837547391802 0.375000 -50.775002 7.912500 
943837567391802 0.468750 -50.793751 7.368750 
943837587391802 0.675000 -50.906254 7.537500 
943837607391802 0.881250 -50.850002 7.556250 
943837627391802 0.487500 -50.606251 7.500000 
943837647391802 0.825000 -50.662502 7.518750 
943837667391802 1.218750 -50.718754 7.912500 
943837687391802 1.593750 -50.568752 8.156250 
943837707391802 2.137500 -50.493752 8.475000 
943837727391802 2.306250 -50.606251 8.981251 
943837747391802 2.381250 -50.531254 8.887501 
943837767391802 2.456250 -50.531254 8.737500 
943837787391802 2.587500 -50.718754 8.475000 
943837807391802 2.437500 -50.812504 8.475000 
943837827391802 2.175000 -50.906254 7.893750 
943837847391802 1.931250 -50.831253 7.331250 
943837867391802 1.406250 -50.850002 6.656250 
943837887391802 1.293750 -50.831253 5.925000 
943837907391802 1.406250 -50.981251 5.193750 
943837927391802 1.406250 -51.487503 5.062500 
943837947391802 1.125000 -51.693752 4.743750 
943837967391802 0.675000 -51.543751 4.181250 
943837987391802 0.450000 -51.581253 3.993750 
943838007391802 0.187500 -51.787502 3.918750 
943838027391802 0.262500 -51.975002 3.975000 
943838047391802 -0.037500 -51.975002 4.106250 
943838067391802 -0.468750 -51.900002 4.556250 
943838087391802 -0.843750 -51.675003 4.275000 
943838107391802 -0.750000 -51.506252 4.106250 
943838127391802 -0.562500 -51.712502 3.975000 
943838147391802 -0.637500 -51.843754 3.712500 
943838167391802 -0.356250 -52.068752 3.862500 
943838187391802 -0.562500 -52.050003 4.050000 
943838207391802 -0.037500 -52.256252 4.106250 
943838227391802 -0.000000 -52.406254 4.125000 
943838247391802 0.075000 -52.293751 4.537500 
943838267391802 0.056250 -52.275002 4.968750 
943838287391802 -0.281250 -52.350002 5.325000 
943838307391802 -0.356250 -52.368752 5.568750 
943838327391802 -0.881250 -52.237503 5.550000 
943838347391802 -0.862500 -52.481251 5.700000 
943838367391802 -1.218750 -52.462502 5.793750 
943838387391802 -1.218750 -52.425003 5.887500 
943838407391802 -1.218750 -52.575001 5.850000 
943838427391802 -1.275000 -52.762501 5.606250 
943838447391802 -1.275000 -52.687504 5.475000 
943838467391802 -1.293750 -52.556252 5.493750 
943838487391802 -1.050000 -52.650002 5.475000 
943838507391802 -1.125000 -52.368752 5.475000 
943838527391802 -1.218750 -52.500004 5.325000 
943838547391802 -1.293750 -52.593754 5.231250 
943838567391802 -1.481250 -52.575001 5.287500 
943838587391802 -1.537500 -52.725002 5.437500 
943838607391802 -1.743750 -52.725002 5.568750 
943838627391802 -1.762500 -52.912502 5.418750 
943838647391802 -1.968750 -52.856251 5.287500 
943838667391802 -2.231250 -52.950001 4.950000 
943838687391802 -2.737500 -52.762501 4.837500 
943838707391802 -2.887500 -52.537502 4.631250 
943838727391802 -3.037500 -52.575001 4.106250 
943838747391802 -2.981250 -52.668751 3.787500 
943838767391802 -2.662500 -52.425003 3.600000 
943838787391802 -2.662500 -52.331253 3.506250 
943838807391802 -2.550000 -52.256252 3.187500 
943838827391802 -2.662500 -52.537502 3.037500 
943838847391802 -2.456250 -52.443752 2.718750 
943838867391802 -2.531250 -52.406254 2.587500 
943838887391802 -2.475000 -52.256252 2.512500 
943838907391802 -2.531250 -52.162502 2.250000 
943838927391802 -2.625000 -52.331253 1.987500 
943838947391802 -2.625000 -52.500004 1.968750 
943838967391802 -2.643750 -52.406254 1.762500 
943838987391802 -2.325000 -51.881252 1.537500 
943839007391802 -2.193750 -51.956253 1.218750 
943839027391802 -1.875000 -51.956253 0.750000 
943839047391802 -1.650000 -51.900002 0.487500 
943839067391802 -1.481250 -51.693752 0.412500 
943839087391802 -1.500000 -51.693752 0.506250 
943839107391802 -1.500000 -51.450001 0.225000 
943839127391802 -1.443750 -51.393753 0.037500 
943839147391802 -1.537500 -51.468754 -0.375000 
943839167391802 -1.743750 -51.375004 -0.093750 
943839187391802 -2.118750 -51.543751 0.112500 
943839207391802 -2.531250 -51.656254 0.300000 
943839227391802 -2.850000 -51.543751 0.412500 
943839247391802 -2.887500 -51.543751 0.318750 
943839267391802 -2.906250 -51.637501 0.243750 
943839287391802 -2.981250 -51.656254 0.431250 
943839307391802 -2.831250 -51.750004 0.768750 
943839327391802 -2.625000 -51.918751 0.637500 
943839347391802 -2.550000 -51.918751 0.693750 
943839367391802 -2.362500 -51.806252 0.806250 
943839387391802 -2.343750 -51.825001 0.900000 
943839407391802 -2.212500 -51.956253 0.900000 
943839427391802 -2.043750 -51.825001 1.200000 
943839447391802 -1.593750 -51.712502 1.350000 
943839467391802 -1.425000 -51.675003 1.593750 
943839487391802 -1.256250 -51.431252 2.156250 
943839507391802 -0.881250 -51.093754 2.568750 
943839527391802 -0.337500 -50.962502 2.737500 
943839547391802 0.150000 -50.981251 3.037500 
943839567391802 0.581250 -50.793751 3.375000 
943839587391802 0.712500 -50.906254 3.768750 
943839607391802 0.506250 -51.056252 4.143750 
943839627391802 0.731250 -50.812504 4.612500 
943839647391802 1.012500 -51.000004 4.931250 
943839667391802 1.331250 -51.131252 5.156250 
943839687391802 1.387500 -51.131252 5.643750 
943839707391802 1.762500 -51.150002 5.906250 
943839727391802 2.006250 -51.131252 6.356250 
943839747391802 2.418750 -50.868752 6.431250 
943839767391802 2.943750 -50.718754 6.600000 
943839787391802 3.112500 -50.925003 6.675000 
943839807391802 3.262500 -50.831253 6.337500 
943839827391802 3.075000 -50.981251 6.075000 
943839847391802 3.412500 -51.093754 5.493750 
943839867391802 3.543750 -51.093754 5.231250 
943839887391802 3.468750 -51.112503 4.800000 
943839907391802 3.431250 -51.412502 4.425000 
943839927391802 3.393750 -51.318752 4.350000 
943839947391802 3.675000 -51.187504 4.368750 
943839967391802 3.750000 -51.056252 4.537500 
943839987391802 3.993750 -50.718754 4.893750 
943840007391802 4.012500 -50.512501 5.343750 
943840027391802 3.787500 -50.362503 5.718750 
943840047391802 3.993750 -50.156254 6.037500 
943840067391802 3.918750 -49.725002 6.618750 
943840087391802 3.806250 -49.781254 6.918750 
943840107391802 3.637500 -49.687504 7.106250 
943840127391802 3.675000 -49.856251 6.937500 
943840147391802 3.637500 -49.875004 6.618750 
943840167391802 3.412500 -49.968754 6.618750 
943840187391802 3.600000 -50.062504 6.825000 
943840207391802 3.356250 -49.950001 6.768750 
943840227391802 3.525000 -49.912502 6.675000 
943840247391802 3.543750 -49.837502 6.450000 
943840267391802 3.787500 -49.893753 6.150000 
943840287391802 3.787500 -49.687504 6.168750 
943840307391802 3.918750 -49.762501 6.337500 
943840327391802 4.181250 -49.818752 6.187500 
943840347391802 4.200000 -49.800003 5.681250 
943840367391802 4.012500 -50.062504 5.512500 
943840387391802 3.843750 -50.231251 5.175000 
943840407391802 3.825000 -50.587502 4.950000 
943840427391802 3.562500 -50.531254 4.706250 
943840447391802 3.618750 -50.643753 4.556250 
943840467391802 3.618750 -50.643753 4.481250 
943840487391802 3.600000 -50.662502 4.368750 
943840507391802 3.375000 -50.700001 4.668750 
943840527391802 3.525000 -50.850002 4.725000 
943840547391802 3.412500 -50.793751 4.706250 
943840567391802 3.281250 -50.700001 4.875000 
943840587391802 3.093750 -50.643753 5.043750 
943840607391802 2.868750 -50.606251 5.456250 
943840627391802 2.400000 -50.550003 5.625000 
943840647391802 1.968750 -50.456253 5.718750 
943840667391802 1.743750 -50.325001 5.550000 
943840687391802 1.593750 -49.987503 5.662500 
943840707391802 1.725000 -50.287502 5.887500 
943840727391802 1.631250 -50.137501 6.000000 
943840747391802 1.537500 -50.212502 5.906250 
943840767391802 1.593750 -50.062504 5.662500 
943840787391802 2.100000 -50.025002 5.493750 
943840807391802 2.643750 -49.856251 5.362500 
943840827391802 3.037500 -49.875004 5.343750 
943840847391802 3.093750 -49.818752 5.231250 
943840867391802 3.337500 -49.537502 5.175000 
943840887391802 3.787500 -49.406254 4.875000 
943840907391802 4.012500 -49.537502 4.912500 
943840927391802 4.143750 -49.687504 4.762500 
943840947391802 4.200000 -49.762501 4.725000 
943840967391802 4.125000 -50.100002 4.837500 
943840987391802 4.575000 -49.950001 4.818750 
943841007391802 5.212500 -50.062504 4.968750 
943841027391802 5.493750 -50.043751 5.006250 
943841047391802 5.700000 -49.987503 5.175000 
943841067391802 5.812500 -49.856251 5.475000 
943841087391802 5.943750 -50.006252 5.737500 
943841107391802 6.037500 -49.987503 6.018750 
943841127391802 6.243750 -49.668751 6.525000 
943841147391802 6.037500 -49.575001 6.825000 
943841167391802 5.868750 -49.293751 6.862500 
943841187391802 5.625000 -49.425003 7.162500 
943841207391802 5.493750 -49.500004 7.650000 
943841227391802 5.700000 -49.387501 7.443750 
943841247391802 5.550000 -49.237503 7.631250 
943841267391802 5.568750 -49.256252 7.612500 
943841287391802 5.493750 -49.425003 7.181250 
943841307391802 5.475000 -49.725002 6.806250 
943841327391802 5.081250 -50.025002 6.675000 
943841347391802 5.043750 -50.118752 6.356250 
943841367391802 4.931250 -50.193752 5.718750 
943841387391802 4.762500 -50.550003 5.756250 
943841407391802 4.968750 -50.531254 5.568750 
943841427391802 4.743750 -50.456253 5.362500 
943841447391802 4.425000 -50.362503 5.287500 
943841467391802 4.125000 -50.343754 5.137500 
943841487391802 3.806250 -50.456253 5.062500 
943841507391802 3.318750 -50.456253 4.893750 
943841527391802 2.643750 -50.381252 5.025000 
943841547391802 2.081250 -50.043751 4.575000 
943841567391802 1.406250 -49.762501 4.368750 
943841587391802 1.031250 -49.837502 4.106250 
943841607391802 0.581250 -49.893753 4.181250 
943841627391802 0.112500 -49.950001 4.200000 
943841647391802 0.243750 -49.818752 3.937500 
943841667391802 0.075000 -49.743752 3.975000 
943841687391802 0.131250 -49.856251 3.993750 
943841707391802 0.112500 -49.800003 4.368750 
943841727391802 -0.037500 -49.950001 4.350000 
943841747391802 -0.262500 -49.856251 4.912500 
943841767391802 -0.412500 -49.725002 5.025000 
943841787391802 -0.450000 -49.537502 4.931250 
943841807391802 -0.881250 -49.687504 5.081250 
943841827391802 -0.843750 -49.500004 4.781250 
943841847391802 -0.806250 -49.443752 4.556250 
943841867391802 -0.787500 -49.631252 4.293750 
943841887391802 -0.693750 -49.875004 4.275000 
943841907391802 -0.693750 -49.968754 3.825000 
943841927391802 -0.600000 -50.006252 3.525000 
943841947391802 -0.768750 -50.175003 3.525000 
943841967391802 -0.487500 -50.062504 3.168750 
943841987391802 -0.506250 -50.081253 3.112500 
943842007391802 -0.525000 -50.100002 3.000000 
943842027391802 -0.487500 -49.968754 2.775000 
943842047391802 -0.300000 -49.987503 2.643750 
943842067391802 0.150000 -50.100002 2.643750 
943842087391802 0.487500 -50.268753 2.775000 
943842107391802 0.918750 -50.325001 2.718750 
943842127391802 1.237500 -50.325001 3.056250 
943842147391802 1.443750 -50.418751 3.543750 
943842167391802 1.725000 -50.550003 3.750000 
943842187391802 1.987500 -50.718754 4.256250 
943842207391802 2.306250 -50.587502 4.875000 
943842227391802 2.325000 -50.756252 5.268750 
943842247391802 2.100000 -50.887501 5.793750 
943842267391802 1.912500 -51.000004 6.506250 
943842287391802 1.800000 -51.018753 6.787500 
943842307391802 1.818750 -51.243752 6.881250 
943842327391802 1.631250 -51.093754 7.106250 
943842347391802 1.518750 -51.000004 6.862500 
943842367391802 1.331250 -50.981251 6.806250 
943842387391802 1.181250 -50.756252 6.881250 
943842407391802 1.275000 -50.587502 6.750000 
943842427391802 1.162500 -50.531254 6.600000 
943842447391802 0.806250 -50.568752 6.656250 
943842467391802 0.543750 -50.531254 6.712500 
943842487391802 0.318750 -50.681252 6.731250 
943842507391802 0.018750 -50.887501 6.787500 
943842527391802 -0.487500 -50.962502 6.318750 
943842547391802 -0.787500 -51.056252 6.018750 
943842567391802 -1.087500 -50.981251 5.568750 
943842587391802 -1.068750 -50.962502 5.456250 
943842607391802 -1.106250 -51.037502 5.381250 
943842627391802 -0.956250 -51.000004 5.100000 
943842647391802 -0.993750 -51.018753 4.950000 
943842667391802 -1.200000 -50.943752 4.987500 
943842687391802 -1.387500 -50.887501 5.268750 
943842707391802 -1.668750 -50.906254 5.156250 
943842727391802 -1.781250 -51.131252 5.287500 
943842747391802 -2.118750 -51.262501 5.100000 
943842767391802 -2.081250 -51.487503 5.100000 
943842787391802 -2.287500 -51.412502 5.325000 
943842807391802 -2.343750 -51.562504 5.081250 
943842827391802 -2.287500 -51.487503 4.837500 
943842847391802 -2.306250 -51.525002 4.256250 
943842867391802 -2.137500 -51.581253 3.975000 
943842887391802 -2.100000 -51.581253 3.562500 
943842907391802 -1.781250 -51.450001 3.168750 
943842927391802 -2.025000 -51.112503 2.700000 
943842947391802 -2.212500 -51.168751 2.231250 
943842967391802 -2.400000 -50.943752 1.856250 
943842987391802 -2.475000 -51.000004 1.387500 
943843007391802 -2.362500 -50.718754 1.256250 
943843027391802 -2.681250 -50.550003 0.918750 
943843047391802 -2.981250 -50.531254 0.768750 
943843067391802 -3.243750 -50.531254 0.806250 
943843087391802 -3.337500 -50.737503 0.843750 
943843107391802 -3.243750 -50.587502 0.750000 
943843127391802 -3.243750 -50.662502 0.918750 
943843147391802 -3.393750 -50.643753 1.237500 
943843167391802 -3.356250 -50.962502 1.368750 
943843187391802 -3.018750 -51.000004 1.518750 
943843207391802 -2.831250 -50.868752 1.537500 
943843227391802 -2.662500 -50.868752 1.143750 
943843247391802 -2.550000 -50.925003 0.862500 
943843267391802 -2.625000 -51.243752 0.675000 
943843287391802 -2.437500 -51.300003 0.562500 
943843307391802 -2.231250 -51.487503 0.187500 
943843327391802 -2.100000 -51.487503 0.018750 
943843347391802 -1.893750 -51.693752 -0.131250 
943843367391802 -1.762500 -51.618752 -0.487500 
943843387391802 -1.612500 -51.675003 -0.581250 
943843407391802 -1.350000 -51.637501 -0.712500 
