# Created at Wed Jun 05 17:07:29 GMT+03:00 2024 in Burnaby Canada 
943801553178283 0.000000 0.000000 0.000000 
943801572087346 0.000000 0.000000 0.000000 
943801590996408 0.000000 0.000000 0.000000 
943801609905523 0.000000 0.000000 0.000000 
943801628814585 0.000000 0.000000 0.000000 
943801647723648 0.000000 0.000000 0.000000 
943801666632763 0.000000 0.000000 0.000000 
943801685541825 0.000000 0.000000 0.000000 
943801704450888 0.000000 0.000000 0.000000 
943801723360002 0.000000 0.000000 0.000000 
943801742269065 0.000000 0.000000 0.000000 
943801761178127 0.000000 0.000000 0.000000 
943801780087242 0.000000 0.000000 0.000000 
943801798996304 0.000000 0.000000 0.000000 
943801817905367 0.000000 0.000000 0.000000 
943801836814481 0.000000 0.000000 0.000000 
943801855723544 0.000000 0.000000 0.000000 
943801874632658 0.000000 0.000000 0.000000 
943801893541721 0.000000 0.000000 0.000000 
943801912450835 0.000000 0.000000 0.000000 
943801931359898 0.000000 0.000000 0.000000 
943801950269013 0.000000 0.000000 0.000000 
943801969178075 0.000000 0.000000 0.000000 
943801988087190 0.000000 0.000000 0.000000 
943802006996252 0.000000 0.000000 0.000000 
943802025905367 0.000000 0.000000 0.000000 
943802044814429 0.000000 0.000000 0.000000 
943802063723544 0.000000 0.000000 0.000000 
943802082632658 0.000000 0.000000 0.000000 
943802101541721 0.000000 0.000000 0.000000 
943802120450835 0.000000 0.000000 0.000000 
943802139359950 0.000000 0.000000 0.000000 
943802158269013 0.000000 0.000000 0.000000 
943802177178127 0.000000 0.000000 0.000000 
943802196087242 0.000000 0.000000 0.000000 
943802214996304 0.000000 0.000000 0.000000 
943802233905419 0.000000 0.000000 0.000000 
943802252814533 0.000000 0.000000 0.000000 
943802271723648 0.000000 0.000000 0.000000 
943802290632763 0.000000 0.000000 0.000000 
943802309541825 0.000000 0.000000 0.000000 
943802328450940 0.000000 0.000000 0.000000 
943802347360054 0.000000 0.000000 0.000000 
943802366269169 0.000000 0.000000 0.000000 
943802385178283 0.000000 0.000000 0.000000 
943802404087346 0.000000 0.000000 0.000000 
943802422996460 0.000000 0.000000 0.000000 
943802441905575 0.000000 0.000000 0.000000 
943802460814690 0.000000 0.000000 0.000000 
943802479723804 0.000000 0.000000 0.000000 
943802498632919 0.000000 0.000000 0.000000 
943802517542033 0.000000 0.000000 0.000000 
943802536451148 0.000000 0.000000 0.000000 
943802555360263 0.000000 0.000000 0.000000 
943802574269377 0.000000 0.000000 0.000000 
943802593178492 0.000000 0.000000 0.000000 
943802612087606 0.000000 0.000000 0.000000 
943802630996721 0.000000 0.000000 0.000000 
943802649905835 0.000000 0.000000 0.000000 
943802668815002 0.000000 0.000000 0.000000 
943802687724117 0.000000 0.000000 0.000000 
943802706633231 0.000000 0.000000 0.000000 
943802725542346 0.000000 0.000000 0.000000 
943802744451460 0.000000 0.000000 0.000000 
943802763360575 0.000000 0.000000 0.000000 
943802782269690 0.000000 0.000000 0.000000 
943802801178856 0.000000 0.000000 0.000000 
943802820087971 0.000000 0.000000 0.000000 
943802838997085 0.000000 0.000000 0.000000 
943802857906200 0.000000 0.000000 0.000000 
943802876815367 0.000000 0.000000 0.000000 
943802895724481 0.000000 0.000000 0.000000 
943802914633596 0.000000 0.000000 0.000000 
943802933542710 0.000000 0.000000 0.000000 
943802952451877 0.000000 0.000000 0.000000 
943802971360992 0.000000 0.000000 0.000000 
943802990270106 0.000000 0.000000 0.000000 
943803009179273 0.000000 0.000000 0.000000 
943803028088388 0.000000 0.000000 0.000000 
943803046997554 0.000000 0.000000 0.000000 
943803065906669 0.000000 0.000000 0.000000 
943803084815783 0.000000 0.000000 0.000000 
943803103724950 0.000000 0.000000 0.000000 
943803122634065 0.000000 0.000000 0.000000 
943803141543231 0.000000 0.000000 0.000000 
943803160452346 0.000000 0.000000 0.000000 
943803179361460 0.000000 0.000000 0.000000 
943803198270627 0.000000 0.000000 0.000000 
943803217179794 0.000000 0.000000 0.000000 
943803236088908 0.000000 0.000000 0.000000 
943803254998075 0.000000 0.000000 0.000000 
943803273907190 0.000000 0.000000 0.000000 
943803292816356 0.000000 0.000000 0.000000 
943803311725471 0.000000 0.000000 0.000000 
943803330634638 0.000000 0.000000 0.000000 
943803349543752 0.000000 0.000000 0.000000 
943803368452919 0.000000 0.000000 0.000000 
943803387362033 0.000000 0.000000 0.000000 
943803406271200 0.000000 0.000000 0.000000 
943803425180367 0.000000 0.000000 0.000000 
943803444089481 0.000000 0.000000 0.000000 
943803462998648 0.000000 0.000000 0.000000 
943803481907815 0.000000 0.000000 0.000000 
943803500816929 0.000000 0.000000 0.000000 
943803519726096 0.000000 0.000000 0.000000 
943803538635263 0.000000 0.000000 0.000000 
943803557544377 0.000000 0.000000 0.000000 
943803576453544 0.000000 0.000000 0.000000 
943803595362710 0.000000 0.000000 0.000000 
943803614271877 0.000000 0.000000 0.000000 
943803633180992 0.000000 0.000000 0.000000 
943803652090158 0.000000 0.000000 0.000000 
943803670999325 0.000000 0.000000 0.000000 
943803689908492 0.000000 0.000000 0.000000 
943803708817658 0.000000 0.000000 0.000000 
943803727726773 0.000000 0.000000 0.000000 
943803746635940 0.000000 0.000000 0.000000 
943803765545106 0.000000 0.000000 0.000000 
943803784454273 0.000000 0.000000 0.000000 
943803803363440 0.000000 0.000000 0.000000 
943803822272606 0.000000 0.000000 0.000000 
943803841181721 0.000000 0.000000 0.000000 
943803860090888 0.000000 0.000000 0.000000 
943803879000054 0.000000 0.000000 0.000000 
943803897909221 0.000000 0.000000 0.000000 
943803916818388 0.000000 0.000000 0.000000 
943803935727554 0.000000 0.000000 0.000000 
943803954636721 0.000000 0.000000 0.000000 
943803973545888 0.000000 0.000000 0.000000 
943803992455054 0.000000 0.000000 0.000000 
943804011364221 0.000000 0.000000 0.000000 
943804030273388 0.000000 0.000000 0.000000 
943804049182554 0.000000 0.000000 0.000000 
943804068091721 0.000000 0.000000 0.000000 
943804087000888 0.000000 0.000000 0.000000 
943804105910054 0.000000 0.000000 0.000000 
943804124819221 0.000000 0.000000 0.000000 
943804143728388 0.000000 0.000000 0.000000 
943804162637606 0.000000 0.000000 0.000000 
943804181546773 0.000000 0.000000 0.000000 
943804200455940 0.000000 0.000000 0.000000 
943804219365106 0.000000 0.000000 0.000000 
943804238274273 0.000000 0.000000 0.000000 
943804257183440 0.000000 0.000000 0.000000 
943804276092658 0.000000 0.000000 0.000000 
943804295001825 0.000000 0.000000 0.000000 
943804313910992 0.000000 0.000000 0.000000 
943804332820158 0.000000 0.000000 0.000000 
943804351729377 0.000000 0.000000 0.000000 
943804370638544 0.000000 0.000000 0.000000 
943804389547710 0.000000 0.000000 0.000000 
943804408456877 0.000000 0.000000 0.000000 
943804427366096 0.000000 0.000000 0.000000 
943804446275263 0.000000 0.000000 0.000000 
943804465184429 0.000000 0.000000 0.000000 
943804484093648 0.000000 0.000000 0.000000 
943804503002815 0.000000 0.000000 0.000000 
943804521911981 0.000000 0.000000 0.000000 
943804540821200 0.000000 0.000000 0.000000 
943804559730367 0.000000 0.000000 0.000000 
943804578639585 0.000000 0.000000 0.000000 
943804597548752 0.000000 0.000000 0.000000 
943804616457919 0.000000 0.000000 0.000000 
943804635367138 0.000000 0.000000 0.000000 
943804654276304 0.000000 0.000000 0.000000 
943804673185523 0.000000 0.000000 0.000000 
943804692094690 0.000000 0.000000 0.000000 
943804711003908 0.000000 0.000000 0.000000 
943804729913075 0.000000 0.000000 0.000000 
943804748822294 0.000000 0.000000 0.000000 
943804767731460 0.000000 0.000000 0.000000 
943804786640679 0.000000 0.000000 0.000000 
943804805549898 0.000000 0.000000 0.000000 
943804824459065 0.000000 0.000000 0.000000 
943804843368283 0.000000 0.000000 0.000000 
943804862277450 0.000000 0.000000 0.000000 
943804881186669 0.000000 0.000000 0.000000 
943804900095888 0.000000 0.000000 0.000000 
943804919005054 0.000000 0.000000 0.000000 
943804937914273 0.000000 0.000000 0.000000 
943804956823492 0.000000 0.000000 0.000000 
943804975732658 0.000000 0.000000 0.000000 
943804994641877 0.000000 0.000000 0.000000 
943805013551096 0.000000 0.000000 0.000000 
943805032460263 0.000000 0.000000 0.000000 
943805051369481 0.000000 0.000000 0.000000 
943805070278700 0.000000 0.000000 0.000000 
943805089187919 0.000000 0.000000 0.000000 
943805108097085 0.000000 0.000000 0.000000 
943805127006304 0.000000 0.000000 0.000000 
943805145915523 0.000000 0.000000 0.000000 
943805164824742 0.000000 0.000000 0.000000 
943805183733960 0.000000 0.000000 0.000000 
943805202643127 0.000000 0.000000 0.000000 
943805221552346 0.000000 0.000000 0.000000 
943805240461565 0.000000 0.000000 0.000000 
943805259370783 0.000000 0.000000 0.000000 
943805278280002 0.000000 0.000000 0.000000 
943805297189221 0.000000 0.000000 0.000000 
943805316098388 0.000000 0.000000 0.000000 
943805335007606 0.000000 0.000000 0.000000 
943805353916825 0.000000 0.000000 0.000000 
943805372826044 0.000000 0.000000 0.000000 
943805391735263 0.000000 0.000000 0.000000 
943805410644481 0.000000 0.000000 0.000000 
943805429553700 0.000000 0.000000 0.000000 
943805448462919 0.000000 0.000000 0.000000 
943805467372138 0.000000 0.000000 0.000000 
943805486281356 0.000000 0.000000 0.000000 
943805505190575 0.000000 0.000000 0.000000 
943805524099794 0.000000 0.000000 0.000000 
943805543009013 0.000000 0.000000 0.000000 
943805561918231 0.000000 0.000000 0.000000 
943805580827450 0.000000 0.000000 0.000000 
943805599736669 0.000000 0.000000 0.000000 
943805618645888 0.000000 0.000000 0.000000 
943805637555106 0.000000 0.000000 0.000000 
943805656464325 0.000000 0.000000 0.000000 
943805675373544 0.000000 0.000000 0.000000 
943805694282815 0.000000 0.000000 0.000000 
943805713192033 0.000000 0.000000 0.000000 
943805732101252 0.000000 0.000000 0.000000 
943805751010471 0.000000 0.000000 0.000000 
943805769919690 0.000000 0.000000 0.000000 
943805788828908 0.000000 0.000000 0.000000 
943805807738127 0.000000 0.000000 0.000000 
943805826647398 0.000000 0.000000 0.000000 
943805845556617 0.000000 0.000000 0.000000 
943805864465835 0.000000 0.000000 0.000000 
943805883375054 0.000000 0.000000 0.000000 
943805902284273 0.000000 0.000000 0.000000 
943805921193544 0.000000 0.000000 0.000000 
943805940102763 0.000000 0.000000 0.000000 
943805959011981 0.000000 0.000000 0.000000 
943805977921200 0.000000 0.000000 0.000000 
943805996830471 0.000000 0.000000 0.000000 
943806015739690 0.000000 0.000000 0.000000 
943806034648908 0.000000 0.000000 0.000000 
943806053558179 0.000000 0.000000 0.000000 
943806072467398 0.000000 0.000000 0.000000 
943806091376617 0.000000 0.000000 0.000000 
943806110285888 0.000000 0.000000 0.000000 
943806129195106 0.000000 0.000000 0.000000 
943806148104325 0.000000 0.000000 0.000000 
943806167013596 0.000000 0.000000 0.000000 
943806185922815 0.000000 0.000000 0.000000 
943806204832085 0.000000 0.000000 0.000000 
943806223741304 0.000000 0.000000 0.000000 
943806242650523 0.000000 0.000000 0.000000 
943806261559794 0.000000 0.000000 0.000000 
943806280469013 0.000000 0.000000 0.000000 
943806299378283 0.000000 0.000000 0.000000 
943806318287502 0.000000 0.000000 0.000000 
943806337196773 0.000000 0.000000 0.000000 
943806356105992 0.000000 0.000000 0.000000 
943806375015263 0.000000 0.000000 0.000000 
943806393924481 0.000000 0.000000 0.000000 
943806412833752 0.000000 0.000000 0.000000 
943806431742971 0.000000 0.000000 0.000000 
943806450652242 0.000000 0.000000 0.000000 
943806469561513 0.000000 0.000000 0.000000 
943806488470731 0.000000 0.000000 0.000000 
943806507380002 0.000000 0.000000 0.000000 
943806526289273 0.000000 0.000000 0.000000 
943806545198492 0.000000 0.000000 0.000000 
943806564107763 0.000000 0.000000 0.000000 
943806583016981 0.000000 0.000000 0.000000 
943806601926252 0.000000 0.000000 0.000000 
943806620835523 0.000000 0.000000 0.000000 
943806639744742 0.000000 0.000000 0.000000 
943806658654013 0.000000 0.000000 0.000000 
943806677563283 0.000000 0.000000 0.000000 
943806696472554 0.000000 0.000000 0.000000 
943806715381773 0.000000 0.000000 0.000000 
943806734291044 0.000000 0.000000 0.000000 
943806753200315 0.000000 0.000000 0.000000 
943806772109585 0.000000 0.000000 0.000000 
943806791018856 0.000000 0.000000 0.000000 
943806809928075 0.000000 0.000000 0.000000 
943806828837346 0.000000 0.000000 0.000000 
943806847746617 0.000000 0.000000 0.000000 
943806866655888 0.000000 0.000000 0.000000 
943806885565158 0.000000 0.000000 0.000000 
943806904474377 0.000000 0.000000 0.000000 
943806923383648 0.000000 0.000000 0.000000 
943806942292919 0.000000 0.000000 0.000000 
943806961202190 0.000000 0.000000 0.000000 
943806980111460 0.000000 0.000000 0.000000 
943806999020731 0.000000 0.000000 0.000000 
943807017930002 0.000000 0.000000 0.000000 
943807036839273 0.000000 0.000000 0.000000 
943807055748544 0.000000 0.000000 0.000000 
943807074657815 0.000000 0.000000 0.000000 
943807093567085 0.000000 0.000000 0.000000 
943807112476356 0.000000 0.000000 0.000000 
943807131385627 0.000000 0.000000 0.000000 
943807150294898 0.000000 0.000000 0.000000 
943807169204169 0.000000 0.000000 0.000000 
943807188113440 0.000000 0.000000 0.000000 
943807207022710 0.000000 0.000000 0.000000 
943807225931981 0.000000 0.000000 0.000000 
943807244841252 0.000000 0.000000 0.000000 
943807263750523 0.000000 0.000000 0.000000 
943807282659794 0.000000 0.000000 0.000000 
943807301569065 0.000000 0.000000 0.000000 
943807320478335 0.000000 0.000000 0.000000 
943807339387606 0.000000 0.000000 0.000000 
943807358296877 0.000000 0.000000 0.000000 
943807377206200 0.000000 0.000000 0.000000 
943807396115471 0.000000 0.000000 0.000000 
943807415024742 0.000000 0.000000 0.000000 
943807433934013 0.000000 0.000000 0.000000 
943807452843283 0.000000 0.000000 0.000000 
943807471752554 0.000000 0.000000 0.000000 
943807490661877 0.000000 0.000000 0.000000 
943807509571148 0.000000 0.000000 0.000000 
943807528480419 0.000000 0.000000 0.000000 
943807547389690 0.000000 0.000000 0.000000 
943807566298960 0.000000 0.000000 0.000000 
943807585208283 0.000000 0.000000 0.000000 
943807604117554 0.000000 0.000000 0.000000 
943807623026825 0.000000 0.000000 0.000000 
943807641936096 0.000000 0.000000 0.000000 
943807660845419 0.000000 0.000000 0.000000 
943807679754690 0.000000 0.000000 0.000000 
943807698663960 0.000000 0.000000 0.000000 
943807717573283 0.000000 0.000000 0.000000 
943807736482554 0.000000 0.000000 0.000000 
943807755391825 0.000000 0.000000 0.000000 
943807774301148 0.000000 0.000000 0.000000 
943807793210419 0.000000 0.000000 0.000000 
943807812119690 0.000000 0.000000 0.000000 
943807831029013 0.000000 0.000000 0.000000 
943807849938283 0.000000 0.000000 0.000000 
943807868847554 0.000000 0.000000 0.000000 
943807887756877 0.000000 0.000000 0.000000 
943807906666148 0.000000 0.000000 0.000000 
943807925575471 0.000000 0.000000 0.000000 
943807944484742 0.000000 0.000000 0.000000 
943807963394065 0.000000 0.000000 0.000000 
943807982303335 0.000000 0.000000 0.000000 
943808001212606 0.000000 0.000000 0.000000 
943808020121929 0.000000 0.000000 0.000000 
943808039031200 0.000000 0.000000 0.000000 
943808057940523 0.000000 0.000000 0.000000 
943808076849794 0.000000 0.000000 0.000000 
943808095759117 0.000000 0.000000 0.000000 
943808114668388 0.000000 0.000000 0.000000 
943808133577710 0.000000 0.000000 0.000000 
943808152486981 0.000000 0.000000 0.000000 
943808171396304 0.000000 0.000000 0.000000 
943808190305575 0.000000 0.000000 0.000000 
943808209214898 0.000000 0.000000 0.000000 
943808228124169 0.000000 0.000000 0.000000 
943808247033492 0.000000 0.000000 0.000000 
943808265942763 0.000000 0.000000 0.000000 
943808284852085 0.000000 0.000000 0.000000 
943808303761408 0.000000 0.000000 0.000000 
943808322670679 0.000000 0.000000 0.000000 
943808341580002 0.000000 0.000000 0.000000 
943808360489273 0.000000 0.000000 0.000000 
943808379398596 0.000000 0.000000 0.000000 
943808398307919 0.000000 0.000000 0.000000 
943808417217190 0.000000 0.000000 0.000000 
943808436126513 0.000000 0.000000 0.000000 
943808455035835 0.000000 0.000000 0.000000 
943808473945106 0.000000 0.000000 0.000000 
943808492854429 0.000000 0.000000 0.000000 
943808511763700 0.000000 0.000000 0.000000 
943808530673023 0.000000 0.000000 0.000000 
943808549582346 0.000000 0.000000 0.000000 
943808568491669 0.000000 0.000000 0.000000 
943808587400940 0.000000 0.000000 0.000000 
943808606310263 0.000000 0.000000 0.000000 
943808625219585 0.000000 0.000000 0.000000 
943808644128856 0.000000 0.000000 0.000000 
943808663038179 0.000000 0.000000 0.000000 
943808681947502 0.000000 0.000000 0.000000 
943808700856825 0.000000 0.000000 0.000000 
943808719766096 0.000000 0.000000 0.000000 
943808738675419 0.000000 0.000000 0.000000 
943808757584742 0.000000 0.000000 0.000000 
943808776494065 0.000000 0.000000 0.000000 
943808795403335 0.000000 0.000000 0.000000 
943808814312658 0.000000 0.000000 0.000000 
943808833221981 0.000000 0.000000 0.000000 
943808852131304 0.000000 0.000000 0.000000 
943808871040627 0.000000 0.000000 0.000000 
943808889949950 0.000000 0.000000 0.000000 
943808908859221 0.000000 0.000000 0.000000 
943808927768544 0.000000 0.000000 0.000000 
943808946677867 0.000000 0.000000 0.000000 
943808965587190 0.000000 0.000000 0.000000 
943808984496513 0.000000 0.000000 0.000000 
943809003405835 0.000000 0.000000 0.000000 
943809022315106 0.000000 0.000000 0.000000 
943809041224429 0.000000 0.000000 0.000000 
943809060133752 0.000000 0.000000 0.000000 
943809079043075 0.000000 0.000000 0.000000 
943809097952398 0.000000 0.000000 0.000000 
943809116861721 0.000000 0.000000 0.000000 
943809135771044 0.000000 0.000000 0.000000 
943809154680367 0.000000 0.000000 0.000000 
943809173589690 0.000000 0.000000 0.000000 
943809192499013 0.000000 0.000000 0.000000 
943809211408335 0.000000 0.000000 0.000000 
943809230317658 0.000000 0.000000 0.000000 
943809249226981 0.000000 0.000000 0.000000 
943809268136304 0.000000 0.000000 0.000000 
943809287045627 0.000000 0.000000 0.000000 
943809305954950 0.000000 0.000000 0.000000 
943809324864273 0.000000 0.000000 0.000000 
943809343773596 0.000000 0.000000 0.000000 
943809362682919 0.000000 0.000000 0.000000 
943809381592242 0.000000 0.000000 0.000000 
943809400501565 0.000000 0.000000 0.000000 
943809419410888 0.000000 0.000000 0.000000 
943809438320210 0.000000 0.000000 0.000000 
943809457229533 0.000000 0.000000 0.000000 
943809476138856 0.000000 0.000000 0.000000 
943809495048179 0.000000 0.000000 0.000000 
943809513957502 0.000000 0.000000 0.000000 
943809532866825 0.000000 0.000000 0.000000 
943809551776148 0.000000 0.000000 0.000000 
943809570685471 0.000000 0.000000 0.000000 
943809589594794 0.000000 0.000000 0.000000 
943809608504169 0.000000 0.000000 0.000000 
943809627413492 0.000000 0.000000 0.000000 
943809646322815 0.000000 0.000000 0.000000 
943809665232138 0.000000 0.000000 0.000000 
943809684141460 0.000000 0.000000 0.000000 
943809703050783 0.000000 0.000000 0.000000 
943809721960106 0.000000 0.000000 0.000000 
943809740869429 0.000000 0.000000 0.000000 
943809759778752 0.000000 0.000000 0.000000 
943809778688127 0.000000 0.000000 0.000000 
943809797597450 0.000000 0.000000 0.000000 
943809816506773 0.000000 0.000000 0.000000 
943809835416096 0.000000 0.000000 0.000000 
943809854325419 0.000000 0.000000 0.000000 
943809873234742 0.000000 0.000000 0.000000 
943809892144117 0.000000 0.000000 0.000000 
943809911053440 0.000000 0.000000 0.000000 
943809929962763 0.000000 0.000000 0.000000 
943809948872085 0.000000 0.000000 0.000000 
943809967781408 0.000000 0.000000 0.000000 
943809986690783 0.000000 0.000000 0.000000 
943810005600106 0.000000 0.000000 0.000000 
943810024509429 0.000000 0.000000 0.000000 
943810043418752 0.000000 0.000000 0.000000 
943810062328075 0.000000 0.000000 0.000000 
943810081237450 0.000000 0.000000 0.000000 
943810100146773 0.000000 0.000000 0.000000 
943810119056096 0.000000 0.000000 0.000000 
943810137965419 0.000000 0.000000 0.000000 
943810156874794 0.000000 0.000000 0.000000 
943810175784117 0.000000 0.000000 0.000000 
943810194693440 0.000000 0.000000 0.000000 
943810213602763 0.000000 0.000000 0.000000 
943810232512138 0.000000 0.000000 0.000000 
943810251421460 0.000000 0.000000 0.000000 
943810270330783 0.000000 0.000000 0.000000 
943810289240106 0.000000 0.000000 0.000000 
943810308149481 0.000000 0.000000 0.000000 
943810327058804 0.000000 0.000000 0.000000 
943810345968127 0.000000 0.000000 0.000000 
943810364877450 0.000000 0.000000 0.000000 
943810383786825 0.000000 0.000000 0.000000 
943810402696148 0.000000 0.000000 0.000000 
943810421605471 0.000000 0.000000 0.000000 
943810440514846 0.000000 0.000000 0.000000 
943810459424169 0.000000 0.000000 0.000000 
943810478333492 0.000000 0.000000 0.000000 
943810497242867 0.000000 0.000000 0.000000 
943810516152190 0.000000 0.000000 0.000000 
943810535061513 0.000000 0.000000 0.000000 
943810553970835 0.000000 0.000000 0.000000 
943810572880210 0.000000 0.000000 0.000000 
943810591789533 0.000000 0.000000 0.000000 
943810610698856 0.000000 0.000000 0.000000 
943810629608231 0.000000 0.000000 0.000000 
943810648517554 0.000000 0.000000 0.000000 
943810667426877 0.000000 0.000000 0.000000 
943810686336252 0.000000 0.000000 0.000000 
943810705245575 0.000000 0.000000 0.000000 
943810724154898 0.000000 0.000000 0.000000 
943810743064273 0.000000 0.000000 0.000000 
943810761973596 0.000000 0.000000 0.000000 
943810780882919 0.000000 0.000000 0.000000 
943810799792294 0.000000 0.000000 0.000000 
943810818701617 0.000000 0.000000 0.000000 
943810837610992 0.000000 0.000000 0.000000 
943810856520315 0.000000 0.000000 0.000000 
943810875429638 0.000000 0.000000 0.000000 
943810894339013 0.000000 0.000000 0.000000 
943810913248335 0.000000 0.000000 0.000000 
943810932157658 0.000000 0.000000 0.000000 
943810951067033 0.000000 0.000000 0.000000 
943810969976356 0.000000 0.000000 0.000000 
943810988885679 0.000000 0.000000 0.000000 
943811007795054 0.000000 0.000000 0.000000 
943811026704377 0.000000 0.000000 0.000000 
943811045613752 0.000000 0.000000 0.000000 
943811064523075 0.000000 0.000000 0.000000 
943811083432398 0.000000 0.000000 0.000000 
943811102341773 0.000000 0.000000 0.000000 
943811121251096 0.000000 0.000000 0.000000 
943811140160471 0.000000 0.000000 0.000000 
943811159069794 0.000000 0.000000 0.000000 
943811177979117 0.000000 0.000000 0.000000 
943811196888492 0.000000 0.000000 0.000000 
943811215797815 0.000000 0.000000 0.000000 
943811234707190 0.000000 0.000000 0.000000 
943811253616513 0.000000 0.000000 0.000000 
943811272525835 0.000000 0.000000 0.000000 
943811291435210 0.000000 0.000000 0.000000 
943811310344533 0.000000 0.000000 0.000000 
943811329253908 0.000000 0.000000 0.000000 
943811348163231 0.000000 0.000000 0.000000 
943811367072554 0.000000 0.000000 0.000000 
943811385981929 0.000000 0.000000 0.000000 
943811404891252 0.000000 0.000000 0.000000 
943811423800627 0.000000 0.000000 0.000000 
943811442709950 0.000000 0.000000 0.000000 
943811461619325 0.000000 0.000000 0.000000 
943811480528648 0.000000 0.000000 0.000000 
943811499437971 0.000000 0.000000 0.000000 
943811518347346 0.000000 0.000000 0.000000 
943811537256669 0.000000 0.000000 0.000000 
943811556166044 0.000000 0.000000 0.000000 
943811575075367 0.000000 0.000000 0.000000 
943811593984742 0.000000 0.000000 0.000000 
943811612894065 0.000000 0.000000 0.000000 
943811631803440 0.000000 0.000000 0.000000 
943811650712763 0.000000 0.000000 0.000000 
943811669622085 0.000000 0.000000 0.000000 
943811688531460 0.000000 0.000000 0.000000 
943811707440783 0.000000 0.000000 0.000000 
943811726350158 0.000000 0.000000 0.000000 
943811745259481 0.000000 0.000000 0.000000 
943811764168856 0.000000 0.000000 0.000000 
943811783078179 0.000000 0.000000 0.000000 
943811801987554 0.000000 0.000000 0.000000 
943811820896877 0.000000 0.000000 0.000000 
943811839806200 0.000000 0.000000 0.000000 
943811858715575 0.000000 0.000000 0.000000 
943811877624898 0.000000 0.000000 0.000000 
943811896534273 0.000000 0.000000 0.000000 
943811915443596 0.000000 0.000000 0.000000 
943811934352971 0.000000 0.000000 0.000000 
943811953262294 0.000000 0.000000 0.000000 
943811972171669 0.000000 0.000000 0.000000 
943811991080992 0.000000 0.000000 0.000000 
943812009990315 0.000000 0.000000 0.000000 
943812028899690 0.000000 0.000000 0.000000 
943812047809013 0.000000 0.000000 0.000000 
943812066718388 0.000000 0.000000 0.000000 
943812085627710 0.000000 0.000000 0.000000 
943812104537085 0.000000 0.000000 0.000000 
943812123446408 0.000000 0.000000 0.000000 
943812142355783 0.000000 0.000000 0.000000 
943812161265106 0.000000 0.000000 0.000000 
943812180174481 0.000000 0.000000 0.000000 
943812199083804 0.000000 0.000000 0.000000 
943812217993127 0.000000 0.000000 0.000000 
943812236902502 0.000000 0.000000 0.000000 
943812255811825 0.000000 0.000000 0.000000 
943812274721200 0.000000 0.000000 0.000000 
943812293630523 0.000000 0.000000 0.000000 
943812312539898 0.000000 0.000000 0.000000 
943812331449221 0.000000 0.000000 0.000000 
943812350358596 0.000000 0.000000 0.000000 
943812369267919 0.000000 0.000000 0.000000 
943812388177242 0.000000 0.000000 0.000000 
943812407086617 0.000000 0.000000 0.000000 
943812425995940 0.000000 0.000000 0.000000 
943812444905315 0.000000 0.000000 0.000000 
943812463814638 0.000000 0.000000 0.000000 
943812482724013 0.000000 0.000000 0.000000 
943812501633335 0.000000 0.000000 0.000000 
943812520542658 0.000000 0.000000 0.000000 
943812539452033 0.000000 0.000000 0.000000 
943812558361356 0.000000 0.000000 0.000000 
943812577270731 0.000000 0.000000 0.000000 
943812596180054 0.000000 0.000000 0.000000 
943812615089429 0.000000 0.000000 0.000000 
943812633998752 0.000000 0.000000 0.000000 
943812652908075 0.000000 0.000000 0.000000 
943812671817450 0.000000 0.000000 0.000000 
943812690726773 0.000000 0.000000 0.000000 
943812709636148 0.000000 0.000000 0.000000 
943812728545471 0.000000 0.000000 0.000000 
943812747454846 0.000000 0.000000 0.000000 
943812766364169 0.000000 0.000000 0.000000 
943812785273544 0.000000 0.000000 0.000000 
943812804182867 0.000000 0.000000 0.000000 
943812823092190 0.000000 0.000000 0.000000 
943812842001565 0.000000 0.000000 0.000000 
943812860910888 0.000000 0.000000 0.000000 
943812879820210 0.000000 0.000000 0.000000 
943812898729585 0.000000 0.000000 0.000000 
943812917638908 0.000000 0.000000 0.000000 
943812936548283 0.000000 0.000000 0.000000 
943812955457606 0.000000 0.000000 0.000000 
943812974366981 0.000000 0.000000 0.000000 
943812993276304 0.000000 0.000000 0.000000 
943813012185627 0.000000 0.000000 0.000000 
943813031095002 0.000000 0.000000 0.000000 
943813050004325 0.000000 0.000000 0.000000 
943813068913700 0.000000 0.000000 0.000000 
943813087823023 0.000000 0.000000 0.000000 
943813106732346 0.000000 0.000000 0.000000 
943813125641721 0.000000 0.000000 0.000000 
943813144551044 0.000000 0.000000 0.000000 
943813163460419 0.000000 0.000000 0.000000 
943813182369742 0.000000 0.000000 0.000000 
943813201279065 0.000000 0.000000 0.000000 
943813220188440 0.000000 0.000000 0.000000 
943813239097763 0.000000 0.000000 0.000000 
943813258007138 0.000000 0.000000 0.000000 
943813276916460 0.000000 0.000000 0.000000 
943813295825783 0.000000 0.000000 0.000000 
943813314735158 0.000000 0.000000 0.000000 
943813333644481 0.000000 0.000000 0.000000 
943813352553856 0.000000 0.000000 0.000000 
943813371463179 0.000000 0.000000 0.000000 
943813390372554 0.000000 0.000000 0.000000 
943813409281877 0.000000 0.000000 0.000000 
943813428191200 0.000000 0.000000 0.000000 
943813447100575 0.000000 0.000000 0.000000 
943813466009898 0.000000 0.000000 0.000000 
943813484919273 0.000000 0.000000 0.000000 
943813503828596 0.000000 0.000000 0.000000 
943813522737919 0.000000 0.000000 0.000000 
943813541647294 0.000000 0.000000 0.000000 
943813560556617 0.000000 0.000000 0.000000 
943813579465992 0.000000 0.000000 0.000000 
943813598375315 0.000000 0.000000 0.000000 
943813617284690 0.000000 0.000000 0.000000 
943813636194013 0.000000 0.000000 0.000000 
943813655103335 0.000000 0.000000 0.000000 
943813674012710 0.000000 0.000000 0.000000 
943813692922033 0.000000 0.000000 0.000000 
943813711831408 0.000000 0.000000 0.000000 
943813730740731 0.000000 0.000000 0.000000 
943813749650054 0.000000 0.000000 0.000000 
943813768559429 0.000000 0.000000 0.000000 
943813787468752 0.000000 0.000000 0.000000 
943813806378127 0.000000 0.000000 0.000000 
943813825287450 0.000000 0.000000 0.000000 
943813844196825 0.000000 0.000000 0.000000 
943813863106148 0.000000 0.000000 0.000000 
943813882015471 0.000000 0.000000 0.000000 
943813900924846 0.000000 0.000000 0.000000 
943813919834169 0.000000 0.000000 0.000000 
943813938743544 0.000000 0.000000 0.000000 
943813957652867 0.000000 0.000000 0.000000 
943813976562242 0.000000 0.000000 0.000000 
943813995471565 0.000000 0.000000 0.000000 
943814014380940 0.000000 0.000000 0.000000 
943814033290263 0.000000 0.000000 0.000000 
943814052199585 0.000000 0.000000 0.000000 
943814071108960 0.000000 0.000000 0.000000 
943814090018283 0.000000 0.000000 0.000000 
943814108927658 0.000000 0.000000 0.000000 
943814127836981 0.000000 0.000000 0.000000 
943814146746356 0.000000 0.000000 0.000000 
943814165655679 0.000000 0.000000 0.000000 
943814184565054 0.000000 0.000000 0.000000 
943814203474377 0.000000 0.000000 0.000000 
943814222383752 0.000000 0.000000 0.000000 
943814241293075 0.000000 0.000000 0.000000 
943814260202398 0.000000 0.000000 0.000000 
943814279111773 0.000000 0.000000 0.000000 
943814298021096 0.000000 0.000000 0.000000 
943814316930471 0.000000 0.000000 0.000000 
943814335839794 0.000000 0.000000 0.000000 
943814354749169 0.000000 0.000000 0.000000 
943814373658492 0.000000 0.000000 0.000000 
943814392567815 0.000000 0.000000 0.000000 
943814411477190 0.000000 0.000000 0.000000 
943814430386513 0.000000 0.000000 0.000000 
943814449295888 0.000000 0.000000 0.000000 
943814468205210 0.000000 0.000000 0.000000 
943814487114585 0.000000 0.000000 0.000000 
943814506023908 0.000000 0.000000 0.000000 
943814524933283 0.000000 0.000000 0.000000 
943814543842606 0.000000 0.000000 0.000000 
943814562751981 0.000000 0.000000 0.000000 
943814581661304 0.000000 0.000000 0.000000 
943814600570627 0.000000 0.000000 0.000000 
943814619480002 0.000000 0.000000 0.000000 
943814638389325 0.000000 0.000000 0.000000 
943814657298700 0.000000 0.000000 0.000000 
943814676208023 0.000000 0.000000 0.000000 
943814695117398 0.000000 0.000000 0.000000 
943814714026721 0.000000 0.000000 0.000000 
943814732936044 0.000000 0.000000 0.000000 
943814751845419 0.000000 0.000000 0.000000 
943814770754742 0.000000 0.000000 0.000000 
943814789664117 0.000000 0.000000 0.000000 
943814808573440 0.000000 0.000000 0.000000 
943814827482815 0.000000 0.000000 0.000000 
943814846392138 0.000000 0.000000 0.000000 
943814865301460 0.000000 0.000000 0.000000 
943814884210835 0.000000 0.000000 0.000000 
943814903120158 0.000000 0.000000 0.000000 
943814922029533 0.000000 0.000000 0.000000 
943814940938856 0.000000 0.000000 0.000000 
943814959848231 0.000000 0.000000 0.000000 
943814978757554 0.000000 0.000000 0.000000 
943814997666877 0.000000 0.000000 0.000000 
943815016576252 0.000000 0.000000 0.000000 
943815035485575 0.000000 0.000000 0.000000 
943815054394950 0.000000 0.000000 0.000000 
943815073304273 0.000000 0.000000 0.000000 
943815092213648 0.000000 0.000000 0.000000 
943815111122971 0.000000 0.000000 0.000000 
943815130032346 0.000000 0.000000 0.000000 
943815148941669 0.000000 0.000000 0.000000 
943815167850992 0.000000 0.000000 0.000000 
943815186760367 0.000000 0.000000 0.000000 
943815205669690 0.000000 0.000000 0.000000 
943815224579065 0.000000 0.000000 0.000000 
943815243488388 0.000000 0.000000 0.000000 
943815262397763 0.000000 0.000000 0.000000 
943815281307085 0.000000 0.000000 0.000000 
943815300216408 0.000000 0.000000 0.000000 
943815319125783 0.000000 0.000000 0.000000 
943815338035106 0.000000 0.000000 0.000000 
943815356944481 0.000000 0.000000 0.000000 
943815375853804 0.000000 0.000000 0.000000 
943815394763127 0.000000 0.000000 0.000000 
943815413672502 0.000000 0.000000 0.000000 
943815432581825 0.000000 0.000000 0.000000 
943815451491200 0.000000 0.000000 0.000000 
943815470400523 0.000000 0.000000 0.000000 
943815489309846 0.000000 0.000000 0.000000 
943815508219221 0.000000 0.000000 0.000000 
943815527128544 0.000000 0.000000 0.000000 
943815546037919 0.000000 0.000000 0.000000 
943815564947242 0.000000 0.000000 0.000000 
943815583856565 0.000000 0.000000 0.000000 
943815602765940 0.000000 0.000000 0.000000 
943815621675263 0.000000 0.000000 0.000000 
943815640584638 0.000000 0.000000 0.000000 
943815659493960 0.000000 0.000000 0.000000 
943815678403335 0.000000 0.000000 0.000000 
943815697312658 0.000000 0.000000 0.000000 
943815716221981 0.000000 0.000000 0.000000 
943815735131356 0.000000 0.000000 0.000000 
943815754040679 0.000000 0.000000 0.000000 
943815772950054 0.000000 0.000000 0.000000 
943815791859377 0.000000 0.000000 0.000000 
943815810768700 0.000000 0.000000 0.000000 
943815829678075 0.000000 0.000000 0.000000 
943815848587398 0.000000 0.000000 0.000000 
943815867496773 0.000000 0.000000 0.000000 
943815886406096 0.000000 0.000000 0.000000 
943815905315419 0.000000 0.000000 0.000000 
943815924224794 0.000000 0.000000 0.000000 
943815943134117 0.000000 0.000000 0.000000 
943815962043492 0.000000 0.000000 0.000000 
943815980952815 0.000000 0.000000 0.000000 
943815999862138 0.000000 0.000000 0.000000 
943816018771513 0.000000 0.000000 0.000000 
943816037680835 0.000000 0.000000 0.000000 
943816056590210 0.000000 0.000000 0.000000 
943816075499533 0.000000 0.000000 0.000000 
943816094408908 0.000000 0.000000 0.000000 
943816113318231 0.000000 0.000000 0.000000 
943816132227554 0.000000 0.000000 0.000000 
943816151136929 0.000000 0.000000 0.000000 
943816170046252 0.000000 0.000000 0.000000 
943816188955575 0.000000 0.000000 0.000000 
943816207864950 0.000000 0.000000 0.000000 
943816226774273 0.000000 0.000000 0.000000 
943816245683648 0.000000 0.000000 0.000000 
943816264592971 0.000000 0.000000 0.000000 
943816283502294 0.000000 0.000000 0.000000 
943816302411669 0.000000 0.000000 0.000000 
943816321320992 0.000000 0.000000 0.000000 
943816340230367 0.000000 0.000000 0.000000 
943816359139690 0.000000 0.000000 0.000000 
943816378049013 0.000000 0.000000 0.000000 
943816396958388 0.000000 0.000000 0.000000 
943816415867710 0.000000 0.000000 0.000000 
943816434777085 0.000000 0.000000 0.000000 
943816453686408 0.000000 0.000000 0.000000 
943816472595731 0.000000 0.000000 0.000000 
943816491505106 0.000000 0.000000 0.000000 
943816510414429 0.000000 0.000000 0.000000 
943816529323804 0.000000 0.000000 0.000000 
943816548233127 0.000000 0.000000 0.000000 
943816567142450 0.000000 0.000000 0.000000 
943816586051825 0.000000 0.000000 0.000000 
943816604961148 0.000000 0.000000 0.000000 
943816623870523 0.000000 0.000000 0.000000 
943816642779846 0.000000 0.000000 0.000000 
943816661689169 0.000000 0.000000 0.000000 
943816680598544 0.000000 0.000000 0.000000 
943816699507867 0.000000 0.000000 0.000000 
943816718417242 0.000000 0.000000 0.000000 
943816737326565 0.000000 0.000000 0.000000 
943816756235940 0.000000 0.000000 0.000000 
943816775145263 0.000000 0.000000 0.000000 
943816794054585 0.000000 0.000000 0.000000 
943816812963960 0.000000 0.000000 0.000000 
943816831873283 0.000000 0.000000 0.000000 
943816850782658 0.000000 0.000000 0.000000 
943816869691981 0.000000 0.000000 0.000000 
943816888601304 0.000000 0.000000 0.000000 
943816907510679 0.000000 0.000000 0.000000 
943816926420002 0.000000 0.000000 0.000000 
943816945329377 0.000000 0.000000 0.000000 
943816964238700 0.000000 0.000000 0.000000 
943816983148075 0.000000 0.000000 0.000000 
943817002057398 0.000000 0.000000 0.000000 
943817020966773 0.000000 0.000000 0.000000 
943817039876096 0.000000 0.000000 0.000000 
943817058785471 0.000000 0.000000 0.000000 
943817077694794 0.000000 0.000000 0.000000 
943817096604169 0.000000 0.000000 0.000000 
943817115513492 0.000000 0.000000 0.000000 
943817134422867 0.000000 0.000000 0.000000 
943817153332190 0.000000 0.000000 0.000000 
943817172241565 0.000000 0.000000 0.000000 
943817191150888 0.000000 0.000000 0.000000 
943817210060263 0.000000 0.000000 0.000000 
943817228969585 0.000000 0.000000 0.000000 
943817247878960 0.000000 0.000000 0.000000 
943817266788283 0.000000 0.000000 0.000000 
943817285697658 0.000000 0.000000 0.000000 
943817304606981 0.000000 0.000000 0.000000 
943817323516356 0.000000 0.000000 0.000000 
943817342425679 0.000000 0.000000 0.000000 
943817361335054 0.000000 0.000000 0.000000 
943817380244377 0.000000 0.000000 0.000000 
943817399153752 0.000000 0.000000 0.000000 
943817418063075 0.000000 0.000000 0.000000 
943817436972450 0.000000 0.000000 0.000000 
943817455881773 0.000000 0.000000 0.000000 
943817474791148 0.000000 0.000000 0.000000 
943817493700471 0.000000 0.000000 0.000000 
943817512609846 0.000000 0.000000 0.000000 
943817531519169 0.000000 0.000000 0.000000 
943817550428544 0.000000 0.000000 0.000000 
943817569337919 0.000000 0.000000 0.000000 
943817588247242 0.000000 0.000000 0.000000 
943817607156617 0.000000 0.000000 0.000000 
943817626065940 0.000000 0.000000 0.000000 
943817644975315 0.000000 0.000000 0.000000 
943817663884638 0.000000 0.000000 0.000000 
943817682794013 0.000000 0.000000 0.000000 
943817701703335 0.000000 0.000000 0.000000 
943817720612710 0.000000 0.000000 0.000000 
943817739522033 0.000000 0.000000 0.000000 
943817758431408 0.000000 0.000000 0.000000 
943817777340783 0.000000 0.000000 0.000000 
943817796250106 0.000000 0.000000 0.000000 
943817815159481 0.000000 0.000000 0.000000 
943817834068804 0.000000 0.000000 0.000000 
943817852978179 0.000000 0.000000 0.000000 
943817871887502 0.000000 0.000000 0.000000 
943817890796877 0.000000 0.000000 0.000000 
943817909706200 0.000000 0.000000 0.000000 
943817928615575 0.000000 0.000000 0.000000 
943817947524950 0.000000 0.000000 0.000000 
943817966434273 0.000000 0.000000 0.000000 
943817985343648 0.000000 0.000000 0.000000 
943818004252971 0.000000 0.000000 0.000000 
943818023162346 0.000000 0.000000 0.000000 
943818042071669 0.000000 0.000000 0.000000 
943818060981044 0.000000 0.000000 0.000000 
943818079890367 0.000000 0.000000 0.000000 
943818098799742 0.000000 0.000000 0.000000 
943818117709065 0.000000 0.000000 0.000000 
943818136618440 0.000000 0.000000 0.000000 
943818155527815 0.000000 0.000000 0.000000 
943818174437138 0.000000 0.000000 0.000000 
943818193346513 0.000000 0.000000 0.000000 
943818212255835 0.000000 0.000000 0.000000 
943818231165210 0.000000 0.000000 0.000000 
943818250074533 0.000000 0.000000 0.000000 
943818268983908 0.000000 0.000000 0.000000 
943818287893231 0.000000 0.000000 0.000000 
943818306802606 0.000000 0.000000 0.000000 
943818325711981 0.000000 0.000000 0.000000 
943818344621304 0.000000 0.000000 0.000000 
943818363530679 0.000000 0.000000 0.000000 
943818382440002 0.000000 0.000000 0.000000 
943818401349377 0.000000 0.000000 0.000000 
943818420258700 0.000000 0.000000 0.000000 
943818439168075 0.000000 0.000000 0.000000 
943818458077398 0.000000 0.000000 0.000000 
943818476986773 0.000000 0.000000 0.000000 
943818495896148 0.000000 0.000000 0.000000 
943818514805471 0.000000 0.000000 0.000000 
943818533714846 0.000000 0.000000 0.000000 
943818552624169 0.000000 0.000000 0.000000 
943818571533544 0.000000 0.000000 0.000000 
943818590442867 0.000000 0.000000 0.000000 
943818609352242 0.000000 0.000000 0.000000 
943818628261617 0.000000 0.000000 0.000000 
943818647170940 0.000000 0.000000 0.000000 
943818666080315 0.000000 0.000000 0.000000 
943818684989638 0.000000 0.000000 0.000000 
943818703899013 0.000000 0.000000 0.000000 
943818722808388 0.000000 0.000000 0.000000 
943818741717710 0.000000 0.000000 0.000000 
943818760627085 0.000000 0.000000 0.000000 
943818779536460 0.000000 0.000000 0.000000 
943818798445783 0.000000 0.000000 0.000000 
943818817355158 0.000000 0.000000 0.000000 
943818836264481 0.000000 0.000000 0.000000 
943818855173856 0.000000 0.000000 0.000000 
943818874083179 0.000000 0.000000 0.000000 
943818892992554 0.000000 0.000000 0.000000 
943818911901929 0.000000 0.000000 0.000000 
943818930811252 0.000000 0.000000 0.000000 
943818949720627 0.000000 0.000000 0.000000 
943818968630002 0.000000 0.000000 0.000000 
943818987539325 0.000000 0.000000 0.000000 
943819006448700 0.000000 0.000000 0.000000 
943819025358023 0.000000 0.000000 0.000000 
943819044267398 0.000000 0.000000 0.000000 
943819063176773 0.000000 0.000000 0.000000 
943819082086096 0.000000 0.000000 0.000000 
943819100995471 0.000000 0.000000 0.000000 
943819119904846 0.000000 0.000000 0.000000 
943819138814169 0.000000 0.000000 0.000000 
943819157723544 0.000000 0.000000 0.000000 
943819176632919 0.000000 0.000000 0.000000 
943819195542242 0.000000 0.000000 0.000000 
943819214451617 0.000000 0.000000 0.000000 
943819233360992 0.000000 0.000000 0.000000 
943819252270367 0.000000 0.000000 0.000000 
943819271179690 0.000000 0.000000 0.000000 
943819290089065 0.000000 0.000000 0.000000 
943819308998440 0.000000 0.000000 0.000000 
943819327907763 0.000000 0.000000 0.000000 
943819346817138 0.000000 0.000000 0.000000 
943819365726513 0.000000 0.000000 0.000000 
943819384635835 0.000000 0.000000 0.000000 
943819403545210 0.000000 0.000000 0.000000 
943819422454585 0.000000 0.000000 0.000000 
943819441363960 0.000000 0.000000 0.000000 
943819460273283 0.000000 0.000000 0.000000 
943819479182658 0.000000 0.000000 0.000000 
943819498092033 0.000000 0.000000 0.000000 
943819517001356 0.000000 0.000000 0.000000 
943819535910731 0.000000 0.000000 0.000000 
943819554820106 0.000000 0.000000 0.000000 
943819573729481 0.000000 0.000000 0.000000 
943819592638804 0.000000 0.000000 0.000000 
943819611548179 0.000000 0.000000 0.000000 
943819630457554 0.000000 0.000000 0.000000 
943819649366929 0.000000 0.000000 0.000000 
943819668276304 0.000000 0.000000 0.000000 
943819687185627 0.000000 0.000000 0.000000 
943819706095002 0.000000 0.000000 0.000000 
943819725004377 0.000000 0.000000 0.000000 
943819743913752 0.000000 0.000000 0.000000 
943819762823127 0.000000 0.000000 0.000000 
943819781732450 0.000000 0.000000 0.000000 
943819800641825 0.000000 0.000000 0.000000 
943819819551200 0.000000 0.000000 0.000000 
943819838460575 0.000000 0.000000 0.000000 
943819857369950 0.000000 0.000000 0.000000 
943819876279273 0.000000 0.000000 0.000000 
943819895188648 0.000000 0.000000 0.000000 
943819914098023 0.000000 0.000000 0.000000 
943819933007398 0.000000 0.000000 0.000000 
943819951916773 0.000000 0.000000 0.000000 
943819970826148 0.000000 0.000000 0.000000 
943819989735523 0.000000 0.000000 0.000000 
943820008644846 0.000000 0.000000 0.000000 
943820027554221 0.000000 0.000000 0.000000 
943820046463596 0.000000 0.000000 0.000000 
943820065372971 0.000000 0.000000 0.000000 
943820084282346 0.000000 0.000000 0.000000 
943820103191721 0.000000 0.000000 0.000000 
943820122101044 0.000000 0.000000 0.000000 
943820141010419 0.000000 0.000000 0.000000 
943820159919794 0.000000 0.000000 0.000000 
943820178829169 0.000000 0.000000 0.000000 
943820197738544 0.000000 0.000000 0.000000 
943820216647919 0.000000 0.000000 0.000000 
943820235557294 0.000000 0.000000 0.000000 
943820254466669 0.000000 0.000000 0.000000 
943820273376044 0.000000 0.000000 0.000000 
943820292285419 0.000000 0.000000 0.000000 
943820311194742 0.000000 0.000000 0.000000 
943820330104117 0.000000 0.000000 0.000000 
943820349013492 0.000000 0.000000 0.000000 
943820367922867 0.000000 0.000000 0.000000 
943820386832242 0.000000 0.000000 0.000000 
943820405741617 0.000000 0.000000 0.000000 
943820424650992 0.000000 0.000000 0.000000 
943820443560367 0.000000 0.000000 0.000000 
943820462469742 0.000000 0.000000 0.000000 
943820481379117 0.000000 0.000000 0.000000 
943820500288492 0.000000 0.000000 0.000000 
943820519197867 0.000000 0.000000 0.000000 
943820538107242 0.000000 0.000000 0.000000 
943820557016617 0.000000 0.000000 0.000000 
943820575925992 0.000000 0.000000 0.000000 
943820594835315 0.000000 0.000000 0.000000 
943820613744690 0.000000 0.000000 0.000000 
943820632654065 0.000000 0.000000 0.000000 
943820651563440 0.000000 0.000000 0.000000 
943820670472815 0.000000 0.000000 0.000000 
943820689382190 0.000000 0.000000 0.000000 
943820708291565 0.000000 0.000000 0.000000 
943820727200940 0.000000 0.000000 0.000000 
943820746110315 0.000000 0.000000 0.000000 
943820765019690 0.000000 0.000000 0.000000 
943820783929065 0.000000 0.000000 0.000000 
943820802838440 0.000000 0.000000 0.000000 
943820821747815 0.000000 0.000000 0.000000 
943820840657190 0.000000 0.000000 0.000000 
943820859566565 0.000000 0.000000 0.000000 
943820878475940 0.000000 0.000000 0.000000 
943820897385315 0.000000 0.000000 0.000000 
943820916294690 0.000000 0.000000 0.000000 
943820935204065 0.000000 0.000000 0.000000 
943820954113440 0.000000 0.000000 0.000000 
943820973022815 0.000000 0.000000 0.000000 
943820991932190 0.000000 0.000000 0.000000 
943821010841565 0.000000 0.000000 0.000000 
943821029750940 0.000000 0.000000 0.000000 
943821048660315 0.000000 0.000000 0.000000 
943821067569690 0.000000 0.000000 0.000000 
943821086479013 0.000000 0.000000 0.000000 
943821105388388 0.000000 0.000000 0.000000 
943821124297763 0.000000 0.000000 0.000000 
943821143207138 0.000000 0.000000 0.000000 
943821162116513 0.000000 0.000000 0.000000 
943821181025888 0.000000 0.000000 0.000000 
943821199935263 0.000000 0.000000 0.000000 
943821218844638 0.000000 0.000000 0.000000 
943821237754013 0.000000 0.000000 0.000000 
943821256663388 0.000000 0.000000 0.000000 
943821275572763 0.000000 0.000000 0.000000 
943821294482138 0.000000 0.000000 0.000000 
943821313391513 0.000000 0.000000 0.000000 
943821332300888 0.000000 0.000000 0.000000 
943821351210263 0.000000 0.000000 0.000000 
943821370119638 0.000000 0.000000 0.000000 
943821389029013 0.000000 0.000000 0.000000 
943821407938388 0.000000 0.000000 0.000000 
943821426847763 0.000000 0.000000 0.000000 
943821445757138 0.000000 0.000000 0.000000 
943821464666513 0.000000 0.000000 0.000000 
943821483575888 0.000000 0.000000 0.000000 
943821502485263 0.000000 0.000000 0.000000 
943821521394638 0.000000 0.000000 0.000000 
943821540304013 0.000000 0.000000 0.000000 
943821559213388 0.000000 0.000000 0.000000 
943821578122763 0.000000 0.000000 0.000000 
943821597032138 0.000000 0.000000 0.000000 
943821615941513 0.000000 0.000000 0.000000 
943821634850888 0.000000 0.000000 0.000000 
943821653760263 0.000000 0.000000 0.000000 
943821672669638 0.000000 0.000000 0.000000 
943821691579013 0.000000 0.000000 0.000000 
943821710488388 0.000000 0.000000 0.000000 
943821729397763 0.000000 0.000000 0.000000 
943821748307138 0.000000 0.000000 0.000000 
943821767216513 0.000000 0.000000 0.000000 
943821786125888 0.000000 0.000000 0.000000 
943821805035263 0.000000 0.000000 0.000000 
943821823944638 0.000000 0.000000 0.000000 
943821842853960 0.000000 0.000000 0.000000 
943821861763388 0.000000 0.000000 0.000000 
943821880672763 0.000000 0.000000 0.000000 
943821899582085 0.000000 0.000000 0.000000 
943821918491460 0.000000 0.000000 0.000000 
943821937400835 0.000000 0.000000 0.000000 
943821956310210 0.000000 0.000000 0.000000 
943821975219585 0.000000 0.000000 0.000000 
943821994128960 0.000000 0.000000 0.000000 
943822013038335 0.000000 0.000000 0.000000 
943822031947710 0.000000 0.000000 0.000000 
943822050857085 0.000000 0.000000 0.000000 
943822069766460 0.000000 0.000000 0.000000 
943822088675835 0.000000 0.000000 0.000000 
943822107585210 0.000000 0.000000 0.000000 
943822126494585 0.000000 0.000000 0.000000 
943822145403960 0.000000 0.000000 0.000000 
943822164313335 0.000000 0.000000 0.000000 
943822183222710 0.000000 0.000000 0.000000 
943822202132085 0.000000 0.000000 0.000000 
943822221041460 0.000000 0.000000 0.000000 
943822239950835 0.000000 0.000000 0.000000 
943822258860210 0.000000 0.000000 0.000000 
943822277769585 0.000000 0.000000 0.000000 
943822296678960 0.000000 0.000000 0.000000 
943822315588335 0.000000 0.000000 0.000000 
943822334497710 0.000000 0.000000 0.000000 
943822353407085 0.000000 0.000000 0.000000 
943822372316460 0.000000 0.000000 0.000000 
943822391225835 0.000000 0.000000 0.000000 
943822410135210 0.000000 0.000000 0.000000 
943822429044585 0.000000 0.000000 0.000000 
943822447953960 0.000000 0.000000 0.000000 
943822466863335 0.000000 0.000000 0.000000 
943822485772710 0.000000 0.000000 0.000000 
943822504682085 0.000000 0.000000 0.000000 
943822523591460 0.000000 0.000000 0.000000 
943822542500783 0.000000 0.000000 0.000000 
943822561410158 0.000000 0.000000 0.000000 
943822580319533 0.000000 0.000000 0.000000 
943822599228908 0.000000 0.000000 0.000000 
943822618138283 0.000000 0.000000 0.000000 
943822637047658 0.000000 0.000000 0.000000 
943822655957033 0.000000 0.000000 0.000000 
943822674866408 0.000000 0.000000 0.000000 
943822693775783 0.000000 0.000000 0.000000 
943822712685158 0.000000 0.000000 0.000000 
943822731594533 0.000000 0.000000 0.000000 
943822750503908 0.000000 0.000000 0.000000 
943822769413283 0.000000 0.000000 0.000000 
943822788322658 0.000000 0.000000 0.000000 
943822807232033 0.000000 0.000000 0.000000 
943822826141408 0.000000 0.000000 0.000000 
943822845050783 0.000000 0.000000 0.000000 
943822863960158 0.000000 0.000000 0.000000 
943822882869533 0.000000 0.000000 0.000000 
943822901778908 0.000000 0.000000 0.000000 
943822920688283 0.000000 0.000000 0.000000 
943822939597658 0.000000 0.000000 0.000000 
943822958507033 0.000000 0.000000 0.000000 
943822977416408 0.000000 0.000000 0.000000 
943822996325783 0.000000 0.000000 0.000000 
943823015235158 0.000000 0.000000 0.000000 
943823034144481 0.000000 0.000000 0.000000 
943823053053856 0.000000 0.000000 0.000000 
943823071963231 0.000000 0.000000 0.000000 
943823090872606 0.000000 0.000000 0.000000 
943823109781981 0.000000 0.000000 0.000000 
943823128691356 0.000000 0.000000 0.000000 
943823147600731 0.000000 0.000000 0.000000 
943823166510106 0.000000 0.000000 0.000000 
943823185419481 0.000000 0.000000 0.000000 
943823204328856 0.000000 0.000000 0.000000 
943823223238231 0.000000 0.000000 0.000000 
943823242147606 0.000000 0.000000 0.000000 
943823261056981 0.000000 0.000000 0.000000 
943823279966356 0.000000 0.000000 0.000000 
943823298875731 0.000000 0.000000 0.000000 
943823317785106 0.000000 0.000000 0.000000 
943823336694481 0.000000 0.000000 0.000000 
943823355603856 0.000000 0.000000 0.000000 
943823374513231 0.000000 0.000000 0.000000 
943823393422606 0.000000 0.000000 0.000000 
943823412331929 0.000000 0.000000 0.000000 
943823431241304 0.000000 0.000000 0.000000 
943823450150679 0.000000 0.000000 0.000000 
943823469060054 0.000000 0.000000 0.000000 
943823487969429 0.000000 0.000000 0.000000 
943823506878804 0.000000 0.000000 0.000000 
943823525788179 0.000000 0.000000 0.000000 
943823544697554 0.000000 0.000000 0.000000 
943823563606929 0.000000 0.000000 0.000000 
943823582516304 0.000000 0.000000 0.000000 
943823601425679 0.000000 0.000000 0.000000 
943823620335054 0.000000 0.000000 0.000000 
943823639244429 0.000000 0.000000 0.000000 
943823658153804 0.000000 0.000000 0.000000 
943823677063127 0.000000 0.000000 0.000000 
943823695972502 0.000000 0.000000 0.000000 
943823714881877 0.000000 0.000000 0.000000 
943823733791252 0.000000 0.000000 0.000000 
943823752700627 0.000000 0.000000 0.000000 
943823771610002 0.000000 0.000000 0.000000 
943823790519377 0.000000 0.000000 0.000000 
943823809428752 0.000000 0.000000 0.000000 
943823828338127 0.000000 0.000000 0.000000 
943823847247502 0.000000 0.000000 0.000000 
943823866156877 0.000000 0.000000 0.000000 
943823885066200 0.000000 0.000000 0.000000 
943823903975575 0.000000 0.000000 0.000000 
943823922884950 0.000000 0.000000 0.000000 
943823941794325 0.000000 0.000000 0.000000 
943823960703700 0.000000 0.000000 0.000000 
943823979613075 0.000000 0.000000 0.000000 
943823998522450 0.000000 0.000000 0.000000 
943824017431825 0.000000 0.000000 0.000000 
943824036341200 0.000000 0.000000 0.000000 
943824055250523 0.000000 0.000000 0.000000 
943824074159898 0.000000 0.000000 0.000000 
943824093069273 0.000000 0.000000 0.000000 
943824111978648 0.000000 0.000000 0.000000 
943824130888023 0.000000 0.000000 0.000000 
943824149797398 0.000000 0.000000 0.000000 
943824168706773 0.000000 0.000000 0.000000 
943824187616148 0.000000 0.000000 0.000000 
943824206525523 0.000000 0.000000 0.000000 
943824225434846 0.000000 0.000000 0.000000 
943824244344221 0.000000 0.000000 0.000000 
943824263253596 0.000000 0.000000 0.000000 
943824282162971 0.000000 0.000000 0.000000 
943824301072346 0.000000 0.000000 0.000000 
943824319981721 0.000000 0.000000 0.000000 
943824338891096 0.000000 0.000000 0.000000 
943824357800419 0.000000 0.000000 0.000000 
943824376709794 0.000000 0.000000 0.000000 
943824395619169 0.000000 0.000000 0.000000 
943824414528544 0.000000 0.000000 0.000000 
943824433437919 0.000000 0.000000 0.000000 
943824452347242 0.000000 0.000000 0.000000 
943824471256617 0.000000 0.000000 0.000000 
943824490165992 0.000000 0.000000 0.000000 
943824509075367 0.000000 0.000000 0.000000 
943824527984742 0.000000 0.000000 0.000000 
943824546894065 0.000000 0.000000 0.000000 
943824565803440 0.000000 0.000000 0.000000 
943824584712815 0.000000 0.000000 0.000000 
943824603622190 0.000000 0.000000 0.000000 
943824622531565 0.000000 0.000000 0.000000 
943824641440940 0.000000 0.000000 0.000000 
943824660350263 0.000000 0.000000 0.000000 
943824679259638 0.000000 0.000000 0.000000 
943824698169013 0.000000 0.000000 0.000000 
943824717078388 0.000000 0.000000 0.000000 
943824735987763 0.000000 0.000000 0.000000 
943824754897085 0.000000 0.000000 0.000000 
943824773806460 0.000000 0.000000 0.000000 
943824792715835 0.000000 0.000000 0.000000 
943824811625210 0.000000 0.000000 0.000000 
943824830534533 0.000000 0.000000 0.000000 
943824849443908 0.000000 0.000000 0.000000 
943824868353283 0.000000 0.000000 0.000000 
943824887262658 0.000000 0.000000 0.000000 
943824906172033 0.000000 0.000000 0.000000 
943824925081356 0.000000 0.000000 0.000000 
943824943990731 0.000000 0.000000 0.000000 
943824962900106 0.000000 0.000000 0.000000 
943824981809481 0.000000 0.000000 0.000000 
943825000718804 0.000000 0.000000 0.000000 
943825019628179 0.000000 0.000000 0.000000 
943825038537554 0.000000 0.000000 0.000000 
943825057446877 0.000000 0.000000 0.000000 
943825076356252 0.000000 0.000000 0.000000 
943825095265627 0.000000 0.000000 0.000000 
943825114175002 0.000000 0.000000 0.000000 
943825133084325 0.000000 0.000000 0.000000 
943825151993700 0.000000 0.000000 0.000000 
943825170903075 0.000000 0.000000 0.000000 
943825189812398 0.000000 0.000000 0.000000 
943825208721773 0.000000 0.000000 0.000000 
943825227631148 0.000000 0.000000 0.000000 
943825246540523 0.000000 0.000000 0.000000 
943825265449846 0.000000 0.000000 0.000000 
943825284359221 0.000000 0.000000 0.000000 
943825303268596 0.000000 0.000000 0.000000 
943825322177919 0.000000 0.000000 0.000000 
943825341087294 0.000000 0.000000 0.000000 
943825359996669 0.000000 0.000000 0.000000 
943825378906044 0.000000 0.000000 0.000000 
943825397815367 0.000000 0.000000 0.000000 
943825416724742 0.000000 0.000000 0.000000 
943825435634065 0.000000 0.000000 0.000000 
943825454543440 0.000000 0.000000 0.000000 
943825473452815 0.000000 0.000000 0.000000 
943825492362138 0.000000 0.000000 0.000000 
943825511271513 0.000000 0.000000 0.000000 
943825530180888 0.000000 0.000000 0.000000 
943825549090210 0.000000 0.000000 0.000000 
943825567999585 0.000000 0.000000 0.000000 
943825586908908 0.000000 0.000000 0.000000 
943825605818283 0.000000 0.000000 0.000000 
943825624727658 0.000000 0.000000 0.000000 
943825643636981 0.000000 0.000000 0.000000 
943825662546356 0.000000 0.000000 0.000000 
943825681455679 0.000000 0.000000 0.000000 
943825700365054 0.000000 0.000000 0.000000 
943825719274429 0.000000 0.000000 0.000000 
943825738183752 0.000000 0.000000 0.000000 
943825757093127 0.000000 0.000000 0.000000 
943825776002450 0.000000 0.000000 0.000000 
943825794911825 0.000000 0.000000 0.000000 
943825813821148 0.000000 0.000000 0.000000 
943825832730523 0.000000 0.000000 0.000000 
943825851639846 0.000000 0.000000 0.000000 
943825870549221 0.000000 0.000000 0.000000 
943825889458596 0.000000 0.000000 0.000000 
943825908367919 0.000000 0.000000 0.000000 
943825927277294 0.000000 0.000000 0.000000 
943825946186617 0.000000 0.000000 0.000000 
943825965095992 0.000000 0.000000 0.000000 
943825984005315 0.000000 0.000000 0.000000 
943826002914690 0.000000 0.000000 0.000000 
943826021824013 0.000000 0.000000 0.000000 
943826040733388 0.000000 0.000000 0.000000 
943826059642710 0.000000 0.000000 0.000000 
943826078552033 0.000000 0.000000 0.000000 
943826097461408 0.000000 0.000000 0.000000 
943826116370731 0.000000 0.000000 0.000000 
943826135280106 0.000000 0.000000 0.000000 
943826154189429 0.000000 0.000000 0.000000 
943826173098804 0.000000 0.000000 0.000000 
943826192008127 0.000000 0.000000 0.000000 
943826210917502 0.000000 0.000000 0.000000 
943826229826825 0.000000 0.000000 0.000000 
943826248736200 0.000000 0.000000 0.000000 
943826267645523 0.000000 0.000000 0.000000 
943826286554846 0.000000 0.000000 0.000000 
943826305464221 0.000000 0.000000 0.000000 
943826324373544 0.000000 0.000000 0.000000 
943826343282919 0.000000 0.000000 0.000000 
943826362192242 0.000000 0.000000 0.000000 
943826381101565 0.000000 0.000000 0.000000 
943826400010940 0.000000 0.000000 0.000000 
943826418920263 0.000000 0.000000 0.000000 
943826437829638 0.000000 0.000000 0.000000 
943826456738960 0.000000 0.000000 0.000000 
943826475648283 0.000000 0.000000 0.000000 
943826494557658 0.000000 0.000000 0.000000 
943826513466981 0.000000 0.000000 0.000000 
943826532376356 0.000000 0.000000 0.000000 
943826551285679 0.000000 0.000000 0.000000 
943826570195002 0.000000 0.000000 0.000000 
943826589104377 0.000000 0.000000 0.000000 
943826608013700 0.000000 0.000000 0.000000 
943826626923023 0.000000 0.000000 0.000000 
943826645832398 0.000000 0.000000 0.000000 
943826664741721 0.000000 0.000000 0.000000 
943826683651096 0.000000 0.000000 0.000000 
943826702560419 0.000000 0.000000 0.000000 
943826721469742 0.000000 0.000000 0.000000 
943826740379065 0.000000 0.000000 0.000000 
943826759288440 0.000000 0.000000 0.000000 
943826778197763 0.000000 0.000000 0.000000 
943826797107138 0.000000 0.000000 0.000000 
943826816016460 0.000000 0.000000 0.000000 
943826834925783 0.000000 0.000000 0.000000 
943826853835158 0.000000 0.000000 0.000000 
943826872744481 0.000000 0.000000 0.000000 
943826891653804 0.000000 0.000000 0.000000 
943826910563179 0.000000 0.000000 0.000000 
943826929472502 0.000000 0.000000 0.000000 
943826948381825 0.000000 0.000000 0.000000 
943826967291148 0.000000 0.000000 0.000000 
943826986200523 0.000000 0.000000 0.000000 
943827005109846 0.000000 0.000000 0.000000 
943827024019169 0.000000 0.000000 0.000000 
943827042928544 0.000000 0.000000 0.000000 
943827061837867 0.000000 0.000000 0.000000 
943827080747190 0.000000 0.000000 0.000000 
943827099656513 0.000000 0.000000 0.000000 
943827118565888 0.000000 0.000000 0.000000 
943827137475210 0.000000 0.000000 0.000000 
943827156384533 0.000000 0.000000 0.000000 
943827175293908 0.000000 0.000000 0.000000 
943827194203231 0.000000 0.000000 0.000000 
943827213112554 0.000000 0.000000 0.000000 
943827232021877 0.000000 0.000000 0.000000 
943827250931252 0.000000 0.000000 0.000000 
943827269840575 0.000000 0.000000 0.000000 
943827288749898 0.000000 0.000000 0.000000 
943827307659221 0.000000 0.000000 0.000000 
943827326568596 0.000000 0.000000 0.000000 
943827345477919 0.000000 0.000000 0.000000 
943827364387242 0.000000 0.000000 0.000000 
943827383296565 0.000000 0.000000 0.000000 
943827402205940 0.000000 0.000000 0.000000 
943827421115263 0.000000 0.000000 0.000000 
943827440024585 0.000000 0.000000 0.000000 
943827458933908 0.000000 0.000000 0.000000 
943827477843231 0.000000 0.000000 0.000000 
943827496752606 0.000000 0.000000 0.000000 
943827515661929 0.000000 0.000000 0.000000 
943827534571252 0.000000 0.000000 0.000000 
943827553480575 0.000000 0.000000 0.000000 
943827572389898 0.000000 0.000000 0.000000 
943827591299221 0.000000 0.000000 0.000000 
943827610208596 0.000000 0.000000 0.000000 
943827629117919 0.000000 0.000000 0.000000 
943827648027242 0.000000 0.000000 0.000000 
943827666936565 0.000000 0.000000 0.000000 
943827685845888 0.000000 0.000000 0.000000 
943827704755210 0.000000 0.000000 0.000000 
943827723664533 0.000000 0.000000 0.000000 
943827742573908 0.000000 0.000000 0.000000 
943827761483231 0.000000 0.000000 0.000000 
943827780392554 0.000000 0.000000 0.000000 
943827799301877 0.000000 0.000000 0.000000 
943827818211200 0.000000 0.000000 0.000000 
943827837120523 0.000000 0.000000 0.000000 
943827856029846 0.000000 0.000000 0.000000 
943827874939169 0.000000 0.000000 0.000000 
943827893848492 0.000000 0.000000 0.000000 
943827912757867 0.000000 0.000000 0.000000 
943827931667190 0.000000 0.000000 0.000000 
943827950576513 0.000000 0.000000 0.000000 
943827969485835 0.000000 0.000000 0.000000 
943827988395158 0.000000 0.000000 0.000000 
943828007304481 0.000000 0.000000 0.000000 
943828026213804 0.000000 0.000000 0.000000 
943828045123127 0.000000 0.000000 0.000000 
943828064032450 0.000000 0.000000 0.000000 
943828082941773 0.000000 0.000000 0.000000 
943828101851096 0.000000 0.000000 0.000000 
943828120760471 0.000000 0.000000 0.000000 
943828139669794 0.000000 0.000000 0.000000 
943828158579117 0.000000 0.000000 0.000000 
943828177488440 0.000000 0.000000 0.000000 
943828196397763 0.000000 0.000000 0.000000 
943828215307085 0.000000 0.000000 0.000000 
943828234216408 0.000000 0.000000 0.000000 
943828253125731 0.000000 0.000000 0.000000 
943828272035054 0.000000 0.000000 0.000000 
943828290944377 0.000000 0.000000 0.000000 
943828309853700 0.000000 0.000000 0.000000 
943828328763023 0.000000 0.000000 0.000000 
943828347672346 0.000000 0.000000 0.000000 
943828366581669 0.000000 0.000000 0.000000 
943828385490992 0.000000 0.000000 0.000000 
943828404400315 0.000000 0.000000 0.000000 
943828423309638 0.000000 0.000000 0.000000 
943828442218960 0.000000 0.000000 0.000000 
943828461128283 0.000000 0.000000 0.000000 
943828480037606 0.000000 0.000000 0.000000 
943828498946929 0.000000 0.000000 0.000000 
943828517856252 0.000000 0.000000 0.000000 
943828536765575 0.000000 0.000000 0.000000 
943828555674898 0.000000 0.000000 0.000000 
943828574584221 0.000000 0.000000 0.000000 
943828593493544 0.000000 0.000000 0.000000 
943828612402867 0.000000 0.000000 0.000000 
943828631312190 0.000000 0.000000 0.000000 
943828650221513 0.000000 0.000000 0.000000 
943828669130835 0.000000 0.000000 0.000000 
943828688040158 0.000000 0.000000 0.000000 
943828706949481 0.000000 0.000000 0.000000 
943828725858804 0.000000 0.000000 0.000000 
943828744768127 0.000000 0.000000 0.000000 
943828763677450 0.000000 0.000000 0.000000 
943828782586773 0.000000 0.000000 0.000000 
943828801496096 0.000000 0.000000 0.000000 
943828820405419 0.000000 0.000000 0.000000 
943828839314742 0.000000 0.000000 0.000000 
943828858224065 0.000000 0.000000 0.000000 
943828877133388 0.000000 0.000000 0.000000 
943828896042710 0.000000 0.000000 0.000000 
943828914952033 0.000000 0.000000 0.000000 
943828933861356 0.000000 0.000000 0.000000 
943828952770679 0.000000 0.000000 0.000000 
943828971680002 0.000000 0.000000 0.000000 
943828990589325 0.000000 0.000000 0.000000 
943829009498648 0.000000 0.000000 0.000000 
943829028407971 0.000000 0.000000 0.000000 
943829047317294 0.000000 0.000000 0.000000 
943829066226617 0.000000 0.000000 0.000000 
943829085135940 0.000000 0.000000 0.000000 
943829104045263 0.000000 0.000000 0.000000 
943829122954585 0.000000 0.000000 0.000000 
943829141863908 0.000000 0.000000 0.000000 
943829160773231 0.000000 0.000000 0.000000 
943829179682554 0.000000 0.000000 0.000000 
943829198591877 0.000000 0.000000 0.000000 
943829217501200 0.000000 0.000000 0.000000 
943829236410523 0.000000 0.000000 0.000000 
943829255319846 0.000000 0.000000 0.000000 
943829274229169 0.000000 0.000000 0.000000 
943829293138492 0.000000 0.000000 0.000000 
943829312047815 0.000000 0.000000 0.000000 
943829330957085 0.000000 0.000000 0.000000 
943829349866408 0.000000 0.000000 0.000000 
943829368775731 0.000000 0.000000 0.000000 
943829387685054 0.000000 0.000000 0.000000 
943829406594377 0.000000 0.000000 0.000000 
943829425503700 0.000000 0.000000 0.000000 
943829444413023 0.000000 0.000000 0.000000 
943829463322346 0.000000 0.000000 0.000000 
943829482231669 0.000000 0.000000 0.000000 
943829501140992 0.000000 0.000000 0.000000 
943829520050315 0.000000 0.000000 0.000000 
943829538959638 0.000000 0.000000 0.000000 
943829557868908 0.000000 0.000000 0.000000 
943829576778231 0.000000 0.000000 0.000000 
943829595687554 0.000000 0.000000 0.000000 
943829614596877 0.000000 0.000000 0.000000 
943829633506200 0.000000 0.000000 0.000000 
943829652415523 0.000000 0.000000 0.000000 
943829671324846 0.000000 0.000000 0.000000 
943829690234169 0.000000 0.000000 0.000000 
943829709143492 0.000000 0.000000 0.000000 
943829728052815 0.000000 0.000000 0.000000 
943829746962138 0.000000 0.000000 0.000000 
943829765871408 0.000000 0.000000 0.000000 
943829784780731 0.000000 0.000000 0.000000 
943829803690054 0.000000 0.000000 0.000000 
943829822599377 0.000000 0.000000 0.000000 
943829841508700 0.000000 0.000000 0.000000 
943829860418023 0.000000 0.000000 0.000000 
943829879327346 0.000000 0.000000 0.000000 
943829898236617 0.000000 0.000000 0.000000 
943829917145940 0.000000 0.000000 0.000000 
943829936055263 0.000000 0.000000 0.000000 
943829954964585 0.000000 0.000000 0.000000 
943829973873908 0.000000 0.000000 0.000000 
943829992783231 0.000000 0.000000 0.000000 
943830011692502 0.000000 0.000000 0.000000 
943830030601825 0.000000 0.000000 0.000000 
943830049511148 0.000000 0.000000 0.000000 
943830068420471 0.000000 0.000000 0.000000 
943830087329794 0.000000 0.000000 0.000000 
943830106239117 0.000000 0.000000 0.000000 
943830125148388 0.000000 0.000000 0.000000 
943830144057710 0.000000 0.000000 0.000000 
943830162967033 0.000000 0.000000 0.000000 
943830181876356 0.000000 0.000000 0.000000 
943830200785679 0.000000 0.000000 0.000000 
943830219694950 0.000000 0.000000 0.000000 
943830238604273 0.000000 0.000000 0.000000 
943830257513596 0.000000 0.000000 0.000000 
943830276422919 0.000000 0.000000 0.000000 
943830295332190 0.000000 0.000000 0.000000 
943830314241513 0.000000 0.000000 0.000000 
943830333150835 0.000000 0.000000 0.000000 
943830352060158 0.000000 0.000000 0.000000 
943830370969481 0.000000 0.000000 0.000000 
943830389878752 0.000000 0.000000 0.000000 
943830408788075 0.000000 0.000000 0.000000 
943830427697398 0.000000 0.000000 0.000000 
943830446606721 0.000000 0.000000 0.000000 
943830465515992 0.000000 0.000000 0.000000 
943830484425315 0.000000 0.000000 0.000000 
943830503334638 0.000000 0.000000 0.000000 
943830522243908 0.000000 0.000000 0.000000 
943830541153231 0.000000 0.000000 0.000000 
943830560062554 0.000000 0.000000 0.000000 
943830578971877 0.000000 0.000000 0.000000 
943830597881148 0.000000 0.000000 0.000000 
943830616790471 0.000000 0.000000 0.000000 
943830635699794 0.000000 0.000000 0.000000 
943830654609065 0.000000 0.000000 0.000000 
943830673518388 0.000000 0.000000 0.000000 
943830692427710 0.000000 0.000000 0.000000 
943830711336981 0.000000 0.000000 0.000000 
943830730246304 0.000000 0.000000 0.000000 
943830749155627 0.000000 0.000000 0.000000 
943830768064898 0.000000 0.000000 0.000000 
943830786974221 0.000000 0.000000 0.000000 
943830805883544 0.000000 0.000000 0.000000 
943830824792815 0.000000 0.000000 0.000000 
943830843702138 0.000000 0.000000 0.000000 
943830862611460 0.000000 0.000000 0.000000 
943830881520731 0.000000 0.000000 0.000000 
943830900430054 0.000000 0.000000 0.000000 
943830919339325 0.000000 0.000000 0.000000 
943830938248648 0.000000 0.000000 0.000000 
943830957157971 0.000000 0.000000 0.000000 
943830976067242 0.000000 0.000000 0.000000 
943830994976565 0.000000 0.000000 0.000000 
943831013885835 0.000000 0.000000 0.000000 
943831032795158 0.000000 0.000000 0.000000 
943831051704429 0.000000 0.000000 0.000000 
943831070613752 0.000000 0.000000 0.000000 
943831089523075 0.000000 0.000000 0.000000 
943831108432687 0.000000 0.000000 0.000000 
943831127343052 0.000000 0.000000 0.000000 
943831146252323 0.000000 0.000000 0.000000 
943831165161646 0.000000 0.000000 0.000000 
943831184070916 0.000000 0.000000 0.000000 
943831202980239 0.000000 0.000000 0.000000 
943831221889510 0.000000 0.000000 0.000000 
943831240798833 0.000000 0.000000 0.000000 
943831259708104 0.000000 0.000000 0.000000 
943831278617427 0.000000 0.000000 0.000000 
943831297526698 0.000000 0.000000 0.000000 
943831316436021 0.000000 0.000000 0.000000 
943831335345291 0.000000 0.000000 0.000000 
943831354254614 0.000000 0.000000 0.000000 
943831373163885 0.000000 0.000000 0.000000 
943831392073208 0.000000 0.000000 0.000000 
943831410982479 0.000000 0.000000 0.000000 
943831429891802 0.000000 0.000000 0.000000 
943831448801073 0.000000 0.000000 0.000000 
943831467710396 0.000000 0.000000 0.000000 
943831486619666 0.000000 0.000000 0.000000 
943831505528989 0.000000 0.000000 0.000000 
943831524438260 0.000000 0.000000 0.000000 
943831543347531 0.000000 0.000000 0.000000 
943831562256854 0.000000 0.000000 0.000000 
943831581166125 0.000000 0.000000 0.000000 
943831600075448 0.000000 0.000000 0.000000 
943831618984718 0.000000 0.000000 0.000000 
943831637894041 0.000000 0.000000 0.000000 
943831656803312 0.000000 0.000000 0.000000 
943831675712583 0.000000 0.000000 0.000000 
943831694621906 0.000000 0.000000 0.000000 
943831713531177 0.000000 0.000000 0.000000 
943831732440448 0.000000 0.000000 0.000000 
943831751349771 0.000000 0.000000 0.000000 
943831770259041 0.000000 0.000000 0.000000 
943831789168364 0.000000 0.000000 0.000000 
943831808077635 0.000000 0.000000 0.000000 
943831826986958 0.000000 0.000000 0.000000 
943831845896229 0.000000 0.000000 0.000000 
943831864805500 0.000000 0.000000 0.000000 
943831883714823 0.000000 0.000000 0.000000 
943831902624093 0.000000 0.000000 0.000000 
943831921533364 0.000000 0.000000 0.000000 
943831940442687 0.000000 0.000000 0.000000 
943831959351958 0.000000 0.000000 0.000000 
943831978261281 0.000000 0.000000 0.000000 
943831997170552 0.000000 0.000000 0.000000 
943832016079823 0.000000 0.000000 0.000000 
943832034989146 0.000000 0.000000 0.000000 
943832053898416 0.000000 0.000000 0.000000 
943832072807687 0.000000 0.000000 0.000000 
943832091717010 0.000000 0.000000 0.000000 
943832110626281 0.000000 0.000000 0.000000 
943832129535552 0.000000 0.000000 0.000000 
943832148444823 0.000000 0.000000 0.000000 
943832167354146 0.000000 0.000000 0.000000 
943832186263416 0.000000 0.000000 0.000000 
943832205172739 0.000000 0.000000 0.000000 
943832224082010 0.000000 0.000000 0.000000 
943832242991281 0.000000 0.000000 0.000000 
943832261900552 0.000000 0.000000 0.000000 
943832280809875 0.000000 0.000000 0.000000 
943832299719146 0.000000 0.000000 0.000000 
943832318628416 0.000000 0.000000 0.000000 
943832337537739 0.000000 0.000000 0.000000 
943832356447010 0.000000 0.000000 0.000000 
943832375356281 0.000000 0.000000 0.000000 
943832394265604 0.000000 0.000000 0.000000 
943832413174875 0.000000 0.000000 0.000000 
943832432084146 0.000000 0.000000 0.000000 
943832450993416 0.000000 0.000000 0.000000 
943832469902739 0.000000 0.000000 0.000000 
943832488812010 0.000000 0.000000 0.000000 
943832507721281 0.000000 0.000000 0.000000 
943832526630604 0.000000 0.000000 0.000000 
943832545539875 0.000000 0.000000 0.000000 
943832564449146 0.000000 0.000000 0.000000 
943832583358416 0.000000 0.000000 0.000000 
943832602267739 0.000000 0.000000 0.000000 
943832621177010 0.000000 0.000000 0.000000 
943832640086281 0.000000 0.000000 0.000000 
943832658995552 0.000000 0.000000 0.000000 
943832677904875 0.000000 0.000000 0.000000 
943832696814146 0.000000 0.000000 0.000000 
943832715723416 0.000000 0.000000 0.000000 
943832734632687 0.000000 0.000000 0.000000 
943832753542010 0.000000 0.000000 0.000000 
943832772451281 0.000000 0.000000 0.000000 
943832791360552 0.000000 0.000000 0.000000 
943832810269823 0.000000 0.000000 0.000000 
943832829179146 0.000000 0.000000 0.000000 
943832848088416 0.000000 0.000000 0.000000 
943832866997687 0.000000 0.000000 0.000000 
943832885906958 0.000000 0.000000 0.000000 
943832904816281 0.000000 0.000000 0.000000 
943832923725552 0.000000 0.000000 0.000000 
943832942634823 0.000000 0.000000 0.000000 
943832961544093 0.000000 0.000000 0.000000 
943832980453364 0.000000 0.000000 0.000000 
943832999362687 0.000000 0.000000 0.000000 
943833018271958 0.000000 0.000000 0.000000 
943833037181229 0.000000 0.000000 0.000000 
943833056090500 0.000000 0.000000 0.000000 
943833074999771 0.000000 0.000000 0.000000 
943833093909093 0.000000 0.000000 0.000000 
943833112818364 0.000000 0.000000 0.000000 
943833131727635 0.000000 0.000000 0.000000 
943833150636906 0.000000 0.000000 0.000000 
943833169546177 0.000000 0.000000 0.000000 
943833188455500 0.000000 0.000000 0.000000 
943833207364771 0.000000 0.000000 0.000000 
943833226274041 0.000000 0.000000 0.000000 
943833245183312 0.000000 0.000000 0.000000 
943833264092583 0.000000 0.000000 0.000000 
943833283001854 0.000000 0.000000 0.000000 
943833301911125 0.000000 0.000000 0.000000 
943833320820448 0.000000 0.000000 0.000000 
943833339729718 0.000000 0.000000 0.000000 
943833358638989 0.000000 0.000000 0.000000 
943833377548260 0.000000 0.000000 0.000000 
943833396457531 0.000000 0.000000 0.000000 
943833415366802 0.000000 0.000000 0.000000 
943833434276073 0.000000 0.000000 0.000000 
943833453185396 0.000000 0.000000 0.000000 
943833472094666 0.000000 0.000000 0.000000 
943833491003937 0.000000 0.000000 0.000000 
943833509913208 0.000000 0.000000 0.000000 
943833528822479 0.000000 0.000000 0.000000 
943833547731750 0.000000 0.000000 0.000000 
943833566641021 0.000000 0.000000 0.000000 
943833585550291 0.000000 0.000000 0.000000 
943833604459562 0.000000 0.000000 0.000000 
943833623368833 0.000000 0.000000 0.000000 
943833642278156 0.000000 0.000000 0.000000 
943833661187427 0.000000 0.000000 0.000000 
943833680096698 0.000000 0.000000 0.000000 
943833699005968 0.000000 0.000000 0.000000 
943833717915239 0.000000 0.000000 0.000000 
943833736824510 0.000000 0.000000 0.000000 
943833755733781 0.000000 0.000000 0.000000 
943833774643052 0.000000 0.000000 0.000000 
943833793552323 0.000000 0.000000 0.000000 
943833812461593 0.000000 0.000000 0.000000 
943833831370864 0.000000 0.000000 0.000000 
943833850280135 0.000000 0.000000 0.000000 
943833869189406 0.000000 0.000000 0.000000 
943833888098677 0.000000 0.000000 0.000000 
943833907007948 0.000000 0.000000 0.000000 
943833925917218 0.000000 0.000000 0.000000 
943833944826489 0.000000 0.000000 0.000000 
943833963735760 0.000000 0.000000 0.000000 
943833982645031 0.000000 0.000000 0.000000 
943834001554302 0.000000 0.000000 0.000000 
943834020463573 0.000000 0.000000 0.000000 
943834039372843 0.000000 0.000000 0.000000 
943834058282114 0.000000 0.000000 0.000000 
943834077191385 0.000000 0.000000 0.000000 
943834096100656 0.000000 0.000000 0.000000 
943834115009927 0.000000 0.000000 0.000000 
943834133919198 0.000000 0.000000 0.000000 
943834152828468 0.000000 0.000000 0.000000 
943834171737739 0.000000 0.000000 0.000000 
943834190647010 0.000000 0.000000 0.000000 
943834209556281 0.000000 0.000000 0.000000 
943834228465552 0.000000 0.000000 0.000000 
943834247374823 0.000000 0.000000 0.000000 
943834266284093 0.000000 0.000000 0.000000 
943834285193364 0.000000 0.000000 0.000000 
943834304102635 0.000000 0.000000 0.000000 
943834323011906 0.000000 0.000000 0.000000 
943834341921177 0.000000 0.000000 0.000000 
943834360830448 0.000000 0.000000 0.000000 
943834379739718 0.000000 0.000000 0.000000 
943834398648989 0.000000 0.000000 0.000000 
943834417558260 0.000000 0.000000 0.000000 
943834436467479 0.000000 0.000000 0.000000 
943834455376750 0.000000 0.000000 0.000000 
943834474286021 0.000000 0.000000 0.000000 
943834493195291 0.000000 0.000000 0.000000 
943834512104562 0.000000 0.000000 0.000000 
943834531013833 0.000000 0.000000 0.000000 
943834549923104 0.000000 0.000000 0.000000 
943834568832375 0.000000 0.000000 0.000000 
943834587741646 0.000000 0.000000 0.000000 
943834606650916 0.000000 0.000000 0.000000 
943834625560187 0.000000 0.000000 0.000000 
943834644469458 0.000000 0.000000 0.000000 
943834663378677 0.000000 0.000000 0.000000 
943834682287948 0.000000 0.000000 0.000000 
943834701197218 0.000000 0.000000 0.000000 
943834720106489 0.000000 0.000000 0.000000 
943834739015760 0.000000 0.000000 0.000000 
943834757925031 0.000000 0.000000 0.000000 
943834776834302 0.000000 0.000000 0.000000 
943834795743573 0.000000 0.000000 0.000000 
943834814652791 0.000000 0.000000 0.000000 
943834833562062 0.000000 0.000000 0.000000 
943834852471333 0.000000 0.000000 0.000000 
943834871380604 0.000000 0.000000 0.000000 
943834890289875 0.000000 0.000000 0.000000 
943834909199146 0.000000 0.000000 0.000000 
943834928108416 0.000000 0.000000 0.000000 
943834947017687 0.000000 0.000000 0.000000 
943834965926906 0.000000 0.000000 0.000000 
943834984836177 0.000000 0.000000 0.000000 
943835003745448 0.000000 0.000000 0.000000 
943835022654718 0.000000 0.000000 0.000000 
943835041563989 0.000000 0.000000 0.000000 
943835060473260 0.000000 0.000000 0.000000 
943835079382479 0.000000 0.000000 0.000000 
943835098291750 0.000000 0.000000 0.000000 
943835117201021 0.000000 0.000000 0.000000 
943835136110291 0.000000 0.000000 0.000000 
943835155019562 0.000000 0.000000 0.000000 
943835173928833 0.000000 0.000000 0.000000 
943835192838052 0.000000 0.000000 0.000000 
943835211747323 0.000000 0.000000 0.000000 
943835230656593 0.000000 0.000000 0.000000 
943835249565864 0.000000 0.000000 0.000000 
943835268475135 0.000000 0.000000 0.000000 
943835287384354 0.000000 0.000000 0.000000 
943835306293625 0.000000 0.000000 0.000000 
943835325202896 0.000000 0.000000 0.000000 
943835344112166 0.000000 0.000000 0.000000 
943835363021437 0.000000 0.000000 0.000000 
943835381930656 0.000000 0.000000 0.000000 
943835400839927 0.000000 0.000000 0.000000 
943835419749198 0.000000 0.000000 0.000000 
943835438658468 0.000000 0.000000 0.000000 
943835457567687 0.000000 0.000000 0.000000 
943835476476958 0.000000 0.000000 0.000000 
943835495386229 0.000000 0.000000 0.000000 
943835514295500 0.000000 0.000000 0.000000 
943835533204718 0.000000 0.000000 0.000000 
943835552113989 0.000000 0.000000 0.000000 
943835571023260 0.000000 0.000000 0.000000 
943835589932531 0.000000 0.000000 0.000000 
943835608841750 0.000000 0.000000 0.000000 
943835627751021 0.000000 0.000000 0.000000 
943835646660291 0.000000 0.000000 0.000000 
943835665569510 0.000000 0.000000 0.000000 
943835684478781 0.000000 0.000000 0.000000 
943835703388052 0.000000 0.000000 0.000000 
943835722297323 0.000000 0.000000 0.000000 
943835741206541 0.000000 0.000000 0.000000 
943835760115812 0.000000 0.000000 0.000000 
943835779025083 0.000000 0.000000 0.000000 
943835797934302 0.000000 0.000000 0.000000 
943835816843573 0.000000 0.000000 0.000000 
943835835752843 0.000000 0.000000 0.000000 
943835854662062 0.000000 0.000000 0.000000 
943835873571333 0.000000 0.000000 0.000000 
943835892480604 0.000000 0.000000 0.000000 
943835911389823 0.000000 0.000000 0.000000 
943835930299093 0.000000 0.000000 0.000000 
943835949208364 0.000000 0.000000 0.000000 
943835968117583 0.000000 0.000000 0.000000 
943835987026854 0.000000 0.000000 0.000000 
943836005936125 0.000000 0.000000 0.000000 
943836024845343 0.000000 0.000000 0.000000 
943836043754614 0.000000 0.000000 0.000000 
943836062663833 0.000000 0.000000 0.000000 
943836081573104 0.000000 0.000000 0.000000 
943836100482375 0.000000 0.000000 0.000000 
943836119391593 0.000000 0.000000 0.000000 
943836138300864 0.000000 0.000000 0.000000 
943836157210135 0.000000 0.000000 0.000000 
943836176119354 0.000000 0.000000 0.000000 
943836195028625 0.000000 0.000000 0.000000 
943836213937843 0.000000 0.000000 0.000000 
943836232847114 0.000000 0.000000 0.000000 
943836251756333 0.000000 0.000000 0.000000 
943836270665604 0.000000 0.000000 0.000000 
943836289574875 0.000000 0.000000 0.000000 
943836308484093 0.000000 0.000000 0.000000 
943836327393364 0.000000 0.000000 0.000000 
943836346302635 0.000000 0.000000 0.000000 
943836365211854 0.000000 0.000000 0.000000 
943836384121125 0.000000 0.000000 0.000000 
943836403030343 0.000000 0.000000 0.000000 
943836421939614 0.000000 0.000000 0.000000 
943836440848885 0.000000 0.000000 0.000000 
943836459758104 0.000000 0.000000 0.000000 
943836478667375 0.000000 0.000000 0.000000 
943836497576593 0.000000 0.000000 0.000000 
943836516485864 0.000000 0.000000 0.000000 
943836535395083 0.000000 0.000000 0.000000 
943836554304354 0.000000 0.000000 0.000000 
943836573213573 0.000000 0.000000 0.000000 
943836592122843 0.000000 0.000000 0.000000 
943836611032114 0.000000 0.000000 0.000000 
943836629941333 0.000000 0.000000 0.000000 
943836648850604 0.000000 0.000000 0.000000 
943836667759823 0.000000 0.000000 0.000000 
943836686669093 0.000000 0.000000 0.000000 
943836705578312 0.000000 0.000000 0.000000 
943836724487583 0.000000 0.000000 0.000000 
943836743396802 0.000000 0.000000 0.000000 
943836762306073 0.000000 0.000000 0.000000 
943836781215291 0.000000 0.000000 0.000000 
943836800124562 0.000000 0.000000 0.000000 
943836819033781 0.000000 0.000000 0.000000 
943836837943052 0.000000 0.000000 0.000000 
943836856852271 0.000000 0.000000 0.000000 
943836875761541 0.000000 0.000000 0.000000 
943836894670760 0.000000 0.000000 0.000000 
943836913580031 0.000000 0.000000 0.000000 
943836932489250 0.000000 0.000000 0.000000 
943836951398521 0.000000 0.000000 0.000000 
943836970307739 0.000000 0.000000 0.000000 
943836989217010 0.000000 0.000000 0.000000 
943837008126229 0.000000 0.000000 0.000000 
943837027035500 0.000000 0.000000 0.000000 
943837045944718 0.000000 0.000000 0.000000 
943837064853989 0.000000 0.000000 0.000000 
943837083763208 0.000000 0.000000 0.000000 
943837102672479 0.000000 0.000000 0.000000 
943837121581698 0.000000 0.000000 0.000000 
943837140490968 0.000000 0.000000 0.000000 
943837159400187 0.000000 0.000000 0.000000 
943837178309458 0.000000 0.000000 0.000000 
943837197218677 0.000000 0.000000 0.000000 
943837216127896 0.000000 0.000000 0.000000 
943837235037166 0.000000 0.000000 0.000000 
943837253946385 0.000000 0.000000 0.000000 
943837272855656 0.000000 0.000000 0.000000 
943837291764875 0.000000 0.000000 0.000000 
943837310674146 0.000000 0.000000 0.000000 
943837329583364 0.000000 0.000000 0.000000 
943837348492635 0.000000 0.000000 0.000000 
943837367401854 0.000000 0.000000 0.000000 
943837386311073 0.000000 0.000000 0.000000 
943837405220343 0.000000 0.000000 0.000000 
943837424129562 0.000000 0.000000 0.000000 
943837443038833 0.000000 0.000000 0.000000 
943837461948052 0.000000 0.000000 0.000000 
943837480857323 0.000000 0.000000 0.000000 
943837499766541 0.000000 0.000000 0.000000 
943837518675760 0.000000 0.000000 0.000000 
943837537585031 0.000000 0.000000 0.000000 
943837556494250 0.000000 0.000000 0.000000 
943837575403521 0.000000 0.000000 0.000000 
943837594312739 0.000000 0.000000 0.000000 
943837613221958 0.000000 0.000000 0.000000 
943837632131229 0.000000 0.000000 0.000000 
943837651040448 0.000000 0.000000 0.000000 
943837669949718 0.000000 0.000000 0.000000 
943837688858937 0.000000 0.000000 0.000000 
943837707768156 0.000000 0.000000 0.000000 
943837726677427 0.000000 0.000000 0.000000 
943837745586646 0.000000 0.000000 0.000000 
943837764495916 0.000000 0.000000 0.000000 
943837783405135 0.000000 0.000000 0.000000 
943837802314354 0.000000 0.000000 0.000000 
943837821223625 0.000000 0.000000 0.000000 
943837840132843 0.000000 0.000000 0.000000 
943837859042114 0.000000 0.000000 0.000000 
943837877951333 0.000000 0.000000 0.000000 
943837896860552 0.000000 0.000000 0.000000 
943837915769823 0.000000 0.000000 0.000000 
943837934679041 0.000000 0.000000 0.000000 
943837953588260 0.000000 0.000000 0.000000 
943837972497531 0.000000 0.000000 0.000000 
943837991406750 0.000000 0.000000 0.000000 
943838010315968 0.000000 0.000000 0.000000 
943838029225239 0.000000 0.000000 0.000000 
943838048134458 0.000000 0.000000 0.000000 
943838067043677 0.000000 0.000000 0.000000 
943838085952948 0.000000 0.000000 0.000000 
943838104862166 0.000000 0.000000 0.000000 
943838123771385 0.000000 0.000000 0.000000 
943838142680656 0.000000 0.000000 0.000000 
943838161589875 0.000000 0.000000 0.000000 
943838180499093 0.000000 0.000000 0.000000 
943838199408364 0.000000 0.000000 0.000000 
943838218317583 0.000000 0.000000 0.000000 
943838237226802 0.000000 0.000000 0.000000 
943838256136073 0.000000 0.000000 0.000000 
943838275045291 0.000000 0.000000 0.000000 
943838293954510 0.000000 0.000000 0.000000 
943838312863781 0.000000 0.000000 0.000000 
943838331773000 0.000000 0.000000 0.000000 
943838350682218 0.000000 0.000000 0.000000 
943838369591437 0.000000 0.000000 0.000000 
943838388500708 0.000000 0.000000 0.000000 
943838407409927 0.000000 0.000000 0.000000 
943838426319146 0.000000 0.000000 0.000000 
943838445228416 0.000000 0.000000 0.000000 
943838464137635 0.000000 0.000000 0.000000 
943838483046854 0.000000 0.000000 0.000000 
943838501956073 0.000000 0.000000 0.000000 
943838520865343 0.000000 0.000000 0.000000 
943838539774562 0.000000 0.000000 0.000000 
943838558683781 0.000000 0.000000 0.000000 
943838577593052 0.000000 0.000000 0.000000 
943838596502271 0.000000 0.000000 0.000000 
943838615411489 0.000000 0.000000 0.000000 
943838634320708 0.000000 0.000000 0.000000 
943838653229979 0.000000 0.000000 0.000000 
943838672139198 0.000000 0.000000 0.000000 
943838691048416 0.000000 0.000000 0.000000 
943838709957635 0.000000 0.000000 0.000000 
943838728866906 0.000000 0.000000 0.000000 
943838747776125 0.000000 0.000000 0.000000 
943838766685343 0.000000 0.000000 0.000000 
943838785594562 0.000000 0.000000 0.000000 
943838804503781 0.000000 0.000000 0.000000 
943838823413052 0.000000 0.000000 0.000000 
943838842322271 0.000000 0.000000 0.000000 
943838861231489 0.000000 0.000000 0.000000 
943838880140708 0.000000 0.000000 0.000000 
943838899049927 0.000000 0.000000 0.000000 
943838917959198 0.000000 0.000000 0.000000 
943838936868416 0.000000 0.000000 0.000000 
943838955777635 0.000000 0.000000 0.000000 
943838974686854 0.000000 0.000000 0.000000 
943838993596073 0.000000 0.000000 0.000000 
943839012505291 0.000000 0.000000 0.000000 
943839031414562 0.000000 0.000000 0.000000 
943839050323781 0.000000 0.000000 0.000000 
943839069233000 0.000000 0.000000 0.000000 
943839088142218 0.000000 0.000000 0.000000 
943839107051437 0.000000 0.000000 0.000000 
943839125960656 0.000000 0.000000 0.000000 
943839144869927 0.000000 0.000000 0.000000 
943839163779146 0.000000 0.000000 0.000000 
943839182688364 0.000000 0.000000 0.000000 
943839201597583 0.000000 0.000000 0.000000 
943839220506802 0.000000 0.000000 0.000000 
943839239416021 0.000000 0.000000 0.000000 
943839258325239 0.000000 0.000000 0.000000 
943839277234458 0.000000 0.000000 0.000000 
943839296143677 0.000000 0.000000 0.000000 
943839315052896 0.000000 0.000000 0.000000 
943839333962114 0.000000 0.000000 0.000000 
943839352871333 0.000000 0.000000 0.000000 
943839371780604 0.000000 0.000000 0.000000 
943839390689823 0.000000 0.000000 0.000000 
943839409599041 0.000000 0.000000 0.000000 
943839428508260 0.000000 0.000000 0.000000 
943839447417479 0.000000 0.000000 0.000000 
943839466326698 0.000000 0.000000 0.000000 
943839485235916 0.000000 0.000000 0.000000 
943839504145135 0.000000 0.000000 0.000000 
943839523054354 0.000000 0.000000 0.000000 
943839541963573 0.000000 0.000000 0.000000 
943839560872791 0.000000 0.000000 0.000000 
943839579782010 0.000000 0.000000 0.000000 
943839598691229 0.000000 0.000000 0.000000 
943839617600448 0.000000 0.000000 0.000000 
943839636509666 0.000000 0.000000 0.000000 
943839655418885 0.000000 0.000000 0.000000 
943839674328104 0.000000 0.000000 0.000000 
943839693237323 0.000000 0.000000 0.000000 
943839712146541 0.000000 0.000000 0.000000 
943839731055760 0.000000 0.000000 0.000000 
943839749964979 0.000000 0.000000 0.000000 
943839768874198 0.000000 0.000000 0.000000 
943839787783416 0.000000 0.000000 0.000000 
943839806692635 0.000000 0.000000 0.000000 
943839825601854 0.000000 0.000000 0.000000 
943839844511073 0.000000 0.000000 0.000000 
943839863420239 0.000000 0.000000 0.000000 
943839882329458 0.000000 0.000000 0.000000 
943839901238677 0.000000 0.000000 0.000000 
943839920147896 0.000000 0.000000 0.000000 
943839939057114 0.000000 0.000000 0.000000 
943839957966333 0.000000 0.000000 0.000000 
943839976875552 0.000000 0.000000 0.000000 
943839995784771 0.000000 0.000000 0.000000 
943840014693989 0.000000 0.000000 0.000000 
943840033603208 0.000000 0.000000 0.000000 
943840052512427 0.000000 0.000000 0.000000 
943840071421593 0.000000 0.000000 0.000000 
943840090330812 0.000000 0.000000 0.000000 
943840109240031 0.000000 0.000000 0.000000 
943840128149250 0.000000 0.000000 0.000000 
943840147058468 0.000000 0.000000 0.000000 
943840165967687 0.000000 0.000000 0.000000 
943840184876906 0.000000 0.000000 0.000000 
943840203786125 0.000000 0.000000 0.000000 
943840222695291 0.000000 0.000000 0.000000 
943840241604510 0.000000 0.000000 0.000000 
943840260513729 0.000000 0.000000 0.000000 
943840279422948 0.000000 0.000000 0.000000 
943840298332166 0.000000 0.000000 0.000000 
943840317241333 0.000000 0.000000 0.000000 
943840336150552 0.000000 0.000000 0.000000 
943840355059771 0.000000 0.000000 0.000000 
943840373968989 0.000000 0.000000 0.000000 
943840392878208 0.000000 0.000000 0.000000 
943840411787427 0.000000 0.000000 0.000000 
943840430696593 0.000000 0.000000 0.000000 
943840449605812 0.000000 0.000000 0.000000 
943840468515031 0.000000 0.000000 0.000000 
943840487424250 0.000000 0.000000 0.000000 
943840506333416 0.000000 0.000000 0.000000 
943840525242635 0.000000 0.000000 0.000000 
943840544151854 0.000000 0.000000 0.000000 
943840563061073 0.000000 0.000000 0.000000 
943840581970291 0.000000 0.000000 0.000000 
943840600879458 0.000000 0.000000 0.000000 
943840619788677 0.000000 0.000000 0.000000 
943840638697896 0.000000 0.000000 0.000000 
943840657607114 0.000000 0.000000 0.000000 
943840676516281 0.000000 0.000000 0.000000 
943840695425500 0.000000 0.000000 0.000000 
943840714334718 0.000000 0.000000 0.000000 
943840733243885 0.000000 0.000000 0.000000 
943840752153104 0.000000 0.000000 0.000000 
943840771062323 0.000000 0.000000 0.000000 
943840789971489 0.000000 0.000000 0.000000 
943840808880708 0.000000 0.000000 0.000000 
943840827789927 0.000000 0.000000 0.000000 
943840846699093 0.000000 0.000000 0.000000 
943840865608312 0.000000 0.000000 0.000000 
943840884517531 0.000000 0.000000 0.000000 
943840903426698 0.000000 0.000000 0.000000 
943840922335916 0.000000 0.000000 0.000000 
943840941245135 0.000000 0.000000 0.000000 
943840960154302 0.000000 0.000000 0.000000 
943840979063521 0.000000 0.000000 0.000000 
943840997972739 0.000000 0.000000 0.000000 
943841016881906 0.000000 0.000000 0.000000 
943841035791125 0.000000 0.000000 0.000000 
943841054700343 0.000000 0.000000 0.000000 
943841073609510 0.000000 0.000000 0.000000 
943841092518729 0.000000 0.000000 0.000000 
943841111427896 0.000000 0.000000 0.000000 
943841130337114 0.000000 0.000000 0.000000 
943841149246333 0.000000 0.000000 0.000000 
943841168155500 0.000000 0.000000 0.000000 
943841187064718 0.000000 0.000000 0.000000 
943841205973885 0.000000 0.000000 0.000000 
943841224883104 0.000000 0.000000 0.000000 
943841243792271 0.000000 0.000000 0.000000 
943841262701489 0.000000 0.000000 0.000000 
943841281610708 0.000000 0.000000 0.000000 
943841300519875 0.000000 0.000000 0.000000 
943841319429093 0.000000 0.000000 0.000000 
943841338338260 0.000000 0.000000 0.000000 
943841357247479 0.000000 0.000000 0.000000 
943841376156646 0.000000 0.000000 0.000000 
943841395065864 0.000000 0.000000 0.000000 
943841413975031 0.000000 0.000000 0.000000 
943841432884250 0.000000 0.000000 0.000000 
943841451793416 0.000000 0.000000 0.000000 
943841470702635 0.000000 0.000000 0.000000 
943841489611802 0.000000 0.000000 0.000000 
943841508521021 0.000000 0.000000 0.000000 
943841527430187 0.000000 0.000000 0.000000 
943841546339406 0.000000 0.000000 0.000000 
943841565248573 0.000000 0.000000 0.000000 
943841584157791 0.000000 0.000000 0.000000 
943841603066958 0.000000 0.000000 0.000000 
943841621976177 0.000000 0.000000 0.000000 
943841640885343 0.000000 0.000000 0.000000 
943841659794562 0.000000 0.000000 0.000000 
943841678703729 0.000000 0.000000 0.000000 
943841697612948 0.000000 0.000000 0.000000 
943841716522114 0.000000 0.000000 0.000000 
943841735431333 0.000000 0.000000 0.000000 
943841754340500 0.000000 0.000000 0.000000 
943841773249666 0.000000 0.000000 0.000000 
943841792158885 0.000000 0.000000 0.000000 
943841811068052 0.000000 0.000000 0.000000 
943841829977218 0.000000 0.000000 0.000000 
943841848886437 0.000000 0.000000 0.000000 
943841867795604 0.000000 0.000000 0.000000 
943841886704823 0.000000 0.000000 0.000000 
943841905613989 0.000000 0.000000 0.000000 
943841924523208 0.000000 0.000000 0.000000 
943841943432375 0.000000 0.000000 0.000000 
943841962341541 0.000000 0.000000 0.000000 
943841981250760 0.000000 0.000000 0.000000 
943842000159927 0.000000 0.000000 0.000000 
943842019069146 0.000000 0.000000 0.000000 
943842037978312 0.000000 0.000000 0.000000 
943842056887479 0.000000 0.000000 0.000000 
943842075796698 0.000000 0.000000 0.000000 
943842094705864 0.000000 0.000000 0.000000 
943842113615031 0.000000 0.000000 0.000000 
943842132524250 0.000000 0.000000 0.000000 
943842151433416 0.000000 0.000000 0.000000 
943842170342583 0.000000 0.000000 0.000000 
943842189251802 0.000000 0.000000 0.000000 
943842208160968 0.000000 0.000000 0.000000 
943842227070135 0.000000 0.000000 0.000000 
943842245979302 0.000000 0.000000 0.000000 
943842264888521 0.000000 0.000000 0.000000 
943842283797687 0.000000 0.000000 0.000000 
943842302706854 0.000000 0.000000 0.000000 
943842321616073 0.000000 0.000000 0.000000 
943842340525239 0.000000 0.000000 0.000000 
943842359434406 0.000000 0.000000 0.000000 
943842378343573 0.000000 0.000000 0.000000 
943842397252791 0.000000 0.000000 0.000000 
943842416161958 0.000000 0.000000 0.000000 
943842435071125 0.000000 0.000000 0.000000 
943842453980343 0.000000 0.000000 0.000000 
943842472889510 0.000000 0.000000 0.000000 
943842491798677 0.000000 0.000000 0.000000 
943842510707843 0.000000 0.000000 0.000000 
943842529617010 0.000000 0.000000 0.000000 
943842548526229 0.000000 0.000000 0.000000 
943842567435396 0.000000 0.000000 0.000000 
943842586344562 0.000000 0.000000 0.000000 
943842605253729 0.000000 0.000000 0.000000 
943842624162948 0.000000 0.000000 0.000000 
943842643072114 0.000000 0.000000 0.000000 
943842661981281 0.000000 0.000000 0.000000 
943842680890448 0.000000 0.000000 0.000000 
943842699799666 0.000000 0.000000 0.000000 
943842718708833 0.000000 0.000000 0.000000 
943842737618000 0.000000 0.000000 0.000000 
943842756527166 0.000000 0.000000 0.000000 
943842775436333 0.000000 0.000000 0.000000 
943842794345500 0.000000 0.000000 0.000000 
943842813254718 0.000000 0.000000 0.000000 
943842832163885 0.000000 0.000000 0.000000 
943842851073052 0.000000 0.000000 0.000000 
943842869982218 0.000000 0.000000 0.000000 
943842888891385 0.000000 0.000000 0.000000 
943842907800552 0.000000 0.000000 0.000000 
943842926709718 0.000000 0.000000 0.000000 
943842945618885 0.000000 0.000000 0.000000 
943842964528104 0.000000 0.000000 0.000000 
943842983437271 0.000000 0.000000 0.000000 
943843002346437 0.000000 0.000000 0.000000 
943843021255604 0.000000 0.000000 0.000000 
943843040164771 0.000000 0.000000 0.000000 
943843059073937 0.000000 0.000000 0.000000 
943843077983104 0.000000 0.000000 0.000000 
943843096892271 0.000000 0.000000 0.000000 
943843115801437 0.000000 0.000000 0.000000 
943843134710604 0.000000 0.000000 0.000000 
943843153619823 0.000000 0.000000 0.000000 
943843172528989 0.000000 0.000000 0.000000 
943843191438156 0.000000 0.000000 0.000000 
943843210347323 0.000000 0.000000 0.000000 
943843229256489 0.000000 0.000000 0.000000 
943843248165656 0.000000 0.000000 0.000000 
943843267074823 0.000000 0.000000 0.000000 
943843285983989 0.000000 0.000000 0.000000 
943843304893156 0.000000 0.000000 0.000000 
943843323802323 0.000000 0.000000 0.000000 
943843342711489 0.000000 0.000000 0.000000 
943843361620656 0.000000 0.000000 0.000000 
943843380529823 0.000000 0.000000 0.000000 
943843399438989 0.000000 0.000000 0.000000 
