# Created at Wed Jun 05 17:07:29 GMT+03:00 2024 in Burnaby Canada 
943801550678283 0.286828 9.626183 1.850601 
943801569587346 0.220352 9.647831 1.743906 
943801588496408 0.128753 9.664907 1.656316 
943801607405523 0.024706 9.676369 1.593001 
943801626314585 -0.054806 9.676937 1.588792 
943801645223648 -0.094260 9.669163 1.633647 
943801664132763 -0.087152 9.654988 1.715809 
943801683041825 -0.051340 9.640563 1.796465 
943801701950888 -0.010258 9.632200 1.841469 
943801720860002 0.020542 9.630575 1.849858 
943801739769065 0.040186 9.632412 1.839945 
943801758678127 0.054300 9.630625 1.848922 
943801777587242 0.072880 9.624363 1.880614 
943801796496304 0.099036 9.615766 1.922922 
943801815405367 0.132939 9.609348 1.952732 
943801834314481 0.172526 9.607778 1.957348 
943801853223544 0.209973 9.609083 1.947263 
943801872132658 0.244385 9.607894 1.949112 
943801891041721 0.279700 9.604613 1.960500 
943801909950835 0.311908 9.603392 1.961626 
943801928859898 0.324496 9.608650 1.933630 
943801947769013 0.313245 9.620049 1.878004 
943801966678075 0.298221 9.632315 1.816577 
943801985587190 0.295781 9.641046 1.770071 
943802004496252 0.304177 9.645795 1.742558 
943802023405367 0.313036 9.649172 1.722170 
943802042314429 0.315935 9.653430 1.697601 
943802061223544 0.318226 9.659070 1.664776 
943802080132658 0.323149 9.664371 1.632751 
943802099041721 0.326965 9.666764 1.617759 
943802117950835 0.328628 9.665735 1.623556 
943802136859950 0.326925 9.664437 1.631610 
943802155769013 0.331665 9.662362 1.642903 
943802174678127 0.330168 9.661606 1.647650 
943802193587242 0.324499 9.660268 1.656593 
943802212496304 0.327999 9.658045 1.668823 
943802231405419 0.331753 9.656579 1.676551 
943802250314533 0.336349 9.655083 1.684233 
943802269223648 0.329240 9.652805 1.698629 
943802288132763 0.308795 9.649604 1.720514 
943802307041825 0.286513 9.644571 1.752297 
943802325950940 0.281515 9.640145 1.777283 
943802344860054 0.299572 9.637316 1.789635 
943802363769169 0.319337 9.637494 1.785247 
943802382678283 0.329233 9.640902 1.764936 
943802401587346 0.334545 9.646642 1.732278 
943802420496460 0.321630 9.652024 1.704513 
943802439405575 0.305509 9.652233 1.706297 
943802458314690 0.300738 9.648514 1.728041 
943802477223804 0.319855 9.640949 1.766401 
943802496132919 0.358485 9.632705 1.803574 
943802515042033 0.394942 9.626318 1.829867 
943802533951148 0.415921 9.624811 1.833141 
943802552860263 0.413505 9.630516 1.803486 
943802571769377 0.397588 9.640100 1.755215 
943802590678492 0.380068 9.649039 1.709374 
943802609587606 0.362189 9.652841 1.691701 
943802628496721 0.353752 9.649010 1.715187 
943802647405835 0.361612 9.638212 1.773269 
943802666315002 0.374297 9.627767 1.826583 
943802685224117 0.373274 9.624137 1.845818 
943802704133231 0.355376 9.627632 1.831065 
943802723042346 0.328702 9.633643 1.804234 
943802741951460 0.319465 9.638677 1.778833 
943802760860575 0.326573 9.640243 1.769027 
943802779769690 0.332171 9.637908 1.780669 
943802798678856 0.323821 9.632980 1.808650 
943802817587971 0.304559 9.626958 1.843722 
943802836497085 0.283159 9.621943 1.873082 
943802855406200 0.270673 9.620333 1.883166 
943802874315367 0.261775 9.621223 1.879874 
943802893224481 0.245037 9.622953 1.873258 
943802912133596 0.233191 9.625866 1.859761 
943802931042710 0.221896 9.630425 1.837403 
943802949951877 0.202751 9.635163 1.814633 
943802968860992 0.179800 9.638956 1.796827 
943802987770106 0.170130 9.639676 1.793905 
943803006679273 0.193304 9.636948 1.806171 
943803025588388 0.226732 9.632785 1.824398 
943803044497554 0.240137 9.630743 1.833439 
943803063406669 0.225665 9.633195 1.822366 
943803082315783 0.190052 9.640100 1.789619 
943803101224950 0.159149 9.648353 1.747671 
943803120134065 0.153428 9.656149 1.704592 
943803139043231 0.170977 9.661396 1.672897 
943803157952346 0.195530 9.664431 1.652561 
943803176861460 0.215086 9.665508 1.643797 
943803195770627 0.220750 9.664223 1.650594 
943803214679794 0.209177 9.661375 1.668673 
943803233588908 0.193727 9.659801 1.679613 
943803252498075 0.182470 9.660222 1.678445 
943803271407190 0.180595 9.661428 1.671697 
943803290316356 0.185373 9.662954 1.662329 
943803309225471 0.190771 9.665117 1.649089 
943803328134638 0.191311 9.666951 1.638242 
943803347043752 0.190280 9.668759 1.627658 
943803365952919 0.177330 9.669667 1.623730 
943803384862033 0.165037 9.669794 1.624262 
943803403771200 0.160479 9.670529 1.620339 
943803422680367 0.160383 9.671999 1.611552 
943803441589481 0.165259 9.673391 1.602676 
943803460498648 0.171672 9.672623 1.606641 
943803479407815 0.174367 9.669675 1.623997 
943803498316929 0.165146 9.666881 1.641502 
943803517226096 0.142675 9.664736 1.656174 
943803536135263 0.128343 9.664412 1.659230 
943803555044377 0.136224 9.667341 1.641447 
943803573953544 0.155086 9.670097 1.623440 
943803592862710 0.174574 9.668846 1.628900 
943803611771877 0.183376 9.665903 1.645322 
943803630680992 0.176396 9.664923 1.651831 
943803649590158 0.152945 9.666547 1.644647 
943803668499325 0.133325 9.671134 1.619189 
943803687408492 0.126041 9.676301 1.588614 
943803706317658 0.131036 9.678952 1.571970 
943803725226773 0.147017 9.677489 1.579550 
943803744135940 0.162889 9.672853 1.606159 
943803763045106 0.161010 9.669118 1.628688 
943803781954273 0.138510 9.666908 1.643807 
943803800863440 0.111618 9.667299 1.643548 
943803819772606 0.095316 9.669603 1.630971 
943803838681721 0.097458 9.671460 1.619799 
943803857590888 0.104884 9.671804 1.617277 
943803876500054 0.105200 9.670303 1.626209 
943803895409221 0.099156 9.668020 1.640107 
943803914318388 0.087737 9.666455 1.649948 
943803933227554 0.069278 9.664755 1.660750 
943803952136721 0.047254 9.663813 1.666992 
943803971045888 0.032903 9.662653 1.674048 
943803989955054 0.043829 9.659700 1.690755 
943804008864221 0.073360 9.655394 1.714171 
943804027773388 0.098193 9.650865 1.738263 
943804046682554 0.099102 9.648903 1.749071 
943804065591721 0.076295 9.651861 1.733820 
943804084500888 0.055943 9.657071 1.705359 
943804103410054 0.052163 9.661674 1.679198 
943804122319221 0.052596 9.663687 1.667563 
943804141228388 0.048758 9.662131 1.676676 
943804160137606 0.038781 9.659318 1.693066 
943804179046773 0.024620 9.657479 1.703779 
943804197955940 0.017747 9.657100 1.706020 
943804216865106 0.017824 9.656415 1.709890 
943804235774273 0.021859 9.654639 1.719837 
943804254683440 0.029221 9.652673 1.730737 
943804273592658 0.024433 9.651701 1.736218 
943804292501825 -0.006576 9.653544 1.726097 
943804311410992 -0.051103 9.657679 1.702059 
943804330320158 -0.068916 9.663512 1.667981 
943804349229377 -0.046415 9.669269 1.635073 
943804368138544 -0.008145 9.672059 1.619130 
943804387047710 0.021262 9.670662 1.627341 
943804405956877 0.033909 9.665958 1.654832 
943804424866096 0.028921 9.660236 1.688011 
943804443775263 0.013891 9.657115 1.705968 
943804462684429 0.006108 9.658587 1.697664 
943804481593648 0.016189 9.662422 1.675621 
943804500502815 0.039696 9.665849 1.655347 
943804519411981 0.063781 9.668077 1.641521 
943804538321200 0.069488 9.670044 1.629670 
943804557230367 0.042568 9.672137 1.618128 
943804576139585 0.003020 9.675214 1.600194 
943804595048752 -0.029340 9.677872 1.583775 
943804613957919 -0.041832 9.679749 1.571977 
943804632867138 -0.037003 9.680479 1.567593 
943804651776304 -0.027176 9.679773 1.572142 
943804670685523 -0.014245 9.679722 1.572634 
943804689594690 0.000208 9.682138 1.557753 
943804708503908 0.004482 9.685276 1.538111 
943804727413075 0.002072 9.687487 1.524135 
943804746322294 -0.001907 9.688573 1.517218 
943804765231460 -0.005584 9.689352 1.512221 
943804784140679 -0.007972 9.690636 1.503967 
943804803049898 -0.019503 9.692842 1.489571 
943804821959065 -0.041380 9.696755 1.463425 
943804840868283 -0.055721 9.701851 1.428770 
943804859777450 -0.048768 9.706723 1.395539 
943804878686669 -0.028320 9.707639 1.389728 
943804897595888 -0.006669 9.704016 1.415063 
943804916505054 0.005278 9.698876 1.449877 
943804935414273 0.006569 9.696659 1.464629 
943804954323492 -0.000556 9.698087 1.455162 
943804973232658 -0.002742 9.702065 1.428394 
943804992141877 0.000677 9.704623 1.410915 
943805011051096 0.007687 9.705191 1.406987 
943805029960263 0.019507 9.706165 1.400133 
943805048869481 0.026650 9.708776 1.381801 
943805067778700 0.025752 9.711632 1.361594 
943805086687919 0.025203 9.713390 1.349001 
943805105597085 0.034544 9.713422 1.348565 
943805124506304 0.048084 9.711040 1.365210 
943805143415523 0.055486 9.706440 1.397255 
943805162324742 0.055361 9.703950 1.414454 
943805181233960 0.047537 9.706017 1.400483 
943805200143127 0.046172 9.710696 1.367713 
943805219052346 0.055490 9.713802 1.345130 
943805237961565 0.071450 9.713487 1.346648 
943805256870783 0.075225 9.710757 1.365985 
943805275780002 0.064283 9.707849 1.387058 
943805294689221 0.047223 9.705801 1.401992 
943805313598388 0.037880 9.704188 1.413398 
943805332507606 0.038372 9.703866 1.415595 
943805351416825 0.039282 9.703996 1.414672 
943805370326044 0.047009 9.705371 1.404970 
943805389235263 0.049726 9.707275 1.391664 
943805408144481 0.046018 9.708577 1.382673 
943805427053700 0.036274 9.708802 1.381381 
943805445962919 0.025259 9.707838 1.388393 
943805464872138 0.019912 9.705922 1.401807 
943805483781356 0.025301 9.704110 1.414210 
943805502690575 0.043667 9.701883 1.428956 
943805521599794 0.070497 9.698717 1.449240 
943805540509013 0.089150 9.695933 1.466738 
943805559418231 0.092287 9.695872 1.466949 
943805578327450 0.088193 9.696931 1.460186 
943805597236669 0.091195 9.697057 1.459158 
943805616145888 0.100940 9.696742 1.460606 
943805635055106 0.107519 9.697173 1.457282 
943805653964325 0.107439 9.698168 1.450654 
943805672873544 0.105343 9.699235 1.443649 
943805691782815 0.093072 9.700027 1.439167 
943805710692033 0.076026 9.700322 1.438172 
943805729601252 0.078939 9.698836 1.448009 
943805748510471 0.101435 9.695047 1.471786 
943805767419690 0.124802 9.689952 1.503213 
943805786328908 0.132099 9.686089 1.527293 
943805805238127 0.122184 9.686216 1.527310 
943805824147398 0.107197 9.690510 1.500973 
943805843056617 0.101808 9.695395 1.469461 
943805861965835 0.099332 9.698009 1.452285 
943805880875054 0.101083 9.696507 1.462163 
943805899784273 0.100538 9.692527 1.488350 
943805918693544 0.087308 9.688761 1.513499 
943805937602763 0.069768 9.687054 1.525285 
943805956511981 0.065764 9.687048 1.525509 
943805975421200 0.075682 9.687052 1.525021 
943805994330471 0.087180 9.686634 1.527052 
943806013239690 0.092222 9.685135 1.536236 
943806032148908 0.095123 9.682724 1.551193 
943806051058179 0.093807 9.680212 1.566871 
943806069967398 0.088648 9.679622 1.570815 
943806088876617 0.077527 9.681181 1.561769 
943806107785888 0.068219 9.684531 1.541299 
943806126695106 0.059454 9.687702 1.521609 
943806145604325 0.054884 9.688713 1.515331 
943806164513596 0.056589 9.688025 1.519656 
943806183422815 0.054576 9.685852 1.533526 
943806202332085 0.042433 9.684112 1.544855 
943806221241304 0.021037 9.683602 1.548485 
943806240150523 -0.001645 9.685604 1.536049 
943806259059794 -0.010970 9.687606 1.523342 
943806277969013 -0.001556 9.687408 1.524629 
943806296878283 0.009434 9.684804 1.541059 
943806315787502 0.007209 9.681898 1.559222 
943806334696773 -0.004307 9.680708 1.566612 
943806353605992 -0.012955 9.682698 1.554212 
943806372515263 -0.013508 9.685460 1.536906 
943806391424481 -0.002650 9.685091 1.539285 
943806410333752 0.016334 9.683281 1.550542 
943806429242971 0.037483 9.682796 1.553206 
943806448152242 0.045956 9.683801 1.546697 
943806467061513 0.036691 9.685284 1.537636 
943806485970731 0.020666 9.685347 1.537536 
943806504880002 0.018109 9.683525 1.549002 
943806523789273 0.037019 9.679778 1.571915 
943806542698492 0.056749 9.676136 1.593605 
943806561607763 0.056501 9.673533 1.609333 
943806580516981 0.040886 9.671240 1.623526 
943806599426252 0.029190 9.668789 1.638315 
943806618335523 0.033232 9.665118 1.659756 
943806637244742 0.045741 9.661243 1.681869 
943806656154013 0.059150 9.658333 1.698089 
943806675063283 0.070492 9.655660 1.712791 
943806693972554 0.071982 9.652919 1.728111 
943806712881773 0.067466 9.650689 1.740700 
943806731791044 0.062746 9.649938 1.745040 
943806750700315 0.054691 9.649570 1.747344 
943806769609585 0.037405 9.650019 1.745315 
943806788518856 0.024265 9.650429 1.743279 
943806807428075 0.025392 9.650606 1.742280 
943806826337346 0.041729 9.651520 1.736896 
943806845246617 0.060262 9.652034 1.733489 
943806864155888 0.073001 9.651283 1.737183 
943806883065158 0.081497 9.648515 1.752113 
943806901974377 0.086147 9.645372 1.769109 
943806920883648 0.082097 9.644442 1.774366 
943806939792919 0.067263 9.646255 1.765108 
943806958702190 0.052953 9.649062 1.750190 
943806977611460 0.052971 9.651749 1.735319 
943806996520731 0.066265 9.653656 1.724213 
943807015430002 0.071208 9.653650 1.724047 
943807034339273 0.055732 9.651786 1.735027 
943807053248544 0.028624 9.648812 1.752135 
943807072157815 0.011599 9.647173 1.761343 
943807091067085 0.011895 9.646240 1.766433 
943807109976356 0.011663 9.643960 1.778847 
943807128885627 0.003207 9.640767 1.796106 
943807147794898 -0.013578 9.641729 1.790883 
943807166704169 -0.035466 9.646605 1.764130 
943807185613440 -0.061445 9.650838 1.740098 
943807204522710 -0.087225 9.650259 1.742202 
943807223431981 -0.105727 9.646179 1.763644 
943807242341252 -0.108257 9.641561 1.788569 
943807261250523 -0.095209 9.638062 1.808066 
943807280159794 -0.083074 9.634862 1.825628 
943807299069065 -0.081530 9.633018 1.835397 
943807317978335 -0.083672 9.634351 1.828294 
943807336887606 -0.084208 9.637132 1.813558 
943807355796877 -0.081733 9.638772 1.804933 
943807374706200 -0.069186 9.637948 1.809848 
943807393615471 -0.052625 9.635578 1.822975 
943807412524742 -0.047444 9.634246 1.830150 
943807431434013 -0.059210 9.635446 1.823480 
943807450343283 -0.078418 9.638430 1.806911 
943807469252554 -0.093301 9.641603 1.789181 
943807488161877 -0.092871 9.641407 1.790260 
943807507071148 -0.077210 9.637075 1.814167 
943807525980419 -0.066911 9.632385 1.839308 
943807544889690 -0.081695 9.631971 1.840878 
943807563798960 -0.110296 9.636641 1.814770 
943807582708283 -0.122202 9.642406 1.783105 
943807601617554 -0.100476 9.644221 1.774621 
943807620526825 -0.056332 9.638672 1.806439 
943807639436096 -0.021968 9.630235 1.851615 
943807658345419 -0.019886 9.625822 1.874440 
943807677254690 -0.044415 9.629035 1.857447 
943807696163960 -0.071165 9.635995 1.820143 
943807715073283 -0.078544 9.640232 1.797261 
943807733982554 -0.060656 9.638558 1.806904 
943807752891825 -0.036022 9.632804 1.837984 
943807771801148 -0.024137 9.629113 1.857415 
943807790710419 -0.028851 9.630264 1.851371 
943807809619690 -0.051122 9.634353 1.829487 
943807828529013 -0.081961 9.638908 1.804198 
943807847438283 -0.089672 9.641190 1.791593 
943807866347554 -0.071978 9.640006 1.798745 
943807885256877 -0.051134 9.636603 1.817598 
943807904166148 -0.043896 9.633414 1.834608 
943807923075471 -0.053438 9.632565 1.838812 
943807941984742 -0.059831 9.634423 1.828851 
943807960894065 -0.052705 9.637461 1.813000 
943807979803335 -0.044383 9.638903 1.805540 
943807998712606 -0.046049 9.637615 1.812358 
943808017621929 -0.053514 9.636496 1.818099 
943808036531200 -0.066989 9.637270 1.813538 
943808055440523 -0.094545 9.639280 1.801590 
943808074349794 -0.117635 9.641030 1.790835 
943808093259117 -0.114074 9.642137 1.785099 
943808112168388 -0.090271 9.642931 1.782170 
943808131077710 -0.069103 9.642616 1.784815 
943808149986981 -0.068262 9.641120 1.792909 
943808168896304 -0.082697 9.641068 1.792583 
943808187805575 -0.092105 9.643450 1.779261 
943808206714898 -0.083643 9.645034 1.771080 
943808225624169 -0.059863 9.642528 1.785629 
943808244533492 -0.044929 9.636970 1.815816 
943808263442763 -0.052124 9.631692 1.843419 
943808282352085 -0.067059 9.631915 1.841765 
943808301261408 -0.075541 9.637856 1.810082 
943808320170679 -0.075786 9.643819 1.778034 
943808339080002 -0.082770 9.645979 1.765960 
943808357989273 -0.084882 9.645864 1.766490 
943808376898596 -0.076467 9.645862 1.766890 
943808395807919 -0.067085 9.646347 1.764615 
943808414717190 -0.067392 9.646935 1.761390 
943808433626513 -0.071713 9.648402 1.753163 
943808452535835 -0.067625 9.650001 1.744508 
943808471445106 -0.055230 9.650537 1.741975 
943808490354429 -0.044498 9.648085 1.755810 
943808509263700 -0.042643 9.643523 1.780738 
943808528173023 -0.056339 9.640949 1.794248 
943808547082346 -0.079669 9.643200 1.781216 
943808565991669 -0.102521 9.648941 1.748658 
943808584900940 -0.117443 9.653553 1.722067 
943808603810263 -0.115434 9.655560 1.710909 
943808622719585 -0.106628 9.655612 1.711195 
943808641628856 -0.101812 9.654772 1.716221 
943808660538179 -0.102400 9.655603 1.711500 
943808679447502 -0.100505 9.658719 1.693938 
943808698356825 -0.082793 9.661273 1.680277 
943808717266096 -0.044634 9.661283 1.681668 
943808736175419 0.002137 9.656837 1.707595 
943808755084742 0.034790 9.650624 1.742022 
943808773994065 0.036837 9.647727 1.757953 
943808792903335 0.017242 9.650257 1.744309 
943808811812658 -0.008935 9.656139 1.711514 
943808830721981 -0.021329 9.661534 1.680677 
943808849631304 -0.010726 9.662084 1.677623 
943808868540627 0.013167 9.657860 1.701752 
943808887449950 0.028729 9.652739 1.730375 
943808906359221 0.018989 9.651635 1.736654 
943808925268544 -0.009436 9.655275 1.716378 
943808944177867 -0.029015 9.659002 1.695055 
943808963087190 -0.026781 9.658283 1.699183 
943808981996513 -0.007788 9.653702 1.725215 
943809000905835 0.012693 9.649085 1.750828 
943809019815106 0.020802 9.647682 1.758460 
943809038724429 0.013769 9.649309 1.749578 
943809057633752 -0.001555 9.652319 1.732954 
943809076543075 -0.008149 9.654894 1.718529 
943809095452398 0.000049 9.653770 1.724848 
943809114361721 0.015585 9.650167 1.744822 
943809133271044 0.026683 9.648383 1.754536 
943809152180367 0.025422 9.649476 1.748531 
943809171089690 0.010060 9.652904 1.729664 
943809189999013 -0.014802 9.655692 1.713990 
943809208908335 -0.036875 9.656064 1.711565 
943809227817658 -0.041051 9.653608 1.725267 
943809246726981 -0.020259 9.649870 1.746420 
943809265636304 0.007630 9.646315 1.766051 
943809284545627 0.024221 9.644757 1.774390 
943809303454950 0.020468 9.645720 1.769198 
943809322364273 0.001847 9.648612 1.753479 
943809341273596 -0.016474 9.649584 1.748040 
943809360182919 -0.015229 9.647141 1.761489 
943809379092242 -0.005153 9.643688 1.780352 
943809398001565 -0.000158 9.643167 1.783176 
943809416910888 -0.007924 9.646584 1.764582 
943809435820210 -0.026975 9.651798 1.735634 
943809454729533 -0.046187 9.656661 1.707967 
943809473638856 -0.049382 9.658361 1.698235 
943809492548179 -0.031958 9.656419 1.709663 
943809511457502 -0.006676 9.651281 1.738710 
943809530366825 0.008047 9.647969 1.756987 
943809549276148 0.000896 9.649179 1.750352 
943809568185471 -0.019404 9.653680 1.725248 
943809587094794 -0.028854 9.656521 1.709143 
943809606004169 -0.024334 9.655668 1.714022 
943809624913492 -0.014959 9.653196 1.728001 
943809643822815 -0.011183 9.651877 1.735374 
943809662732138 -0.017496 9.652684 1.730829 
943809681641460 -0.023328 9.655356 1.715788 
943809700550783 -0.028538 9.658327 1.698912 
943809719460106 -0.032527 9.658705 1.696691 
943809738369429 -0.039854 9.656632 1.708287 
943809757278752 -0.047585 9.653460 1.725929 
943809776188127 -0.050428 9.651373 1.737481 
943809795097450 -0.050086 9.649738 1.746549 
943809814006773 -0.052045 9.649236 1.749266 
943809832916096 -0.057564 9.649260 1.748963 
943809851825419 -0.048890 9.650786 1.740786 
943809870734742 -0.028569 9.653202 1.727789 
943809889644117 -0.014864 9.655839 1.713164 
943809908553440 -0.016446 9.658637 1.697306 
943809927462763 -0.027117 9.662112 1.677274 
943809946372085 -0.033511 9.665225 1.659122 
943809965281408 -0.032383 9.664862 1.661259 
943809984190783 -0.027269 9.660913 1.684164 
943810003100106 -0.023627 9.656268 1.710648 
943810022009429 -0.018985 9.655452 1.715310 
943810040918752 -0.011536 9.658944 1.695594 
943810059828075 -0.015136 9.663322 1.670438 
943810078737450 -0.027729 9.665886 1.655375 
943810097646773 -0.031485 9.666616 1.651040 
943810116556096 -0.022823 9.665973 1.654944 
943810135465419 -0.025137 9.664049 1.666110 
943810154374794 -0.047250 9.662407 1.675125 
943810173284117 -0.075196 9.662176 1.675433 
943810192193440 -0.093467 9.663227 1.668442 
943810211102763 -0.101492 9.664787 1.658907 
943810230012138 -0.109398 9.665895 1.651929 
943810248921460 -0.120384 9.667168 1.643704 
943810267830783 -0.127922 9.668807 1.633460 
943810286740106 -0.128482 9.670523 1.623223 
943810305649481 -0.120256 9.671304 1.619197 
943810324558804 -0.106567 9.670204 1.626705 
943810343468127 -0.083860 9.668807 1.636311 
943810362377450 -0.060182 9.668092 1.641571 
943810381286825 -0.055214 9.668040 1.642055 
943810400196148 -0.076484 9.669533 1.632377 
943810419105471 -0.111212 9.674113 1.602989 
943810438014846 -0.135865 9.679590 1.567623 
943810456924169 -0.137888 9.682978 1.546385 
943810475833492 -0.111575 9.682666 1.550457 
943810494742867 -0.066943 9.678488 1.578852 
943810513652190 -0.031364 9.673341 1.611174 
943810532561513 -0.026386 9.672648 1.615418 
943810551470835 -0.032683 9.678436 1.580252 
943810570380210 -0.016354 9.687706 1.522648 
943810589289533 0.028157 9.694308 1.479861 
943810608198856 0.067820 9.690081 1.506030 
943810627108231 0.095482 9.683353 1.547236 
943810646017554 0.090704 9.678910 1.575070 
943810664926877 0.054789 9.681075 1.563385 
943810683836252 0.015120 9.686418 1.530838 
943810702745575 -0.011269 9.686522 1.530210 
943810721654898 -0.011860 9.678322 1.581241 
943810740564273 0.015689 9.664586 1.663105 
943810759473596 0.054240 9.650665 1.741292 
943810778382919 0.084088 9.640357 1.796340 
943810797292294 0.096079 9.635969 1.819134 
943810816201617 0.099720 9.636751 1.814791 
943810835110992 0.107274 9.637587 1.809919 
943810854020315 0.118817 9.635169 1.822027 
943810872929638 0.132687 9.630198 1.847182 
943810891839013 0.144534 9.625054 1.872914 
943810910748335 0.142257 9.621758 1.889950 
943810929657658 0.119611 9.621301 1.893844 
943810948567033 0.094680 9.622719 1.888044 
943810967476356 0.087920 9.623383 1.884984 
943810986385679 0.108494 9.621143 1.895315 
943811005295054 0.137464 9.617639 1.911155 
943811024204377 0.146321 9.616185 1.917801 
943811043113752 0.129453 9.615862 1.920632 
943811062023075 0.099121 9.611779 1.942745 
943811080932398 0.071304 9.599308 2.004642 
943811099841773 0.067346 9.583319 2.079871 
943811118751096 0.098688 9.572512 2.127836 
943811137660471 0.143621 9.572140 2.126948 
943811156569794 0.160221 9.583256 2.075072 
943811175479117 0.131064 9.602127 1.988056 
943811194388492 0.078109 9.620048 1.902352 
943811213297815 0.040924 9.630161 1.851681 
943811232207190 0.033892 9.630344 1.850864 
943811251116513 0.070305 9.622952 1.887918 
943811270025835 0.137599 9.612341 1.937617 
943811288935210 0.202409 9.605499 1.965656 
943811307844533 0.234409 9.606674 1.956337 
943811326753908 0.223040 9.614797 1.917374 
943811345663231 0.171337 9.626085 1.865341 
943811364572554 0.108296 9.638886 1.802927 
943811383481929 0.068012 9.652331 1.731551 
943811402391252 0.069753 9.664060 1.664781 
943811421300627 0.111503 9.675332 1.595587 
943811440209950 0.177475 9.687180 1.515732 
943811459119325 0.259631 9.697344 1.436834 
943811478028648 0.345943 9.701358 1.390818 
943811496937971 0.425268 9.697543 1.395418 
943811515847346 0.478700 9.691312 1.421164 
943811534756669 0.483498 9.691972 1.415037 
943811553666044 0.453057 9.703418 1.344927 
943811572575367 0.403353 9.719908 1.237370 
943811591484742 0.347989 9.732927 1.148666 
943811610394065 0.303000 9.737865 1.119171 
943811629303440 0.263735 9.737589 1.131463 
943811648212763 0.226271 9.737849 1.137308 
943811667122085 0.191830 9.740345 1.122173 
943811686031460 0.159208 9.743086 1.103323 
943811704940783 0.129309 9.745495 1.085823 
943811723850158 0.114894 9.745767 1.084989 
943811742759481 0.132776 9.735986 1.167617 
943811761668856 0.182944 9.712660 1.342069 
943811780578179 0.225879 9.684221 1.528149 
943811799487554 0.223942 9.674573 1.588362 
943811818396877 0.203624 9.697639 1.443862 
943811837306200 0.213147 9.730236 1.203102 
943811856215575 0.272648 9.747889 1.036686 
943811875124898 0.369917 9.743705 1.045827 
943811894034273 0.458233 9.720574 1.212785 
943811912943596 0.501101 9.690075 1.421872 
943811931852971 0.496444 9.668072 1.565984 
943811950762294 0.460835 9.665945 1.589819 
943811969671669 0.407052 9.683964 1.491829 
943811988580992 0.339960 9.709980 1.330826 
943812007490315 0.282137 9.730841 1.183856 
943812026399690 0.239860 9.740569 1.110929 
943812045309013 0.204711 9.740110 1.121929 
943812064218388 0.190952 9.734735 1.169979 
943812083127710 0.209969 9.728806 1.215164 
943812102037085 0.248889 9.723444 1.250232 
943812120946408 0.281814 9.718942 1.277939 
943812139855783 0.302549 9.715555 1.298790 
943812158765106 0.304084 9.715670 1.297570 
943812177674481 0.268684 9.721552 1.260799 
943812196583804 0.198845 9.731675 1.193878 
943812215493127 0.133118 9.742555 1.111437 
943812234402502 0.107703 9.750624 1.041214 
943812253311825 0.133967 9.753055 1.015069 
943812272221200 0.168608 9.750443 1.034804 
943812291130523 0.165835 9.749211 1.046788 
943812310039898 0.159454 9.750372 1.036916 
943812328949221 0.193504 9.748505 1.048624 
943812347858596 0.254677 9.740977 1.104031 
943812366767919 0.309471 9.730847 1.176951 
943812385677242 0.348949 9.724770 1.215515 
943812404586617 0.356888 9.725925 1.203913 
943812423495940 0.331540 9.729446 1.182517 
943812442405315 0.280285 9.729119 1.198365 
943812461314638 0.194968 9.725042 1.247368 
943812480224013 0.082492 9.721599 1.286113 
943812499133335 -0.032708 9.720458 1.296926 
943812518042658 -0.107908 9.718982 1.303889 
943812536952033 -0.116633 9.715798 1.326673 
943812555861356 -0.085849 9.710835 1.364815 
943812574770731 -0.058990 9.705702 1.402236 
943812593680054 -0.055425 9.702848 1.421986 
943812612589429 -0.072577 9.703107 1.419447 
943812631498752 -0.091458 9.704888 1.406117 
943812650408075 -0.080918 9.705564 1.402091 
943812669317450 -0.041303 9.703197 1.420093 
943812688226773 -0.020083 9.700616 1.438066 
943812707136148 -0.034376 9.702512 1.424950 
943812726045471 -0.056096 9.706968 1.393562 
943812744954846 -0.085662 9.709328 1.375497 
943812763864169 -0.115875 9.712418 1.351264 
943812782773544 -0.132068 9.717818 1.310332 
943812801682867 -0.124209 9.722768 1.273871 
943812820592190 -0.079248 9.724318 1.265598 
943812839501565 -0.013266 9.722462 1.282166 
943812858410888 0.036963 9.724367 1.267166 
943812877320210 0.092300 9.734619 1.182821 
943812896229585 0.180491 9.741115 1.117366 
943812915138908 0.256905 9.734938 1.155581 
943812934048283 0.293363 9.718434 1.279203 
943812952957606 0.308992 9.703658 1.383451 
943812971866981 0.341865 9.700755 1.396020 
943812990776304 0.387160 9.701770 1.377013 
943813009685627 0.433920 9.692813 1.425295 
943813028595002 0.474337 9.670403 1.558429 
943813047504325 0.479599 9.643761 1.714129 
943813066413700 0.435053 9.626880 1.817778 
943813085323023 0.344689 9.629378 1.823908 
943813104232346 0.234776 9.645737 1.753582 
943813123141721 0.144040 9.662485 1.669138 
943813142051044 0.092877 9.670397 1.626406 
943813160960419 0.084637 9.667839 1.641981 
943813179869742 0.097711 9.661840 1.676209 
943813198779065 0.102792 9.663930 1.663814 
943813217688440 0.094578 9.675942 1.592987 
943813236597763 0.079135 9.688800 1.513702 
943813255507138 0.078216 9.695579 1.469704 
943813274416460 0.088428 9.693659 1.481738 
943813293325783 0.072913 9.686378 1.529433 
943813312235158 0.038770 9.681802 1.559355 
943813331144481 0.009933 9.684570 1.542526 
943813350053856 -0.023941 9.692763 1.490018 
943813368963179 -0.083809 9.702648 1.421962 
943813387872554 -0.176490 9.712255 1.345867 
943813406781877 -0.273844 9.722493 1.252406 
943813425691200 -0.296130 9.729767 1.189261 
943813444600575 -0.203504 9.730758 1.200554 
943813463509898 -0.042161 9.720715 1.294725 
943813482419273 0.106652 9.700912 1.432249 
943813501328596 0.202330 9.679496 1.561031 
943813520237919 0.225028 9.662126 1.662255 
943813539147294 0.178540 9.646729 1.754748 
943813558056617 0.080946 9.636463 1.817251 
943813576965992 -0.053146 9.641065 1.793727 
943813595875315 -0.183356 9.657409 1.694467 
943813614784690 -0.265546 9.673461 1.588722 
943813633694013 -0.273942 9.679604 1.549390 
943813652603335 -0.220920 9.672457 1.601614 
943813671512710 -0.157255 9.657809 1.694811 
943813690422033 -0.111051 9.647269 1.757344 
943813709331408 -0.081439 9.646655 1.762328 
943813728240731 -0.052481 9.653877 1.723453 
943813747150054 -0.013270 9.662609 1.674572 
943813766059429 0.039966 9.667253 1.647123 
943813784968752 0.098667 9.666953 1.646410 
943813803878127 0.130997 9.667113 1.643213 
943813822787450 0.132088 9.676162 1.588972 
943813841696825 0.118866 9.687970 1.516402 
943813860606148 0.091343 9.693916 1.479872 
943813879515471 0.061563 9.694478 1.477730 
943813898424846 0.040655 9.689526 1.510574 
943813917334169 0.026876 9.680655 1.566707 
943813936243544 0.004755 9.679315 1.575191 
943813955152867 -0.039105 9.697135 1.460971 
943813974062242 -0.054370 9.721204 1.290593 
943813992971565 -0.028459 9.729873 1.224404 
943814011880940 0.016670 9.715273 1.335511 
943814030790263 0.063774 9.686141 1.531342 
943814049699585 0.114255 9.665403 1.654482 
943814068608960 0.171575 9.665836 1.646985 
943814087518283 0.215497 9.672257 1.603549 
943814106427658 0.248391 9.667545 1.627035 
943814125336981 0.277659 9.649040 1.728963 
943814144246356 0.274667 9.629786 1.833620 
943814163155679 0.217642 9.625830 1.861833 
943814182065054 0.113440 9.644573 1.771927 
943814200974377 -0.010952 9.674047 1.607202 
943814219883752 -0.109852 9.694754 1.473118 
943814238793075 -0.135630 9.700754 1.430859 
943814257702398 -0.093977 9.692584 1.488416 
943814276611773 -0.021185 9.673642 1.609529 
943814295521096 0.042821 9.652225 1.732945 
943814314430471 0.068309 9.642818 1.783755 
943814333339794 0.055029 9.651114 1.738778 
943814352249169 0.034337 9.665274 1.658818 
943814371158492 0.021843 9.670458 1.628535 
943814390067815 -0.004741 9.661123 1.683166 
943814408977190 -0.048922 9.644757 1.773882 
943814427886513 -0.093478 9.632003 1.840154 
943814446795888 -0.115939 9.629422 1.852346 
943814465705210 -0.129000 9.637984 1.806384 
943814484614585 -0.166609 9.656941 1.698857 
943814503523908 -0.249036 9.678860 1.558217 
943814522433283 -0.319850 9.692081 1.460007 
943814541342606 -0.323942 9.688299 1.484023 
943814560251981 -0.254655 9.669157 1.616459 
943814579161304 -0.155453 9.646142 1.760163 
943814598070627 -0.086392 9.633540 1.832441 
943814616980002 -0.055838 9.632416 1.839517 
943814635889325 -0.053605 9.628397 1.860505 
943814654798700 -0.071356 9.606433 1.970210 
943814673708023 -0.110669 9.573361 2.123419 
943814692617398 -0.167947 9.552443 2.212016 
943814711526721 -0.225607 9.556895 2.187517 
943814730436044 -0.258083 9.576835 2.094760 
943814749345419 -0.256338 9.594838 2.010908 
943814768254742 -0.232101 9.604135 1.969035 
943814787164117 -0.206833 9.606966 1.958014 
943814806073440 -0.183853 9.607591 1.957241 
943814824982815 -0.150301 9.609424 1.951093 
943814843892138 -0.114355 9.613168 1.935025 
943814862801460 -0.084297 9.618588 1.909459 
943814881710835 -0.079604 9.625752 1.873216 
943814900620158 -0.106258 9.634452 1.826588 
943814919529533 -0.134661 9.644668 1.769921 
943814938438856 -0.145457 9.655810 1.707207 
943814957348231 -0.126064 9.663495 1.664731 
943814976257554 -0.075160 9.664423 1.662431 
943814995166877 -0.006121 9.658563 1.697796 
943815014076252 0.075783 9.648188 1.754172 
943815032985575 0.142837 9.640603 1.791300 
943815051894950 0.154922 9.647340 1.753631 
943815070804273 0.147547 9.663823 1.661066 
943815089713648 0.166809 9.665140 1.651555 
943815108622971 0.197948 9.639914 1.789766 
943815127532346 0.220882 9.599609 1.992263 
943815146441669 0.254394 9.569065 2.130417 
943815165350992 0.304055 9.567705 2.130013 
943815184260367 0.335484 9.581657 2.061471 
943815203169690 0.327945 9.584660 2.048691 
943815222079065 0.309669 9.563156 2.149546 
943815240988388 0.276459 9.527252 2.307691 
943815259897763 0.210062 9.504845 2.405035 
943815278807085 0.116140 9.514504 2.372995 
943815297716408 0.023721 9.546142 2.245223 
943815316625783 -0.036922 9.576524 2.111685 
943815335535106 -0.032585 9.591626 2.042070 
943815354444481 0.030044 9.586809 2.064601 
943815373353804 0.103883 9.568134 2.147188 
943815392263127 0.151859 9.552012 2.215038 
943815411172502 0.162434 9.550266 2.221804 
943815430081825 0.142548 9.560021 2.180838 
943815448991200 0.107420 9.570047 2.138467 
943815467900523 0.080051 9.568425 2.146911 
943815486809846 0.043682 9.553157 2.214879 
943815505719221 -0.018856 9.535754 2.288981 
943815524628544 -0.066161 9.526596 2.325935 
943815543537919 -0.062315 9.529509 2.314080 
943815562447242 -0.021322 9.538420 2.277826 
943815581356565 -0.007915 9.547534 2.239399 
943815600265940 -0.038806 9.556207 2.201771 
943815619175263 -0.052699 9.554685 2.208079 
943815638084638 -0.039748 9.539141 2.274554 
943815656993960 -0.015716 9.518554 2.359505 
943815675903335 -0.012820 9.505209 2.412723 
943815694812658 -0.030384 9.504667 2.414699 
943815713721981 -0.043320 9.508308 2.400122 
943815732631356 -0.034696 9.503036 2.421051 
943815751540679 -0.002920 9.484621 2.492455 
943815770450054 0.022831 9.464920 2.566157 
943815789359377 0.021671 9.459455 2.586238 
943815808268700 -0.009115 9.474772 2.529619 
943815827178075 -0.054021 9.501951 2.424951 
943815846087398 -0.092739 9.527168 2.322681 
943815864996773 -0.117979 9.539865 2.268796 
943815883906096 -0.103624 9.537762 2.278321 
943815902815419 -0.036955 9.534197 2.295235 
943815921724794 0.047627 9.542903 2.258563 
943815940634117 0.102298 9.566833 2.153053 
943815959543492 0.107528 9.597245 2.012888 
943815978452815 0.054566 9.625564 1.875081 
943815997362138 -0.043650 9.650750 1.741120 
943816016271513 -0.154087 9.672491 1.609208 
943816035180835 -0.227930 9.691730 1.479464 
943816054090210 -0.231728 9.710105 1.352972 
943816072999533 -0.167749 9.723920 1.260011 
943816091908908 -0.059526 9.724783 1.263114 
943816110818231 0.058141 9.711322 1.362808 
943816129727554 0.132725 9.695119 1.468826 
943816148636929 0.125531 9.695877 1.464446 
943816167546252 0.076523 9.715438 1.332215 
943816186455575 0.031601 9.731836 1.208619 
943816205364950 0.017660 9.732847 1.200737 
943816224274273 0.041902 9.719188 1.306153 
943816243183648 0.107305 9.700521 1.434840 
943816262092971 0.198250 9.684362 1.531080 
943816281002294 0.302128 9.665379 1.630821 
943816299911669 0.403185 9.632120 1.797246 
943816318820992 0.478659 9.583631 2.023685 
943816337730367 0.501226 9.535944 2.232699 
943816356639690 0.438198 9.516260 2.327911 
943816375549013 0.283490 9.538295 2.260744 
943816394458388 0.090262 9.584406 2.073982 
943816413367710 -0.095277 9.628662 1.857462 
943816432277085 -0.240758 9.655773 1.696598 
943816451186408 -0.327104 9.662720 1.641718 
943816470095731 -0.348626 9.656567 1.673189 
943816489005106 -0.327875 9.647848 1.726825 
943816507914429 -0.289466 9.641076 1.770945 
943816526823804 -0.251226 9.637391 1.796652 
943816545733127 -0.241721 9.639427 1.787011 
943816564642450 -0.250684 9.651707 1.718165 
943816583551825 -0.264642 9.669700 1.611598 
943816602461148 -0.276158 9.684922 1.515384 
943816621370523 -0.268188 9.691749 1.472572 
943816640279846 -0.230008 9.690333 1.488264 
943816659189169 -0.174590 9.686094 1.522979 
943816678098544 -0.125253 9.685495 1.531625 
943816697007867 -0.106685 9.690380 1.501849 
943816715917242 -0.094982 9.693357 1.483308 
943816734826565 -0.083679 9.688837 1.513217 
943816753735940 -0.093833 9.678727 1.576016 
943816772645263 -0.139154 9.666126 1.648346 
943816791554585 -0.195855 9.654790 1.707937 
943816810463960 -0.234894 9.645178 1.756627 
943816829373283 -0.237030 9.633192 1.820936 
943816848282658 -0.188113 9.618619 1.901887 
943816867191981 -0.102087 9.608430 1.959092 
943816886101304 -0.016080 9.605537 1.975798 
943816905010679 0.034717 9.610411 1.951713 
943816923920002 0.018236 9.622013 1.893913 
943816942829377 -0.059627 9.637944 1.810209 
943816961738700 -0.150587 9.653440 1.720114 
943816980648075 -0.204716 9.662694 1.661570 
943816999557398 -0.194951 9.662797 1.662145 
943817018466773 -0.137781 9.656546 1.703681 
943817037376096 -0.078159 9.651345 1.736610 
943817056285471 -0.037988 9.655381 1.715389 
943817075194794 -0.032915 9.667728 1.644481 
943817094104169 -0.072946 9.680234 1.567846 
943817113013492 -0.120542 9.688876 1.510474 
943817131922867 -0.136158 9.694028 1.475698 
943817150832190 -0.114372 9.695803 1.465849 
943817169741565 -0.064823 9.696990 1.461018 
943817188650888 -0.022192 9.698733 1.450673 
943817207560263 -0.002024 9.698760 1.450662 
943817226469585 0.010930 9.694037 1.481854 
943817245378960 0.025411 9.688040 1.520404 
943817264288283 0.036571 9.688972 1.514222 
943817283197658 0.059829 9.692009 1.493915 
943817302106981 0.096090 9.687059 1.523822 
943817321016356 0.134025 9.672194 1.612791 
943817339925679 0.156914 9.658225 1.692469 
943817358835054 0.162981 9.657158 1.697984 
943817377744377 0.161697 9.667373 1.638949 
943817396653752 0.168164 9.676241 1.585079 
943817415563075 0.196557 9.674752 1.590883 
943817434472450 0.237331 9.660791 1.668286 
943817453381773 0.277947 9.640068 1.778265 
943817472291148 0.288784 9.622739 1.868127 
943817491200471 0.237930 9.618739 1.895690 
943817510109846 0.111270 9.630220 1.848474 
943817529019169 -0.039426 9.647996 1.756416 
943817547928544 -0.150231 9.661686 1.673218 
943817566837919 -0.180180 9.665323 1.649078 
943817585747242 -0.143787 9.656306 1.704542 
943817604656617 -0.079481 9.635938 1.820102 
943817623565940 -0.011438 9.610512 1.951488 
943817642475315 0.032373 9.590279 2.048385 
943817661384638 0.032717 9.583770 2.078620 
943817680294013 -0.005429 9.593865 2.031777 
943817699203335 -0.053790 9.610514 1.950774 
943817718112710 -0.098320 9.619501 1.904185 
943817737022033 -0.119231 9.615415 1.923534 
943817755931408 -0.122720 9.603986 1.979591 
943817774840783 -0.121524 9.595364 2.021044 
943817793750106 -0.099734 9.596047 2.018990 
943817812659481 -0.086242 9.604155 1.980700 
943817831568804 -0.106952 9.613955 1.931526 
943817850478179 -0.107823 9.616275 1.919905 
943817869387502 -0.079142 9.607578 1.964325 
943817888296877 -0.039622 9.594553 2.028146 
943817907206200 -0.032374 9.587831 2.059815 
943817926115575 -0.078376 9.593898 2.030116 
943817945024950 -0.143516 9.605080 1.972873 
943817963934273 -0.196619 9.606354 1.962065 
943817982843648 -0.220240 9.592113 2.028116 
943818001752971 -0.226668 9.573120 2.115275 
943818020662346 -0.235009 9.566369 2.144698 
943818039571669 -0.263061 9.576582 2.095295 
943818058481044 -0.300020 9.594079 2.008488 
943818077390367 -0.330439 9.611511 1.918350 
943818096299742 -0.340835 9.626248 1.841078 
943818115209065 -0.309203 9.637225 1.788481 
943818134118440 -0.233613 9.642101 1.773609 
943818153027815 -0.138337 9.641482 1.786915 
943818171937138 -0.055886 9.639164 1.803822 
943818190846513 -0.024087 9.640479 1.797487 
943818209755835 -0.054375 9.649236 1.749197 
943818228665210 -0.114279 9.663601 1.664972 
943818247574533 -0.163937 9.677511 1.577750 
943818266483908 -0.173336 9.685594 1.526311 
943818285393231 -0.126533 9.685708 1.530178 
943818304302606 -0.046388 9.680106 1.569645 
943818323211981 0.026618 9.677021 1.589011 
943818342121304 0.071944 9.679819 1.570448 
943818361030679 0.078744 9.684682 1.539847 
943818379940002 0.046275 9.691866 1.495316 
943818398849377 0.001025 9.706063 1.400974 
943818417758700 -0.005471 9.718517 1.311783 
943818436668075 0.034245 9.714646 1.339727 
943818455577398 0.062713 9.692389 1.491317 
943818474486773 0.054047 9.666132 1.653287 
943818493396148 0.053228 9.653533 1.725356 
943818512305471 0.111043 9.654967 1.714545 
943818531214846 0.206529 9.650340 1.731673 
943818550124169 0.307549 9.625502 1.850819 
943818569033544 0.390656 9.583739 2.041989 
943818587942867 0.419769 9.543222 2.218354 
943818606852242 0.361402 9.523769 2.310319 
943818625761617 0.210572 9.533766 2.287652 
943818644670940 0.009615 9.563348 2.170869 
943818663580315 -0.159159 9.592488 2.032053 
943818682489638 -0.208953 9.606135 1.961855 
943818701399013 -0.134863 9.597063 2.012105 
943818720308388 -0.005458 9.568413 2.148447 
943818739217710 0.114185 9.536338 2.283772 
943818758127085 0.176712 9.523632 2.332292 
943818777036460 0.190862 9.538713 2.268680 
943818795945783 0.167191 9.566325 2.151251 
943818814855158 0.109728 9.589732 2.048264 
943818833764481 0.031043 9.602105 1.992234 
943818852673856 -0.055376 9.608289 1.961657 
943818871583179 -0.111434 9.614199 1.930064 
943818890492554 -0.100412 9.618513 1.909057 
943818909401929 -0.029888 9.618604 1.911007 
943818928311252 0.041410 9.615908 1.924315 
943818947220627 0.112024 9.610228 1.949710 
943818966130002 0.203443 9.591744 2.031610 
943818985039325 0.281463 9.557684 2.177576 
943819003948700 0.292577 9.520813 2.332149 
943819022858023 0.210137 9.498419 2.430280 
943819041767398 0.069233 9.499618 2.433693 
943819060676773 -0.073116 9.512771 2.381645 
943819079586096 -0.177485 9.521123 2.342459 
943819098495471 -0.234816 9.521680 2.335137 
943819117404846 -0.250535 9.518617 2.345968 
943819136314169 -0.222340 9.514005 2.367419 
943819155223544 -0.151599 9.506923 2.401213 
943819174132919 -0.074514 9.495275 2.450427 
943819193042242 -0.039762 9.486585 2.484657 
943819211951617 -0.047642 9.493704 2.457172 
943819230860992 -0.057916 9.513711 2.378309 
943819249770367 -0.041257 9.535277 2.290668 
943819268679690 0.002279 9.551044 2.224396 
943819287589065 0.058954 9.558275 2.192322 
943819306498440 0.104532 9.556856 2.196809 
943819325407763 0.123956 9.555555 2.201453 
943819344317138 0.100615 9.567502 2.150159 
943819363226513 0.048848 9.591907 2.040426 
943819382135835 0.017063 9.617964 1.914383 
943819401045210 0.042256 9.634509 1.828887 
943819419954585 0.103203 9.632186 1.838676 
943819438863960 0.171483 9.610856 1.942271 
943819457773283 0.213751 9.580266 2.084037 
943819476682658 0.190916 9.554881 2.199584 
943819495592033 0.104884 9.550325 2.225007 
943819514501356 0.002942 9.576924 2.110189 
943819533410731 -0.038152 9.612473 1.941470 
943819552320106 -0.002773 9.624204 1.882836 
943819571229481 0.065514 9.599300 2.004876 
943819590138804 0.126520 9.556092 2.198974 
943819609048179 0.185106 9.524462 2.328252 
943819627957554 0.241353 9.516809 2.354249 
943819646866929 0.273945 9.513844 2.362651 
943819665776304 0.305110 9.494862 2.434114 
943819684685627 0.343564 9.458911 2.565415 
943819703595002 0.367000 9.424760 2.685069 
943819722504377 0.333920 9.415729 2.720834 
943819741413752 0.223069 9.443142 2.635849 
943819760323127 0.049880 9.493803 2.456743 
943819779232450 -0.120056 9.541492 2.261839 
943819798141825 -0.212054 9.566641 2.145880 
943819817051200 -0.200902 9.566487 2.147639 
943819835960575 -0.106474 9.554118 2.208591 
943819854869950 0.004649 9.546896 2.242127 
943819873779273 0.073313 9.560771 2.180982 
943819892688648 0.077995 9.594235 2.028533 
943819911598023 0.028634 9.632844 1.837904 
943819930507398 -0.035617 9.665180 1.659338 
943819949416773 -0.089758 9.685836 1.531964 
943819968326148 -0.129166 9.695959 1.463580 
943819987235523 -0.138032 9.701418 1.426120 
943820006144846 -0.114178 9.703569 1.413536 
943820025054221 -0.071842 9.702689 1.422338 
943820043963596 -0.038314 9.702550 1.424587 
943820062872971 0.005833 9.704662 1.410631 
943820081782346 0.082910 9.700479 1.436745 
943820100691721 0.155824 9.685191 1.530751 
943820119601044 0.155571 9.667554 1.638473 
943820138510419 0.051498 9.659096 1.693990 
943820157419794 -0.112608 9.662677 1.670443 
943820176329169 -0.266094 9.665935 1.633793 
943820195238544 -0.346100 9.656902 1.671779 
943820214147919 -0.348404 9.635798 1.788961 
943820233057294 -0.318225 9.611550 1.920211 
943820251966669 -0.293765 9.594276 2.008466 
943820270876044 -0.275901 9.586565 2.047443 
943820289785419 -0.279170 9.583369 2.061913 
943820308694742 -0.312644 9.584439 2.052111 
943820327604117 -0.348468 9.590752 2.016538 
943820346513492 -0.357391 9.599845 1.971202 
943820365422867 -0.325049 9.608365 1.934956 
943820384332242 -0.262591 9.613783 1.917447 
943820403241617 -0.193850 9.614596 1.921549 
943820422150992 -0.151242 9.613207 1.932296 
943820441060367 -0.143393 9.615744 1.920234 
943820459969742 -0.157622 9.623823 1.878184 
943820478879117 -0.161561 9.634953 1.819877 
943820497788492 -0.142816 9.646912 1.757007 
943820516697867 -0.116859 9.658493 1.694177 
943820535607242 -0.094373 9.667598 1.642874 
943820554516617 -0.080258 9.670705 1.625245 
943820573425992 -0.074474 9.668305 1.639730 
943820592335315 -0.077504 9.663386 1.668336 
943820611244690 -0.078426 9.664175 1.663716 
943820630154065 -0.053705 9.676746 1.589999 
943820649063440 0.010203 9.683952 1.546395 
943820667972815 0.069844 9.675398 1.597559 
943820686882190 0.097110 9.658280 1.696639 
943820705791565 0.117148 9.647453 1.755937 
943820724700940 0.152907 9.647976 1.750301 
943820743610315 0.193056 9.651090 1.729040 
943820762519690 0.213796 9.643422 1.768924 
943820781429065 0.221591 9.620994 1.886208 
943820800338440 0.227747 9.589892 2.037763 
943820819247815 0.210086 9.561750 2.167759 
943820838157190 0.146209 9.548055 2.232411 
943820857066565 0.040421 9.552713 2.216854 
943820875975940 -0.070380 9.568202 2.148244 
943820894885315 -0.144634 9.583592 2.074661 
943820913794690 -0.164876 9.588411 2.050747 
943820932704065 -0.140688 9.579018 2.095953 
943820951613440 -0.098588 9.561591 2.176381 
943820970522815 -0.059528 9.550183 2.227296 
943820989432190 -0.014221 9.551966 2.220390 
943821008341565 0.050547 9.562783 2.172789 
943821027250940 0.126964 9.569559 2.139583 
943821046160315 0.192443 9.565569 2.152493 
943821065069690 0.230632 9.552299 2.206986 
943821083979013 0.228142 9.538416 2.266486 
943821102888388 0.182002 9.530685 2.302894 
943821121797763 0.113924 9.533263 2.296586 
943821140707138 0.041192 9.548687 2.234113 
943821159616513 -0.020901 9.570539 2.138867 
943821178525888 -0.024104 9.580903 2.091917 
943821197435263 0.018071 9.568260 2.149059 
943821216344638 0.059099 9.539801 2.271361 
943821235254013 0.062817 9.515191 2.372249 
943821254163388 0.029134 9.507620 2.403063 
943821273072763 -0.002385 9.508716 2.398897 
943821291982138 -0.000553 9.495474 2.450790 
943821310891513 0.037042 9.459942 2.584283 
943821329800888 0.077820 9.419911 2.725727 
943821348710263 0.083787 9.399798 2.794127 
943821367619638 0.039919 9.408668 2.765097 
943821386529013 -0.039196 9.433238 2.680089 
943821405438388 -0.112422 9.454010 2.603737 
943821424347763 -0.152873 9.463602 2.566563 
943821443257138 -0.152785 9.464407 2.563599 
943821462166513 -0.128495 9.464499 2.564595 
943821481075888 -0.104638 9.472301 2.536724 
943821499985263 -0.087368 9.487843 2.478629 
943821518894638 -0.066137 9.501432 2.426682 
943821537804013 -0.046415 9.508116 2.400826 
943821556713388 -0.048449 9.511175 2.388637 
943821575622763 -0.075568 9.517682 2.361866 
943821594532138 -0.112564 9.533289 2.296547 
943821613441513 -0.143008 9.555626 2.199988 
943821632350888 -0.149211 9.575010 2.113597 
943821651260263 -0.118807 9.583045 2.078826 
943821670169638 -0.058273 9.576703 2.110391 
943821689079013 0.008398 9.562828 2.173165 
943821707988388 0.038434 9.557793 2.194882 
943821726897763 0.016524 9.574224 2.122344 
943821745807138 -0.014325 9.593437 2.033752 
943821764716513 -0.026861 9.593318 2.034192 
943821783625888 -0.029482 9.573370 2.126057 
943821802535263 -0.031533 9.554352 2.209918 
943821821444638 -0.005669 9.551025 2.224474 
943821840353960 0.055461 9.553502 2.213125 
943821859263388 0.126298 9.540088 2.267411 
943821878172763 0.189727 9.501130 2.421347 
943821897082085 0.237145 9.445341 2.626723 
943821915991460 0.245913 9.394591 2.802067 
943821934900835 0.195519 9.372547 2.878807 
943821953810210 0.099164 9.390499 2.824725 
943821972719585 -0.011826 9.429672 2.692871 
943821991628960 -0.102330 9.464371 2.566242 
943822010538335 -0.145820 9.482337 2.496879 
943822029447710 -0.131208 9.483701 2.492505 
943822048357085 -0.090094 9.474742 2.528150 
943822067266460 -0.058042 9.463421 2.571122 
943822086175835 -0.049393 9.460241 2.582978 
943822105085210 -0.059443 9.472309 2.538151 
943822123994585 -0.060364 9.495086 2.451549 
943822142903960 -0.020359 9.515594 2.371385 
943822161813335 0.063922 9.527640 2.321719 
943822180722710 0.152815 9.527805 2.316886 
943822199632085 0.214557 9.517142 2.355498 
943822218541460 0.243254 9.507757 2.390348 
943822237450835 0.246346 9.506886 2.393498 
943822256360210 0.223730 9.520061 2.342815 
943822275269585 0.177899 9.546071 2.238586 
943822294178960 0.164511 9.564621 2.159013 
943822313088335 0.193521 9.563419 2.161933 
943822331997710 0.246627 9.540157 2.257203 
943822350907085 0.270268 9.504476 2.400476 
943822369816460 0.241801 9.473075 2.524435 
943822388725835 0.176436 9.456052 2.592749 
943822407635210 0.092571 9.452692 2.609299 
943822426544585 0.010589 9.456367 2.597576 
943822445453960 -0.046731 9.455437 2.600562 
943822464363335 -0.062347 9.444191 2.640790 
943822483272710 -0.035702 9.423464 2.714300 
943822502182085 0.000162 9.397355 2.803590 
943822521091460 0.003019 9.377902 2.867984 
943822540000783 -0.031891 9.380361 2.859756 
943822558910158 -0.055981 9.406473 2.772275 
943822577819533 -0.030856 9.438646 2.661089 
943822596728908 0.034561 9.460521 2.582197 
943822615638283 0.111281 9.465809 2.560561 
943822634547658 0.164626 9.459785 2.579871 
943822653457033 0.169241 9.456312 2.592277 
943822672366408 0.134046 9.468488 2.549544 
943822691275783 0.087171 9.494881 2.451532 
943822710185158 0.052468 9.525806 2.329517 
943822729094533 0.028509 9.553908 2.211880 
943822748003908 0.007567 9.572734 2.129108 
943822766913283 -0.006563 9.576130 2.113780 
943822785822658 -0.009454 9.565831 2.159899 
943822804732033 -0.002169 9.552286 2.219056 
943822823641408 -0.000538 9.547381 2.240070 
943822842550783 -0.025538 9.565079 2.163106 
943822861460158 -0.039814 9.598860 2.007659 
943822880369533 -0.012841 9.620346 1.902409 
943822899278908 0.049063 9.611258 1.947231 
943822918188283 0.107642 9.580087 2.093022 
943822937097658 0.161851 9.550278 2.221798 
943822956007033 0.224877 9.539003 2.264340 
943822974916408 0.285276 9.539981 2.253391 
943822993825783 0.323398 9.532399 2.280165 
943823012735158 0.339441 9.507259 2.380586 
943823031644481 0.319982 9.471827 2.520417 
943823050553856 0.256537 9.444718 2.627141 
943823069463231 0.158762 9.441936 2.644815 
943823088372606 0.040864 9.462342 2.575420 
943823107281981 -0.076969 9.488205 2.477588 
943823126191356 -0.155493 9.504085 2.412175 
943823145100731 -0.175494 9.499338 2.429436 
943823164010106 -0.148590 9.475831 2.521296 
943823182919481 -0.105688 9.450436 2.616960 
943823201828856 -0.079536 9.439320 2.657690 
943823220738231 -0.076977 9.449986 2.619589 
943823239647606 -0.096588 9.474866 2.527443 
943823258556981 -0.137770 9.498298 2.435926 
943823277466356 -0.178403 9.508778 2.392014 
943823296375731 -0.183838 9.501800 2.419169 
943823315285106 -0.149393 9.479090 2.508973 
943823334194481 -0.093872 9.450716 2.616400 
943823353103856 -0.043122 9.433686 2.678449 
943823372013231 -0.018357 9.436033 2.670456 
943823390922606 -0.035174 9.454968 2.602444 
943823409831929 -0.068691 9.474975 2.527946 
943823428741304 -0.083484 9.476671 2.521134 
943823447650679 -0.084175 9.461081 2.579003 
943823466560054 -0.086495 9.439110 2.658219 
943823485469429 -0.117365 9.421825 2.717686 
943823504378804 -0.171919 9.414707 2.739363 
943823523288179 -0.227493 9.411132 2.747586 
943823542197554 -0.255243 9.400083 2.782748 
943823561106929 -0.251721 9.377791 2.857281 
943823580016304 -0.239763 9.354641 2.933191 
943823598925679 -0.244563 9.346113 2.959856 
943823617835054 -0.267868 9.353238 2.935230 
943823636744429 -0.308367 9.363998 2.896693 
943823655653804 -0.360199 9.372145 2.864185 
943823674563127 -0.390178 9.379324 2.836622 
943823693472502 -0.375224 9.382538 2.827996 
943823712381877 -0.305656 9.378982 2.848096 
943823731291252 -0.201653 9.368429 2.891760 
943823750200627 -0.093229 9.355236 2.939600 
943823769110002 -0.006211 9.345653 2.971384 
943823788019377 0.028619 9.345224 2.972598 
943823806928752 0.015870 9.359165 2.928508 
943823825838127 -0.003763 9.378003 2.867653 
943823844747502 -0.012987 9.388980 2.831480 
943823863656877 -0.010059 9.391298 2.823793 
943823882566200 -0.005841 9.391396 2.823483 
943823901475575 -0.005308 9.391911 2.821770 
943823920384950 -0.004063 9.391110 2.824432 
943823939294325 0.017290 9.388896 2.831735 
943823958203700 0.073549 9.389040 2.830356 
943823977113075 0.134903 9.403899 2.778285 
943823996022450 0.173319 9.434241 2.671223 
943824014931825 0.188407 9.462056 2.569899 
943824033841200 0.181778 9.470986 2.537272 
943824052750523 0.149898 9.462648 2.570251 
943824071659898 0.092586 9.459991 2.582706 
943824090569273 0.056792 9.473639 2.533243 
943824109478648 0.076818 9.492114 2.462569 
943824128388023 0.145702 9.497482 2.438642 
943824147297398 0.230304 9.476609 2.512213 
943824166206773 0.303779 9.430061 2.674330 
943824185116148 0.335382 9.376526 2.852833 
943824204025523 0.292740 9.343341 2.964235 
943824222934846 0.174159 9.350467 2.951074 
943824241844221 0.005528 9.393067 2.817913 
943824260753596 -0.167377 9.439769 2.652007 
943824279662971 -0.279000 9.464237 2.553581 
943824298572346 -0.295072 9.456053 2.581935 
943824317481721 -0.234654 9.426178 2.694902 
943824336391096 -0.159262 9.396399 2.802267 
943824355300419 -0.119265 9.384818 2.842772 
943824374209794 -0.119708 9.391536 2.820483 
943824393119169 -0.136059 9.403591 2.779269 
943824412028544 -0.144878 9.416702 2.734068 
943824430937919 -0.120435 9.429165 2.691975 
943824449847242 -0.073252 9.436260 2.668711 
943824468756617 -0.031133 9.435398 2.672580 
943824487665992 -0.008195 9.431611 2.686081 
943824506575367 -0.013246 9.429893 2.692085 
943824525484742 -0.061148 9.436485 2.668219 
943824544394065 -0.151581 9.454817 2.598817 
943824563303440 -0.209947 9.469387 2.541069 
943824582212815 -0.197682 9.466273 2.553621 
943824601122190 -0.139838 9.442697 2.643167 
943824620031565 -0.094730 9.409250 2.761776 
943824638940940 -0.074590 9.379976 2.860223 
943824657850263 -0.062544 9.359098 2.928096 
943824676759638 -0.052850 9.340459 2.987210 
943824695669013 -0.042262 9.320439 3.049263 
943824714578388 -0.041981 9.304300 3.098164 
943824733487763 -0.063390 9.302928 3.101921 
943824752397085 -0.105523 9.320241 3.048338 
943824771306460 -0.158586 9.345545 2.967496 
943824790215835 -0.193789 9.364165 2.906070 
943824809125210 -0.191058 9.369004 2.890613 
943824828034533 -0.153050 9.360587 2.919997 
943824846943908 -0.110972 9.344933 2.971586 
943824865853283 -0.082667 9.334249 3.005885 
943824884762658 -0.072765 9.336707 2.998502 
943824903672033 -0.087019 9.352594 2.948187 
943824922581356 -0.097359 9.374831 2.876359 
943824941490731 -0.092284 9.389132 2.829503 
943824960400106 -0.074720 9.394513 2.812103 
943824979309481 -0.083282 9.401876 2.787142 
943824998218804 -0.118113 9.424167 2.709524 
943825017128179 -0.156535 9.460201 2.578852 
943825036037554 -0.177946 9.486938 2.477241 
943825054946877 -0.162143 9.484919 2.486040 
943825073856252 -0.081599 9.457728 2.591350 
943825092765627 0.047490 9.428563 2.696356 
943825111675002 0.186932 9.416843 2.731025 
943825130584325 0.306778 9.410651 2.741515 
943825149493700 0.360034 9.400780 2.768772 
943825168403075 0.330667 9.394675 2.793050 
943825187312398 0.257361 9.409123 2.751828 
943825206221773 0.201289 9.434961 2.666715 
943825225131148 0.192379 9.447412 2.622934 
943825244040523 0.215628 9.433982 2.669058 
943825262949846 0.255256 9.392019 2.809840 
943825281859221 0.293004 9.335628 2.988409 
943825300768596 0.293423 9.290707 3.125226 
943825319677919 0.220793 9.282899 3.154269 
943825338587294 0.080451 9.323401 3.039423 
943825357496669 -0.067129 9.388797 2.831321 
943825376406044 -0.165476 9.442568 2.642143 
943825395315367 -0.177875 9.463307 2.566038 
943825414224742 -0.113228 9.450887 2.615020 
943825433134065 -0.022763 9.417464 2.735187 
943825452043440 0.040720 9.383891 2.848038 
943825470952815 0.034257 9.372652 2.884889 
943825489862138 -0.027300 9.391953 2.821498 
943825508771513 -0.094659 9.423280 2.713525 
943825527680888 -0.123272 9.448337 2.623761 
943825546590210 -0.104598 9.455565 2.598406 
943825565499585 -0.061103 9.444532 2.639593 
943825584408908 -0.021220 9.428602 2.696552 
943825603318283 -0.003259 9.420367 2.725264 
943825622227658 -0.014247 9.423133 2.715649 
943825641136981 -0.048599 9.444472 2.640068 
943825660046356 -0.071873 9.478551 2.514418 
943825678955679 -0.058055 9.504027 2.416703 
943825697865054 -0.011916 9.506048 2.409415 
943825716774429 0.023589 9.483877 2.495173 
943825735683752 0.014503 9.455272 2.601540 
943825754593127 -0.028678 9.443324 2.644469 
943825773502450 -0.081262 9.456457 2.595999 
943825792411825 -0.110543 9.479334 2.510060 
943825811321148 -0.104831 9.496071 2.446232 
943825830230523 -0.071134 9.500350 2.430778 
943825849139846 -0.020360 9.493644 2.457786 
943825868049221 0.044794 9.481874 2.502488 
943825886958596 0.102906 9.472594 2.535696 
943825905867919 0.133546 9.474594 2.526780 
943825924777294 0.138479 9.492714 2.457557 
943825943686617 0.123442 9.519484 2.352566 
943825962595992 0.109404 9.540647 2.265940 
943825981505315 0.116420 9.548429 2.232566 
943826000414690 0.128778 9.545085 2.246144 
943826019324013 0.123307 9.536263 2.283606 
943826038233388 0.097651 9.531021 2.306620 
943826057142710 0.059722 9.535917 2.287601 
943826076052033 0.016808 9.547133 2.241060 
943826094961408 -0.016722 9.553564 2.213487 
943826113870731 -0.018391 9.551520 2.222278 
943826132780106 0.005135 9.543882 2.254925 
943826151689429 0.041670 9.533196 2.299306 
943826170598804 0.072108 9.522693 2.341689 
943826189508127 0.066645 9.521566 2.346426 
943826208417502 0.033016 9.539974 2.271163 
943826227326825 0.018213 9.568652 2.147311 
943826246236200 0.037553 9.580631 2.092961 
943826265145523 0.063413 9.567627 2.151016 
943826284054846 0.063316 9.549385 2.230612 
943826302964221 0.062732 9.550280 2.226794 
943826321873544 0.096529 9.568063 2.147846 
943826340782919 0.162545 9.580730 2.086522 
943826359692242 0.254179 9.569039 2.130554 
943826378601565 0.360009 9.527206 2.296323 
943826397510940 0.445088 9.468493 2.513952 
943826416420263 0.467980 9.423166 2.674941 
943826435329638 0.390167 9.422557 2.689528 
943826454238960 0.224365 9.467386 2.547282 
943826473148283 0.039801 9.527435 2.323095 
943826492057658 -0.103338 9.574625 2.118077 
943826510966981 -0.174811 9.596167 2.013308 
943826529876356 -0.176955 9.595105 2.018175 
943826548785679 -0.141074 9.582737 2.078853 
943826567695002 -0.091963 9.571273 2.133697 
943826586604377 -0.054999 9.570199 2.139780 
943826605513700 -0.051844 9.582957 2.081972 
943826624423023 -0.074310 9.602489 1.989238 
943826643332398 -0.104536 9.619808 1.902302 
943826662241721 -0.141460 9.629298 1.851215 
943826681151096 -0.176772 9.629722 1.845970 
943826700060419 -0.204585 9.624264 1.871379 
943826718969742 -0.221486 9.620183 1.890347 
943826737879065 -0.245386 9.625227 1.861499 
943826756788440 -0.289820 9.638465 1.785042 
943826775697763 -0.307492 9.647640 1.731723 
943826794607138 -0.277528 9.642857 1.763145 
943826813516460 -0.226879 9.621465 1.883167 
943826832425783 -0.214916 9.592525 2.026739 
943826851335158 -0.254201 9.570920 2.122089 
943826870244481 -0.302157 9.566616 2.135168 
943826889153804 -0.312111 9.569021 2.122925 
943826908063179 -0.286095 9.559204 2.170291 
943826926972502 -0.257560 9.535547 2.275391 
943826945881825 -0.255156 9.511184 2.375430 
943826964791148 -0.288332 9.498818 2.420682 
943826983700523 -0.356473 9.503184 2.394331 
943827002609846 -0.430030 9.515648 2.331930 
943827021519169 -0.457051 9.526903 2.280264 
943827040428544 -0.425024 9.533306 2.259607 
943827059337867 -0.348896 9.535246 2.264454 
943827078247190 -0.262328 9.536995 2.268764 
943827097156513 -0.191963 9.544203 2.245377 
943827116065888 -0.162254 9.555685 2.198391 
943827134975210 -0.172817 9.568294 2.142027 
943827153884533 -0.198762 9.579041 2.091136 
943827172793908 -0.216044 9.587077 2.052233 
943827191703231 -0.213048 9.596949 2.005884 
943827210612554 -0.196634 9.613232 1.928083 
943827229521877 -0.184704 9.632946 1.828282 
943827248431252 -0.170513 9.650090 1.736977 
943827267340575 -0.146023 9.656014 1.706005 
943827286249898 -0.107619 9.647921 1.753977 
943827305159221 -0.073874 9.635156 1.824475 
943827324068596 -0.076101 9.637304 1.813000 
943827342977919 -0.092656 9.660036 1.686863 
943827361887242 -0.084885 9.681514 1.559323 
943827380796565 -0.068061 9.680803 1.564544 
943827399705940 -0.053674 9.655857 1.712288 
943827418615263 -0.012757 9.619486 1.906753 
943827437524585 0.066039 9.591549 2.041620 
943827456433908 0.155090 9.579988 2.090494 
943827475343231 0.211173 9.576110 2.103310 
943827494252606 0.218739 9.565824 2.148853 
943827513161929 0.186468 9.543551 2.248612 
943827532071252 0.121002 9.520428 2.348872 
943827550980575 0.035033 9.511897 2.385996 
943827569889898 -0.047238 9.523036 2.340931 
943827588799221 -0.101859 9.546185 2.242848 
943827607708596 -0.124214 9.565845 2.156284 
943827626617919 -0.108061 9.571983 2.129751 
943827645527242 -0.056061 9.563733 2.168469 
943827664436565 0.014778 9.549415 2.231332 
943827683345888 0.081055 9.539246 2.273017 
943827702255210 0.128422 9.540903 2.263859 
943827721164533 0.139244 9.553614 2.208949 
943827740073908 0.104691 9.571753 2.130954 
943827758983231 0.036518 9.589415 2.052356 
943827777892554 -0.036233 9.598412 2.009869 
943827796801877 -0.081259 9.591002 2.043638 
943827815711200 -0.080280 9.569633 2.141512 
943827834620523 -0.053899 9.548721 2.233696 
943827853529846 -0.050524 9.546059 2.245130 
943827872439169 -0.094149 9.570579 2.136710 
943827891348492 -0.118442 9.604375 1.977960 
943827910257867 -0.094191 9.624908 1.876876 
943827929167190 -0.043269 9.624043 1.883167 
943827948076513 -0.015372 9.609786 1.955036 
943827966985835 -0.031118 9.595365 2.024453 
943827985895158 -0.072254 9.583174 2.080371 
943828004804481 -0.099327 9.569327 2.142077 
943828023713804 -0.094806 9.545144 2.247586 
943828042623127 -0.067343 9.510282 2.391733 
943828061532450 -0.027086 9.477296 2.520023 
943828080441773 0.010214 9.458655 2.589235 
943828099351096 0.033491 9.455655 2.599972 
943828118260471 0.041934 9.461082 2.580030 
943828137169794 0.029549 9.467791 2.555478 
943828156079117 0.006383 9.474329 2.531292 
943828174988440 0.003293 9.480820 2.506877 
943828193897763 0.041901 9.486320 2.485634 
943828212807085 0.108674 9.490682 2.466889 
943828231716408 0.168282 9.492966 2.454723 
943828250625731 0.182696 9.496401 2.440365 
943828269535054 0.156882 9.503493 2.414413 
943828288444377 0.119381 9.513662 2.376208 
943828307353700 0.093014 9.529858 2.311612 
943828326263023 0.089904 9.551422 2.220958 
943828345172346 0.124414 9.568419 2.144821 
943828364081669 0.205033 9.567353 2.143389 
943828382990992 0.306938 9.544861 2.229753 
943828401900315 0.382529 9.513464 2.349058 
943828420809638 0.397777 9.496282 2.415119 
943828439718960 0.369722 9.503533 2.390929 
943828458628283 0.342803 9.513964 2.353164 
943828477537606 0.338428 9.507030 2.381642 
943828496446929 0.351455 9.484492 2.468053 
943828515356252 0.389945 9.464214 2.539091 
943828534265575 0.450361 9.457173 2.555278 
943828553174898 0.516253 9.456303 2.546016 
943828572084221 0.577152 9.443993 2.578428 
943828590993544 0.627552 9.412436 2.680039 
943828609902867 0.658007 9.366683 2.828898 
943828628812190 0.653467 9.322629 2.971859 
943828647721513 0.595034 9.299123 3.056572 
943828666630835 0.470678 9.310880 3.042429 
943828685540158 0.304635 9.352654 2.933505 
943828704449481 0.146921 9.404088 2.777035 
943828723358804 0.033970 9.444542 2.640051 
943828742268127 -0.028117 9.464510 2.567611 
943828761177450 -0.049243 9.466822 2.558760 
943828780086773 -0.044479 9.458116 2.590839 
943828798996096 -0.026772 9.447147 2.630795 
943828817905419 -0.015614 9.443498 2.643957 
943828836814742 -0.041447 9.454466 2.604181 
943828855724065 -0.094147 9.478858 2.512522 
943828874633388 -0.159102 9.507080 2.400100 
943828893542710 -0.231319 9.528586 2.307145 
943828912452033 -0.270722 9.537643 2.265051 
943828931361356 -0.246556 9.534927 2.279200 
943828950270679 -0.185854 9.528630 2.311072 
943828969180002 -0.151736 9.527392 2.318652 
943828988089325 -0.181952 9.539552 2.265883 
943829006998648 -0.275316 9.567048 2.136864 
943829025907971 -0.354292 9.597574 1.982784 
943829044817294 -0.361558 9.615133 1.894432 
943829063726617 -0.288581 9.614368 1.910762 
943829082635940 -0.196483 9.599097 1.997277 
943829101545263 -0.136757 9.581350 2.085519 
943829120454585 -0.114353 9.567974 2.147369 
943829139363908 -0.110497 9.551774 2.218508 
943829158273231 -0.096713 9.522099 2.343218 
943829177182554 -0.073967 9.483329 2.496278 
943829196091877 -0.083967 9.452179 2.611446 
943829215001200 -0.140042 9.442800 2.642786 
943829233910523 -0.209643 9.453174 2.600760 
943829252819846 -0.257602 9.470401 2.532891 
943829271729169 -0.271001 9.481268 2.490484 
943829290638492 -0.262219 9.482506 2.486708 
943829309547815 -0.243819 9.480972 2.494414 
943829328457085 -0.217407 9.483953 2.485508 
943829347366408 -0.184895 9.491498 2.459199 
943829366275731 -0.147694 9.497035 2.440268 
943829385185054 -0.119428 9.498710 2.435287 
943829404094377 -0.116688 9.502476 2.420686 
943829423003700 -0.131086 9.514036 2.374095 
943829441913023 -0.148916 9.529502 2.310152 
943829460822346 -0.157138 9.540141 2.265260 
943829479731669 -0.155730 9.541793 2.258393 
943829498640992 -0.150916 9.533254 2.294492 
943829517550315 -0.153497 9.519308 2.351510 
943829536459638 -0.159406 9.517705 2.357598 
943829555368908 -0.151909 9.534486 2.289297 
943829574278231 -0.122078 9.544208 2.250242 
943829593187554 -0.079636 9.530259 2.310456 
943829612096877 -0.033069 9.498894 2.437275 
943829631006200 0.016245 9.473963 2.532618 
943829649915523 0.073097 9.467871 2.554307 
943829668824846 0.125030 9.467366 2.554158 
943829687734169 0.150254 9.452316 2.607973 
943829706643492 0.154443 9.415649 2.737170 
943829725552815 0.155052 9.362705 2.913088 
943829744462138 0.146670 9.310141 3.077360 
943829763371408 0.112976 9.278392 3.173179 
943829782280731 0.026961 9.287725 3.147668 
943829801190054 -0.108005 9.337591 2.994678 
943829820099377 -0.252942 9.403765 2.770495 
943829839008700 -0.350284 9.457907 2.568204 
943829857918023 -0.358677 9.484270 2.467862 
943829876827346 -0.295510 9.483693 2.478433 
943829895736617 -0.216917 9.469790 2.538979 
943829914645940 -0.152197 9.459045 2.583348 
943829933555263 -0.105780 9.461683 2.575993 
943829952464585 -0.094318 9.478778 2.512819 
943829971373908 -0.104528 9.502985 2.419242 
943829990283231 -0.115104 9.519327 2.353626 
943830009192502 -0.106965 9.518293 2.358184 
943830028101825 -0.074493 9.506330 2.407185 
943830047011148 -0.038618 9.497526 2.442517 
943830065920471 -0.029050 9.501669 2.426484 
943830084829794 -0.085701 9.525363 2.330344 
943830103739117 -0.158337 9.556648 2.194493 
943830122648388 -0.172221 9.574224 2.115412 
943830141557710 -0.115403 9.567961 2.147372 
943830160467033 -0.039205 9.541382 2.265143 
943830179376356 0.002860 9.510609 2.391384 
943830198285679 0.018309 9.485592 2.488695 
943830217194950 0.035638 9.462031 2.576641 
943830236104273 0.057919 9.426485 2.703406 
943830255013596 0.066165 9.378835 2.864168 
943830273922919 0.037624 9.337954 2.995260 
943830292832190 -0.036388 9.325410 3.034106 
943830311741513 -0.128656 9.341214 2.982540 
943830330650835 -0.194494 9.365045 2.903189 
943830349560158 -0.203109 9.378000 2.860462 
943830368469481 -0.163568 9.372753 2.880129 
943830387378752 -0.115084 9.356972 2.933291 
943830406288075 -0.095201 9.344732 2.972760 
943830425197398 -0.106480 9.348604 2.960176 
943830444106721 -0.117896 9.369509 2.892889 
943830463015992 -0.103479 9.395750 2.807058 
943830481925315 -0.070690 9.417307 2.734907 
943830500834638 -0.044462 9.431768 2.685176 
943830519743908 -0.039216 9.447338 2.629952 
943830538653231 -0.047031 9.469549 2.548689 
943830557562554 -0.073146 9.489079 2.474350 
943830576471877 -0.101121 9.495516 2.448538 
943830595381148 -0.088862 9.486637 2.483186 
943830614290471 -0.003321 9.468164 2.554262 
943830633199794 0.104266 9.454762 2.601345 
943830652109065 0.196841 9.441800 2.642737 
943830671018388 0.242369 9.415694 2.730633 
943830689927710 0.240006 9.379271 2.853431 
943830708836981 0.205252 9.360777 2.916179 
943830727746304 0.170507 9.377881 2.862982 
943830746655627 0.163796 9.410146 2.755489 
943830765564898 0.174802 9.428962 2.689703 
943830784474221 0.188878 9.418710 2.724447 
943830803383544 0.202805 9.376867 2.864196 
943830822292815 0.211094 9.317844 3.050181 
943830841202138 0.200239 9.266854 3.202452 
943830860111460 0.154006 9.250251 3.252616 
943830879020731 0.058879 9.283914 3.158458 
943830897930054 -0.058503 9.345531 2.971198 
943830916839325 -0.153154 9.403801 2.777673 
943830935748648 -0.205693 9.442387 2.639961 
943830954657971 -0.216478 9.460989 2.571617 
943830973567242 -0.200019 9.470817 2.536537 
943830992476565 -0.169938 9.482160 2.496031 
943831011385835 -0.127669 9.497561 2.439350 
943831030295158 -0.075887 9.516452 2.366804 
943831049204429 -0.040227 9.535260 2.290759 
943831068113752 -0.015037 9.547574 2.239197 
943831087023075 0.009055 9.546454 2.243994 
943831105933104 0.031039 9.536632 2.285192 
943831124843052 0.048840 9.525796 2.329638 
943831143752323 0.064019 9.522329 2.343404 
943831162661646 0.056961 9.531721 2.305091 
943831181570916 0.027333 9.551438 2.222540 
943831200480239 0.028723 9.563212 2.171295 
943831219389510 0.070164 9.551758 2.220221 
943831238298833 0.138885 9.519375 2.352149 
943831257208104 0.184399 9.483723 2.489055 
943831276117427 0.196460 9.460991 2.573215 
943831295026698 0.198790 9.457092 2.587332 
943831313936021 0.202110 9.458646 2.581385 
943831332845291 0.184963 9.448493 2.619570 
943831351754614 0.138675 9.429248 2.690810 
943831370663885 0.072309 9.413836 2.746792 
943831389573208 -0.001338 9.409581 2.762277 
943831408482479 -0.065256 9.413217 2.749086 
943831427391802 -0.085618 9.416785 2.736276 
943831446301073 -0.053469 9.414089 2.746353 
943831465210396 -0.001658 9.404166 2.780653 
943831484119666 0.025596 9.395367 2.810125 
943831503028989 0.022130 9.399716 2.795577 
943831521938260 0.018310 9.416154 2.739726 
943831540847531 0.019224 9.429353 2.693941 
943831559756854 0.012709 9.436038 2.670471 
943831578666125 0.003222 9.449243 2.623394 
943831597575448 0.000055 9.474159 2.531932 
943831616484718 -0.015916 9.503431 2.419695 
943831635394041 -0.056665 9.530446 2.310362 
943831654303312 -0.105071 9.552741 2.214607 
943831673212583 -0.139452 9.565678 2.156101 
943831692121906 -0.143496 9.564887 2.159336 
943831711031177 -0.109347 9.558986 2.187287 
943831729940448 -0.061811 9.552143 2.218810 
943831748849771 -0.042477 9.534295 2.294734 
943831767759041 -0.053031 9.500800 2.429479 
943831786668364 -0.077342 9.461717 2.576882 
943831805577635 -0.077000 9.437502 2.664213 
943831824486958 -0.032338 9.437671 2.664527 
943831843396229 0.034679 9.440222 2.655447 
943831862305500 0.099911 9.425141 2.706865 
943831881214823 0.133578 9.383353 2.846968 
943831900124093 0.122233 9.322161 3.041837 
943831919033364 0.086745 9.269164 3.200852 
943831937942687 0.032555 9.248909 3.259912 
943831956851958 -0.042452 9.270788 3.197042 
943831975761281 -0.123836 9.319407 3.050197 
943831994670552 -0.178047 9.371377 2.883745 
943832013579823 -0.185483 9.411721 2.748721 
943832032489146 -0.155280 9.435375 2.668328 
943832051398416 -0.099059 9.442127 2.647039 
943832070307687 -0.029659 9.438490 2.661659 
943832089217010 0.033905 9.431062 2.687811 
943832108126281 0.056046 9.423093 2.715246 
943832127035552 0.053797 9.423016 2.715561 
943832145944823 0.055017 9.430479 2.689504 
943832164854146 0.054415 9.434884 2.674024 
943832183763416 0.026187 9.432881 2.681500 
943832202672739 -0.009189 9.425780 2.706468 
943832221582010 -0.043199 9.410610 2.758432 
943832240491281 -0.095502 9.397788 2.800508 
943832259400552 -0.188103 9.389941 2.822053 
943832278309875 -0.305318 9.393190 2.800919 
943832297219146 -0.326055 9.401252 2.771379 
943832316128416 -0.167333 9.382404 2.848310 
943832335037739 0.130122 9.312060 3.072294 
943832353947010 0.428660 9.207603 3.347637 
943832372856281 0.609748 9.118439 3.557061 
943832391765604 0.668597 9.072028 3.663559 
943832410674875 0.630925 9.050022 3.724166 
943832429584146 0.521676 9.010761 3.834636 
943832448493416 0.386939 8.937513 4.017650 
943832467402739 0.259725 8.861403 4.192670 
943832486312010 0.142308 8.827925 4.268239 
943832505221281 0.049914 8.848438 4.227651 
943832524130604 -0.003347 8.897096 4.124567 
943832543039875 -0.018732 8.944791 4.020044 
943832561949146 -0.011475 8.979855 3.941125 
943832580858416 0.007613 9.000972 3.892662 
943832599767739 0.026337 9.016772 3.855843 
943832618677010 0.035254 9.042770 3.794396 
943832637586281 0.037920 9.089192 3.681784 
943832656495552 0.023295 9.151278 3.524762 
943832675404875 -0.013157 9.209059 3.370970 
943832694314146 -0.063718 9.249494 3.257791 
943832713223416 -0.104559 9.271540 3.193431 
943832732132687 -0.101726 9.276688 3.178538 
943832751042010 -0.039673 9.263087 3.219323 
943832769951281 0.052391 9.239408 3.286484 
943832788860552 0.108185 9.221590 3.334810 
943832807769823 0.103485 9.230307 3.310757 
943832826679146 0.046871 9.279603 3.171302 
943832845588416 -0.016893 9.341025 2.985857 
943832864497687 -0.019265 9.376487 2.872546 
943832883406958 0.078903 9.370687 2.890396 
943832902316281 0.245436 9.328268 3.015553 
943832921225552 0.423083 9.269706 3.172372 
943832940134823 0.570474 9.221800 3.286845 
943832959044093 0.649865 9.195771 3.344525 
943832977953364 0.649965 9.178122 3.392639 
943832996862687 0.581629 9.156887 3.461718 
943833015771958 0.466604 9.134263 3.538067 
943833034681229 0.327809 9.116760 3.598280 
943833053590500 0.168248 9.116612 3.609634 
943833072499771 0.007059 9.136667 3.562534 
943833091409093 -0.112804 9.159234 3.502297 
943833110318364 -0.165558 9.156395 3.507622 
943833129227635 -0.159688 9.117385 3.608073 
943833148136906 -0.122972 9.057466 3.757337 
943833167046177 -0.074667 9.004002 3.884943 
943833185955500 -0.039256 8.978329 3.944420 
943833204864771 -0.053125 8.995967 3.903864 
943833223774041 -0.111834 9.047733 3.781059 
943833242683312 -0.187515 9.110030 3.625269 
943833261592583 -0.250377 9.159516 3.494418 
943833280501854 -0.257097 9.176733 3.448456 
943833299411125 -0.193205 9.147511 3.529323 
943833318320448 -0.112311 9.083284 3.694821 
943833337229718 -0.083478 9.019034 3.849730 
943833356138989 -0.137770 8.996763 3.899956 
943833375048260 -0.250220 9.030813 3.814734 
943833393957531 -0.325063 9.083362 3.682018 
943833412866802 -0.280399 9.104329 3.633588 
943833431776073 -0.150868 9.079504 3.702732 
943833450685396 -0.052124 9.031550 3.820834 
943833469594666 -0.055234 8.999653 3.895327 
943833488503937 -0.118848 8.995215 3.904149 
943833507413208 -0.164026 8.991862 3.910228 
943833526322479 -0.158231 8.966131 3.969112 
943833545231750 -0.127882 8.920176 4.072405 
943833564141021 -0.109020 8.875215 4.170020 
943833583050291 -0.099880 8.852499 4.218254 
943833601959562 -0.098308 8.860730 4.200973 
943833620868833 -0.102652 8.887977 4.142910 
943833639778156 -0.111558 8.921967 4.068961 
943833658687427 -0.133139 8.958319 3.987631 
943833677596698 -0.143828 8.993327 3.907655 
943833696505968 -0.103392 9.021882 3.842568 
943833715415239 -0.015154 9.041407 3.797779 
943833734324510 0.096403 9.046883 3.783518 
943833753233781 0.212047 9.033377 3.810976 
943833772143052 0.306968 9.009767 3.860086 
943833791052323 0.323767 8.998373 3.885208 
943833809961593 0.239512 9.010297 3.863623 
943833828870864 0.121979 9.030894 3.820793 
943833847780135 0.027819 9.048623 3.780481 
943833866689406 -0.027826 9.055034 3.765101 
943833885598677 -0.030910 9.032630 3.818513 
943833904507948 0.006942 8.978369 3.944520 
943833923417218 0.038732 8.915450 4.084561 
943833942326489 0.009799 8.898444 4.121646 
943833961235760 -0.070423 8.934330 4.042666 
943833980145031 -0.144417 8.971228 3.958106 
943833999054302 -0.204094 8.984533 3.925161 
943834017963573 -0.253483 8.987001 3.916626 
943834036872843 -0.257445 8.995399 3.897040 
943834055782114 -0.196893 9.001316 3.886893 
943834074691385 -0.109624 8.983613 3.931038 
943834093600656 -0.034440 8.933705 4.044513 
943834112509927 0.033854 8.863926 4.195243 
943834131419198 0.097477 8.808694 4.309037 
943834150328468 0.109887 8.799145 4.328207 
943834169237739 0.033373 8.838689 4.248159 
943834188147010 -0.113637 8.899571 4.117660 
943834207056281 -0.276474 8.952587 3.993137 
943834225965552 -0.387293 8.977954 3.926415 
943834244874823 -0.415881 8.973324 3.934067 
943834263784093 -0.409253 8.950706 3.985948 
943834282693364 -0.424828 8.928763 4.033250 
943834301602635 -0.467037 8.920880 4.046005 
943834320511906 -0.500631 8.926726 4.029058 
943834339421177 -0.508277 8.936516 4.006337 
943834358330448 -0.501214 8.948250 3.980955 
943834377239718 -0.502907 8.966076 3.940427 
943834396148989 -0.522105 8.986027 3.892185 
943834415058260 -0.539260 9.000930 3.855238 
943834433967479 -0.536324 9.006485 3.842651 
943834452876750 -0.513805 9.002242 3.855652 
943834471786021 -0.506278 8.999006 3.864188 
943834490695291 -0.520806 8.996180 3.868837 
943834509604562 -0.527442 8.971407 3.925055 
943834528513833 -0.529930 8.920755 4.038524 
943834547423104 -0.540945 8.856098 4.176997 
943834566332375 -0.565502 8.789844 4.311524 
943834585241646 -0.598227 8.734328 4.418600 
943834604150916 -0.617011 8.705195 4.473171 
943834623060187 -0.604061 8.701914 4.481316 
943834641969458 -0.545716 8.706586 4.479727 
943834660878677 -0.457530 8.706079 4.490571 
943834679787948 -0.363670 8.703741 4.503667 
943834698697218 -0.275574 8.713123 4.491763 
943834717606489 -0.212696 8.750256 4.422463 
943834736515760 -0.199772 8.820143 4.282004 
943834755425031 -0.232241 8.912038 4.085588 
943834774334302 -0.290613 9.012177 3.855723 
943834793243573 -0.345788 9.111591 3.609670 
943834812152791 -0.348304 9.194516 3.392632 
943834831062062 -0.260051 9.250614 3.244826 
943834849971333 -0.104190 9.278172 3.174120 
943834868880604 0.055830 9.291032 3.137515 
943834887789875 0.142737 9.315478 3.061350 
943834906699146 0.119956 9.370770 2.888718 
943834925608416 0.051504 9.441384 2.651033 
943834944517687 0.022969 9.499508 2.434999 
943834963426906 0.035624 9.522718 2.342427 
943834982336177 0.071263 9.520694 2.349827 
943835001245448 0.096066 9.510803 2.388677 
943835020154718 0.095539 9.504361 2.414207 
943835039063989 0.058924 9.505496 2.410904 
943835057973260 0.002001 9.516965 2.365959 
943835076882479 -0.035812 9.528904 2.317132 
943835095791750 -0.030297 9.524769 2.334146 
943835114701021 0.023774 9.497880 2.441333 
943835133610291 0.108728 9.461136 2.577879 
943835152519562 0.180715 9.432248 2.677767 
943835171428833 0.199873 9.428655 2.689036 
943835190338052 0.159849 9.443065 2.640714 
943835209247323 0.110815 9.450058 2.618111 
943835228156593 0.096280 9.433041 2.679342 
943835247065864 0.120385 9.396443 2.804060 
943835265975135 0.158165 9.361900 2.915508 
943835284884354 0.156414 9.354552 2.939092 
943835303793625 0.083283 9.380442 2.858454 
943835322702896 -0.043916 9.424348 2.711112 
943835341612166 -0.163569 9.463769 2.565290 
943835360521437 -0.221108 9.485489 2.479314 
943835379430656 -0.189104 9.493209 2.452267 
943835398339927 -0.083387 9.491358 2.465273 
943835417249198 0.049287 9.483269 2.497111 
943835436158468 0.160433 9.472283 2.533869 
943835455067687 0.205903 9.467254 2.549335 
943835473976958 0.189266 9.470407 2.538888 
943835492886229 0.137698 9.481619 2.500066 
943835511795500 0.090293 9.497683 2.440545 
943835530704718 0.098555 9.504816 2.412291 
943835549613989 0.188312 9.487899 2.472789 
943835568523260 0.297620 9.443665 2.626592 
943835587432531 0.335025 9.388535 2.813104 
943835606341750 0.236610 9.351628 2.943034 
943835625251021 0.087739 9.341530 2.983038 
943835644160291 0.021791 9.337258 2.997584 
943835663069510 0.056741 9.327460 3.027480 
943835681978781 0.133800 9.306167 3.089943 
943835700888052 0.202641 9.280463 3.162646 
943835719797323 0.256426 9.261802 3.213046 
943835738706541 0.315721 9.237909 3.275931 
943835757615812 0.401469 9.199777 3.372435 
943835776525083 0.495985 9.150311 3.492303 
943835795434302 0.560409 9.104676 3.600166 
943835814343573 0.582901 9.077341 3.665034 
943835833252843 0.571770 9.071798 3.680480 
943835852162062 0.534598 9.085317 3.652618 
943835871071333 0.485901 9.111582 3.593520 
943835889980604 0.454845 9.134365 3.539334 
943835908889823 0.466426 9.140265 3.522555 
943835927799093 0.513154 9.133060 3.534726 
943835946708364 0.586473 9.123456 3.548097 
943835965617583 0.679044 9.118370 3.544658 
943835984526854 0.762688 9.120665 3.521671 
943836003436125 0.801031 9.130569 3.487328 
943836022345343 0.774362 9.151835 3.437246 
943836041254614 0.682297 9.186376 3.363831 
943836060163833 0.573338 9.220962 3.288698 
943836079073104 0.499622 9.239904 3.247297 
943836097982375 0.478006 9.237823 3.256459 
943836116891593 0.489104 9.216256 3.315388 
943836135800864 0.540801 9.177003 3.414754 
943836154710135 0.621893 9.141437 3.495392 
943836173619354 0.669313 9.150812 3.461940 
943836192528625 0.660386 9.213395 3.293574 
943836211437843 0.643268 9.269885 3.134615 
943836230347114 0.668061 9.276727 3.109086 
943836249256333 0.722424 9.230182 3.232992 
943836268165604 0.782997 9.167503 3.393258 
943836287074875 0.861236 9.134719 3.462018 
943836305984093 0.962137 9.146236 3.404560 
943836324893364 1.053757 9.175015 3.298342 
943836343802635 1.116162 9.189283 3.237536 
943836362711854 1.150713 9.174510 3.267202 
943836381621125 1.150962 9.138285 3.367110 
943836400530343 1.077944 9.109997 3.466462 
943836419439614 0.919835 9.114635 3.499673 
943836438348885 0.703620 9.153574 3.447809 
943836457258104 0.481259 9.207900 3.339662 
943836476167375 0.314941 9.253099 3.232856 
943836495076593 0.231814 9.274327 3.178602 
943836513985864 0.234946 9.271386 3.186941 
943836532895083 0.311428 9.253860 3.231021 
943836551804354 0.403111 9.240898 3.257866 
943836570713573 0.451358 9.244707 3.240685 
943836589622843 0.436429 9.264855 3.184710 
943836608532114 0.386846 9.288469 3.121712 
943836627441333 0.328581 9.315908 3.045697 
943836646350604 0.287624 9.345967 2.956445 
943836665259823 0.285375 9.362169 2.904949 
943836684169093 0.321017 9.359330 2.910375 
943836703078312 0.364361 9.343457 2.955916 
943836721987583 0.379506 9.329529 2.997712 
943836740896802 0.329365 9.335940 2.983642 
943836759806073 0.205426 9.362431 2.910852 
943836778715291 0.053403 9.387187 2.836946 
943836797624562 -0.060008 9.390595 2.825511 
943836816533781 -0.109086 9.367397 2.900060 
943836835443052 -0.097056 9.331799 3.013057 
943836854352271 -0.043938 9.319187 3.053067 
943836873261541 0.017780 9.345368 2.972232 
943836892170760 0.079027 9.389371 2.829108 
943836911080031 0.144621 9.419418 2.724706 
943836929989250 0.215615 9.422107 2.710680 
943836948898521 0.265773 9.404546 2.766634 
943836967807739 0.270166 9.382960 2.838568 
943836986717010 0.222794 9.376405 2.864226 
943837005626229 0.135870 9.390759 2.822336 
943837024535500 0.038765 9.413794 2.747615 
943837043444718 -0.019131 9.430864 2.688644 
943837062353989 -0.013671 9.437201 2.666353 
943837081263208 0.047372 9.435888 2.670610 
943837100172479 0.134132 9.425764 2.703217 
943837119081698 0.224364 9.408596 2.756514 
943837137990968 0.303185 9.392511 2.803426 
943837156900187 0.363531 9.382261 2.830445 
943837175809458 0.387820 9.386206 2.814093 
943837194718677 0.364773 9.410145 2.736148 
943837213627896 0.307195 9.442164 2.630885 
943837232537166 0.247942 9.463445 2.559711 
943837251446385 0.184900 9.466622 2.553282 
943837270355656 0.142625 9.457694 2.588835 
943837289264875 0.144910 9.444860 2.635146 
943837308174146 0.164497 9.436807 2.662707 
943837327083364 0.148193 9.445216 2.633691 
943837345992635 0.083459 9.480408 2.507050 
943837364901854 0.033867 9.520638 2.350893 
943837383811073 0.029538 9.536011 2.287795 
943837402720343 0.061425 9.516313 2.367785 
943837421629562 0.118323 9.483823 2.492686 
943837440538833 0.204689 9.468677 2.544139 
943837459448052 0.295464 9.475031 2.511350 
943837478357323 0.357386 9.481979 2.476842 
943837497266541 0.379807 9.472476 2.509649 
943837516175760 0.386580 9.443394 2.615963 
943837535085031 0.372870 9.409018 2.738933 
943837553994250 0.316289 9.391512 2.805327 
943837572903521 0.200590 9.407244 2.762954 
943837591812739 0.034069 9.449847 2.620991 
943837610721958 -0.160444 9.496045 2.443311 
943837629631229 -0.316942 9.531405 2.285222 
943837648540448 -0.404478 9.547592 2.202334 
943837667449718 -0.431307 9.542248 2.220332 
943837686358937 -0.413635 9.522543 2.306613 
943837705268156 -0.368721 9.497653 2.414338 
943837724177427 -0.321821 9.476843 2.501253 
943837743086646 -0.285558 9.467131 2.542101 
943837761995916 -0.262316 9.469041 2.537489 
943837780905135 -0.238126 9.471001 2.532552 
943837799814354 -0.196362 9.456981 2.587924 
943837818723625 -0.107274 9.418845 2.728413 
943837837632843 -0.015894 9.362461 2.917957 
943837856542114 0.039020 9.301642 3.106172 
943837875451333 0.049874 9.262357 3.221282 
943837894360552 -0.000914 9.261383 3.224465 
943837913269823 -0.070461 9.280668 3.167746 
943837932179041 -0.120422 9.293221 3.129208 
943837951088260 -0.103165 9.286245 3.150459 
943837969997531 -0.055919 9.276703 3.179630 
943837988906750 -0.008564 9.280763 3.168242 
943838007815968 0.022005 9.295132 3.125767 
943838026725239 0.053897 9.299310 3.112929 
943838045634458 0.110004 9.279568 3.169842 
943838064543677 0.166944 9.243788 3.270307 
943838083452948 0.189584 9.206651 3.372245 
943838102362166 0.149365 9.201705 3.387729 
943838121271385 0.028358 9.231471 3.309007 
943838140180656 -0.148787 9.284518 3.153727 
943838159089875 -0.321012 9.339854 2.972282 
943838177999093 -0.420482 9.375965 2.843391 
943838196908364 -0.433772 9.385354 2.810226 
943838215817583 -0.381456 9.371888 2.862270 
943838234726802 -0.290546 9.348819 2.947124 
943838253636073 -0.184639 9.327859 3.021148 
943838272545291 -0.118985 9.314777 3.064500 
943838291454510 -0.141661 9.321524 3.042947 
943838310363781 -0.211317 9.351710 2.944699 
943838329273000 -0.269692 9.391308 2.810872 
943838348182218 -0.282210 9.417049 2.722119 
943838367091437 -0.249365 9.415318 2.731297 
943838386000708 -0.197290 9.391622 2.815834 
943838404909927 -0.138275 9.360064 2.922410 
943838423819146 -0.101977 9.335975 2.999927 
943838442728416 -0.100236 9.334069 3.005909 
943838461637635 -0.112499 9.359623 2.924928 
943838480546854 -0.123570 9.409386 2.760179 
943838499456073 -0.116885 9.454880 2.600380 
943838518365343 -0.066497 9.463632 2.570144 
943838537274562 0.018205 9.428225 2.697895 
943838556183781 0.116102 9.370857 2.888588 
943838575093052 0.220736 9.333919 2.999937 
943838594002271 0.321265 9.330356 3.001941 
943838612911489 0.389520 9.337788 2.970584 
943838631820708 0.451894 9.325566 2.999999 
943838650729979 0.519377 9.280416 3.126423 
943838669639198 0.583768 9.215330 3.302619 
943838688548416 0.632641 9.164852 3.431564 
943838707457635 0.622450 9.159947 3.446493 
943838726366906 0.542220 9.195665 3.363944 
943838745276125 0.440516 9.240038 3.255462 
943838764185343 0.360530 9.264468 3.195313 
943838783094562 0.316560 9.253990 3.230145 
943838802003781 0.299788 9.213750 3.344746 
943838820913052 0.290328 9.166075 3.474069 
943838839822271 0.282314 9.132561 3.561884 
943838858731489 0.262573 9.125806 3.580660 
943838877640708 0.224550 9.140511 3.545566 
943838896549927 0.190718 9.159888 3.497207 
943838915459198 0.167080 9.161125 3.495176 
943838934368416 0.143450 9.132897 3.569313 
943838953277635 0.115491 9.087257 3.684945 
943838972186854 0.085137 9.039830 3.800607 
943838991096073 0.059909 8.996608 3.902288 
943839010005291 0.029097 8.974815 3.952496 
943839028914562 -0.035176 8.988066 3.922220 
943839047823781 -0.165124 9.023365 3.836926 
943839066733000 -0.259465 9.051394 3.765012 
943839085642218 -0.243489 9.044029 3.783733 
943839104551437 -0.135978 8.994445 3.905362 
943839123460656 0.032190 8.937634 4.035846 
943839142369927 0.132382 8.927502 4.056178 
943839161279146 0.130975 8.969378 3.962763 
943839180188364 0.109669 9.037800 3.804804 
943839199097583 0.109395 9.086317 3.687448 
943839218006802 0.099832 9.075183 3.715033 
943839236916021 0.082748 9.013197 3.863396 
943839255825239 0.051974 8.948288 4.011961 
943839274734458 0.033804 8.924801 4.064133 
943839293643677 0.020663 8.957119 3.992489 
943839312552896 0.013148 9.022609 3.842233 
943839331462114 0.008963 9.088597 3.683435 
943839350371333 -0.008965 9.127070 3.587045 
943839369280604 -0.073341 9.130560 3.577414 
943839388189823 -0.181990 9.114736 3.613707 
943839407099041 -0.295329 9.105720 3.628916 
943839426008260 -0.357519 9.122597 3.580613 
943839444917479 -0.359594 9.157842 3.489274 
943839463826698 -0.346322 9.192381 3.398615 
943839482735916 -0.370973 9.217813 3.326362 
943839501645135 -0.443353 9.237657 3.261828 
943839520554354 -0.541251 9.255744 3.195096 
943839539463573 -0.593321 9.270964 3.141273 
943839558372791 -0.556321 9.284207 3.108759 
943839577282010 -0.472770 9.301109 3.071848 
943839596191229 -0.416224 9.332182 2.984547 
943839615100448 -0.424552 9.367193 2.871558 
943839634009666 -0.497665 9.395240 2.766256 
943839652918885 -0.599833 9.409687 2.695992 
943839671828104 -0.691864 9.413471 2.660504 
943839690737323 -0.747994 9.413638 2.644674 
943839709646541 -0.778600 9.411911 2.641986 
943839728555760 -0.794819 9.405654 2.659385 
943839747464979 -0.764588 9.390897 2.719713 
943839766374198 -0.676664 9.357808 2.853757 
943839785283416 -0.552883 9.305873 3.043918 
943839804192635 -0.436537 9.244313 3.243841 
943839823101854 -0.374992 9.196370 3.384754 
943839842011073 -0.398139 9.184420 3.414426 
943839860920239 -0.492019 9.211642 3.327755 
943839879829458 -0.604663 9.258760 3.174922 
943839898738677 -0.691778 9.303529 3.022613 
943839917647896 -0.726816 9.329440 2.933204 
943839936557114 -0.709744 9.333537 2.924335 
943839955466333 -0.668037 9.328584 2.949854 
943839974375552 -0.620990 9.330717 2.953382 
943839993284771 -0.595195 9.348316 2.902604 
943840012193989 -0.606939 9.377739 2.803572 
943840031103208 -0.633097 9.406474 2.699594 
943840050012427 -0.638101 9.421396 2.645847 
943840068921593 -0.605639 9.410254 2.692712 
943840087830812 -0.556247 9.375951 2.820023 
943840106740031 -0.513974 9.338400 2.949662 
943840125649250 -0.504359 9.321180 3.005262 
943840144558468 -0.556540 9.332743 2.959827 
943840163467687 -0.638962 9.347408 2.896216 
943840182376906 -0.704684 9.342264 2.897570 
943840201286125 -0.733520 9.318146 2.967237 
943840220195291 -0.763159 9.290404 3.045713 
943840239104510 -0.796461 9.274559 3.085222 
943840258013729 -0.835253 9.270761 3.086381 
943840276922948 -0.856575 9.263350 3.102743 
943840295832166 -0.851763 9.232903 3.193493 
943840314741333 -0.836559 9.186455 3.328601 
943840333650552 -0.823500 9.148515 3.434663 
943840352559771 -0.798311 9.130280 3.488707 
943840371468989 -0.757835 9.130351 3.497537 
943840390378208 -0.728017 9.142876 3.471053 
943840409287427 -0.725470 9.161186 3.422975 
943840428196593 -0.744474 9.178556 3.371981 
943840447105812 -0.754953 9.190925 3.335769 
943840466015031 -0.733824 9.199699 3.316234 
943840484924250 -0.678821 9.206111 3.310152 
943840503833416 -0.612318 9.214053 3.301013 
943840522742635 -0.540300 9.228683 3.272594 
943840541651854 -0.452274 9.254647 3.212063 
943840560561073 -0.361216 9.287883 3.126525 
943840579470291 -0.297638 9.319025 3.039337 
943840598379458 -0.263096 9.337012 2.986867 
943840617288677 -0.247868 9.335198 2.993833 
943840636197896 -0.238478 9.316021 3.053731 
943840655107114 -0.232631 9.285608 3.145434 
943840674016281 -0.223822 9.256190 3.231597 
943840692925500 -0.233675 9.246787 3.257716 
943840711834718 -0.264243 9.250826 3.243884 
943840730743885 -0.316901 9.246531 3.251405 
943840749653104 -0.385888 9.228781 3.294096 
943840768562323 -0.461146 9.212405 3.330063 
943840787471489 -0.502693 9.216198 3.313514 
943840806380708 -0.510551 9.237049 3.253715 
943840825289927 -0.511489 9.252502 3.209355 
943840844199093 -0.514789 9.250411 3.214853 
943840863108312 -0.501515 9.231212 3.271635 
943840882017531 -0.451756 9.199440 3.366988 
943840900926698 -0.404300 9.167649 3.458486 
943840919835916 -0.419853 9.151763 3.498478 
943840938745135 -0.523788 9.163165 3.454334 
943840957654302 -0.680400 9.195099 3.340297 
943840976563521 -0.827611 9.233195 3.198990 
943840995472739 -0.903695 9.266976 3.078453 
943841014381906 -0.902104 9.286757 3.018734 
943841033291125 -0.850344 9.292131 3.017217 
943841052200343 -0.789563 9.293708 3.028860 
943841071109510 -0.767422 9.306145 2.996185 
943841090018729 -0.798071 9.334906 2.897070 
943841108927896 -0.842310 9.369177 2.771176 
943841127837114 -0.858262 9.394814 2.677919 
943841146746333 -0.832252 9.403702 2.654831 
943841165655500 -0.779449 9.397265 2.693369 
943841184564718 -0.717421 9.387184 2.745263 
943841203473885 -0.665286 9.391376 2.744056 
943841222383104 -0.617585 9.404093 2.711459 
943841241292271 -0.575887 9.405311 2.716408 
943841260201489 -0.554442 9.382534 2.798401 
943841279110708 -0.554165 9.341955 2.931068 
943841298019875 -0.581609 9.294267 3.073879 
943841316929093 -0.637798 9.251864 3.188513 
943841335838260 -0.699471 9.222893 3.258737 
943841354747479 -0.743726 9.209103 3.287807 
943841373656646 -0.772651 9.210986 3.275839 
943841392565864 -0.773466 9.217242 3.258003 
943841411475031 -0.721944 9.219034 3.264749 
943841430384250 -0.614336 9.211582 3.307526 
943841449293416 -0.461155 9.194405 3.379445 
943841468202635 -0.301087 9.172218 3.456897 
943841487111802 -0.176786 9.154387 3.512312 
943841506021021 -0.125359 9.151157 3.522924 
943841524930187 -0.146270 9.166035 3.483214 
943841543839406 -0.180628 9.188936 3.420703 
943841562748573 -0.174162 9.207777 3.370000 
943841581657791 -0.128726 9.211666 3.361403 
943841600566958 -0.072476 9.199052 3.397438 
943841619476177 -0.027443 9.182829 3.441699 
943841638385343 -0.022517 9.186614 3.431618 
943841657294562 -0.071671 9.221080 3.337207 
943841676203729 -0.137232 9.272290 3.190015 
943841695112948 -0.177642 9.316964 3.054996 
943841714022114 -0.165888 9.336268 2.996157 
943841732931333 -0.103770 9.322523 3.041412 
943841751840500 -0.017222 9.293546 3.130512 
943841770749666 0.055257 9.270314 3.198221 
943841789658885 0.085929 9.250107 3.255540 
943841808568052 0.050584 9.232497 3.305878 
943841827477218 -0.014119 9.221108 3.337865 
943841846386437 -0.052448 9.222646 3.333234 
943841865295604 -0.029386 9.230776 3.310933 
943841884204823 0.043599 9.226694 3.322139 
943841903113989 0.132431 9.199060 3.395607 
943841922023208 0.206254 9.152123 3.516602 
943841940932375 0.238606 9.102019 3.642348 
943841959841541 0.223868 9.068557 3.725795 
943841978750760 0.155565 9.063287 3.742063 
943841997659927 0.049794 9.085939 3.689663 
943842016569146 -0.070062 9.127133 3.586211 
943842035478312 -0.185801 9.173025 3.462872 
943842054387479 -0.283972 9.209551 3.357664 
943842073296698 -0.335522 9.224783 3.310768 
943842092205864 -0.322695 9.221117 3.322236 
943842111115031 -0.267492 9.212630 3.350567 
943842130024250 -0.216822 9.214231 3.349824 
943842148933416 -0.200683 9.235471 3.291840 
943842167842583 -0.234185 9.277015 3.170575 
943842186751802 -0.316615 9.326258 3.015137 
943842205660968 -0.394841 9.364895 2.883266 
943842224570135 -0.420994 9.376922 2.840154 
943842243479302 -0.394692 9.356560 2.910220 
943842262388521 -0.347729 9.316793 3.040860 
943842281297687 -0.313956 9.284233 3.142423 
943842300206854 -0.357641 9.286414 3.131293 
943842319116073 -0.481981 9.331768 2.975936 
943842338025239 -0.582509 9.386250 2.780179 
943842356934406 -0.595213 9.416248 2.674022 
943842375843573 -0.505079 9.410113 2.713862 
943842394752791 -0.374486 9.381613 2.831161 
943842413661958 -0.251020 9.355064 2.930893 
943842432571125 -0.167769 9.337076 2.993536 
943842451480343 -0.145708 9.315975 3.059698 
943842470389510 -0.175016 9.280725 3.163528 
943842489298677 -0.223474 9.237711 3.284074 
943842508207843 -0.256521 9.206455 3.368348 
943842527117010 -0.253839 9.199142 3.388470 
943842546026229 -0.221576 9.209807 3.361658 
943842564935396 -0.180510 9.224653 3.323187 
943842583844562 -0.134958 9.233850 3.299727 
943842602753729 -0.079187 9.232853 3.304322 
943842621662948 -0.013522 9.221479 3.336845 
943842640572114 0.066223 9.207788 3.373816 
943842659481281 0.143432 9.198501 3.396674 
943842678390448 0.192590 9.193431 3.407950 
943842697299666 0.185830 9.198595 3.394362 
943842716208833 0.144434 9.209569 3.366508 
943842735118000 0.089015 9.220997 3.337018 
943842754027166 0.055711 9.227321 3.320215 
943842772936333 0.076379 9.206573 3.376918 
943842791845500 0.152417 9.145102 3.537550 
943842810754718 0.254912 9.047258 3.775250 
943842829663885 0.349417 8.945525 4.003234 
943842848573052 0.400219 8.918715 4.057923 
943842867482218 0.401794 8.978582 3.923521 
943842886391385 0.409812 9.039881 3.779285 
943842905300552 0.489521 9.027117 3.800251 
943842924209718 0.618068 8.943646 3.974869 
943842943118885 0.751972 8.837156 4.184448 
943842962028104 0.877769 8.760433 4.319111 
943842980937271 0.976578 8.738612 4.342042 
943842999846437 1.042517 8.756270 4.290834 
943843018755604 1.100955 8.788572 4.209427 
943843037664771 1.162076 8.820189 4.126041 
943843056573937 1.183899 8.838984 4.079355 
943843075483104 1.129352 8.856771 4.056176 
943843094392271 1.001002 8.871669 4.057324 
943843113301437 0.844863 8.874497 4.086551 
943843132210604 0.688562 8.869815 4.125852 
943843151119823 0.529516 8.866910 4.155465 
943843170028989 0.395698 8.868258 4.167470 
943843188938156 0.335241 8.866129 4.177290 
943843207847323 0.340380 8.856684 4.196867 
943843226756489 0.392381 8.843102 4.220895 
943843245665656 0.450753 8.827368 4.247918 
943843264574823 0.475331 8.809707 4.281764 
943843283483989 0.465502 8.786904 4.329435 
943843302393156 0.415718 8.757890 4.392827 
943843321302323 0.322571 8.727306 4.460992 
943843340211489 0.217944 8.703101 4.514302 
943843359120656 0.156668 8.702099 4.518775 
943843378029823 0.159342 8.737448 4.449946 
